0.961477 0.204875 -0.0835908 1.72853 
1.0001 0.247487 0.0347315 1.81719 
1.01502 0.225482 -0.0168287 1.85314 
0.987759 0.248855 0.118059 1.80559 
0.990012 0.247765 0.106265 1.80804 
0.985686 0.261605 0.109104 1.80028 
0.987337 0.252485 0.111564 1.80336 
1.01211 0.219627 0.0382089 1.84222 
0.999612 0.248461 0.0355888 1.81629 
1.01634 0.216883 0.0272404 1.8611 
0.967983 0.297471 0.0997643 1.76986 
0.972759 0.296267 0.0976721 1.7784 
0.967148 0.303275 0.0888007 1.76682 
0.96888 0.299624 0.0955391 1.77089 
1.01244 0.230542 -0.0112944 1.84732 
1.00852 0.0934831 0.0694063 1.82891 
1.00926 0.0913761 0.0668776 1.83038 
1.01006 0.0948742 0.0666496 1.83265 
1.00945 0.0928232 0.0679181 1.83106 
1.00324 0.244637 0.0262995 1.8246 
1.02764 0.13517 0.0525093 1.87762 
1.02307 0.148884 0.0752551 1.87058 
1.02878 0.121863 0.0637936 1.88234 
1.02632 0.133845 0.0640617 1.87615 
1.00221 0.24733 0.0252537 1.82346 
0.993416 0.259217 0.0319183 1.80462 
1.0278 0.170979 -0.0567882 1.8799 
1.0007 0.24754 0.0301685 1.81954 
1.0128 0.205958 0.040857 1.84418 
1.02159 0.18945 -0.0245425 1.86352 
1.01519 0.224885 -0.020707 1.85412 
1.02817 0.166369 -0.048648 1.87945 
0.960474 0.263194 0.129341 1.75155 
0.964961 0.241366 0.140913 1.76053 
0.968898 0.254865 0.13419 1.77054 
0.965983 0.252525 0.135818 1.76404 
1.00805 0.136461 0.0565457 1.8293 
1.01115 0.145712 0.0548002 1.83749 
1.00488 0.236074 0.0270619 1.8266 
1.0001 0.247689 0.0346826 1.81726 
1.02632 0.172044 -0.0522583 1.87582 
0.990092 0.252228 0.0133618 1.79546 
0.929917 0.293707 0.120413 1.69429 
0.938713 0.268714 0.157118 1.71486 
0.953461 0.282064 0.12645 1.74628 
0.943877 0.283586 0.135147 1.72716 
1.00009 0.247476 0.034771 1.81717 
1.00129 0.245123 0.0330169 1.81956 
0.992377 0.259089 0.0253781 1.80222 
1.01465 0.201528 0.0411745 1.84857 
1.01145 0.073419 0.0701127 1.83737 
1.01239 0.0794251 0.0662132 1.83888 
1.01114 0.0803162 0.0720367 1.83679 
1.01217 0.0778296 0.0696648 1.83898 
0.969799 0.235469 -0.0572857 1.75087 
1.01391 0.209702 0.0318034 1.84604 
1.02033 0.18085 0.0159169 1.85872 
1.01982 0.180965 0.0215248 1.85815 
1.02111 0.178079 0.0164985 1.86014 
1.02028 0.180069 0.0178508 1.85864 
1.01094 0.112149 0.0591439 1.83532 
1.01192 0.108515 0.0555536 1.83718 
1.01155 0.120503 0.0561171 1.8371 
1.01125 0.113549 0.0570745 1.83597 
0.963793 0.286512 -0.0275424 1.75182 
0.958747 0.28301 -0.0516112 1.74004 
0.957236 0.295259 -0.0375289 1.74125 
0.958947 0.289467 -0.0385484 1.74229 
1.02407 0.222466 -0.0689753 1.88439 
1.01258 0.219132 0.0107658 1.8436 
1.00196 0.123859 0.0772594 1.81607 
1.01226 0.2114 0.0382758 1.84705 
1.00156 0.243995 0.0328248 1.81997 
0.997834 0.25197 0.038795 1.81317 
0.969029 0.206449 -0.0651934 1.74467 
1.01383 0.200843 0.00977492 1.84688 
1.01119 0.222387 0.0172723 1.84021 
0.99488 0.257085 0.0537442 1.80898 
1.01915 0.114667 -0.0181815 1.85725 
1.0176 0.126708 -0.00565561 1.85334 
1.0188 0.108296 -0.0076698 1.85568 
1.0178 0.116262 -0.0110652 1.85362 
1.01494 0.199822 0.00972096 1.84798 
0.998676 0.245404 0.0313392 1.81394 
1.01411 0.198879 0.010936 1.84745 
1.01702 0.194934 0.00797072 1.85206 
1.02932 0.161516 -0.0519695 1.88234 
0.981231 0.28251 0.0813035 1.78828 
1.00016 0.247637 0.0338033 1.81753 
1.01563 0.16171 -0.00745928 1.85025 
1.02028 0.155694 -0.0126669 1.86177 
0.999332 0.24682 0.0331286 1.81541 
1.00082 0.245625 0.0339994 1.81854 
1.02049 0.182741 0.0166915 1.85981 
1.02131 0.1902 0.0193791 1.86453 
1.0186 0.185099 0.0225764 1.85634 
1.01953 0.185681 0.018639 1.85859 
1.02133 0.123464 -0.0185474 1.86321 
1.01892 0.139541 -0.0150021 1.85767 
1.01647 0.133602 -0.00846833 1.85094 
1.01774 0.132219 -0.0154714 1.85436 
1.00132 0.24687 0.0252647 1.82167 
1.01383 0.20046 0.00817958 1.84705 
1.00004 0.247645 0.0344302 1.8172 
1.01388 0.224674 -0.00721501 1.84916 
1.02462 0.183628 -0.0286033 1.87057 
1.00012 0.247668 0.0346434 1.8173 
0.983716 0.278816 0.043239 1.78839 
0.976707 0.256214 -0.0220195 1.76704 
1.00588 0.211409 0.0504702 1.83264 
1.00478 0.235135 0.0469117 1.82697 
1.01843 0.18812 0.00463549 1.85434 
1.00795 0.240335 0.0105811 1.83633 
0.999791 0.247747 0.0345293 1.8165 
1.00872 0.202811 0.0504087 1.83606 
1.00317 0.172902 0.0899181 1.83012 
1.00699 0.162076 0.0678515 1.83605 
1.00356 0.18905 0.0698844 1.83005 
1.00425 0.173857 0.0761106 1.8311 
0.982197 0.212125 -0.0296718 1.7738 
0.9835 0.219715 -0.0310994 1.77727 
0.982994 0.227012 -0.0198155 1.7773 
0.987599 0.218145 -0.0118883 1.78753 
0.984636 0.220618 -0.0205352 1.78028 
1.0006 0.21154 0.0610258 1.82218 
0.99303 0.254521 0.0207062 1.80272 
0.963209 0.275907 -0.048604 1.7471 
0.966436 0.279456 -0.026563 1.75473 
0.968785 0.267653 -0.0341574 1.75543 
0.96722 0.275153 -0.0355823 1.75517 
0.991584 0.246074 0.0098581 1.79812 
0.999878 0.24736 0.0344494 1.81676 
0.980317 0.281593 0.0993023 1.7901 
0.981011 0.27629 0.101631 1.79031 
1.01336 0.219666 -0.000140225 1.84635 
1.01091 0.1565 0.0547244 1.83771 
1.00074 0.246191 0.0339062 1.81846 
1.04288 0.0806911 -0.0432352 1.91672 
1.03888 0.0950409 -0.0507443 1.90635 
1.03398 0.093577 -0.0373842 1.89303 
1.03734 0.0891312 -0.0464603 1.90227 
0.948796 0.179645 -0.112074 1.69716 
1.02307 0.173836 -0.00397566 1.864 
1.02436 0.1675 -0.00336501 1.86648 
1.02456 0.171444 -0.00980723 1.86763 
1.02403 0.170765 -0.00558672 1.86607 
0.991104 0.238276 0.106496 1.80941 
0.989861 0.238002 0.119545 1.80953 
0.993396 0.223575 0.113158 1.81468 
0.992434 0.233331 0.113273 1.81354 
1.01572 0.22801 -0.0377519 1.85905 
1.01473 0.201718 0.00887275 1.84772 
1.01805 0.203802 -0.0201347 1.85671 
0.994798 0.251369 0.0241716 1.80602 
0.973021 0.254759 -0.0324557 1.75972 
0.999624 0.248233 0.0344999 1.81623 
1.02079 0.181847 0.00516339 1.85928 
1.02011 0.181328 0.00359534 1.85747 
1.02046 0.181135 0.00844757 1.85835 
1.01879 0.183885 0.00843501 1.85457 
1.02012 0.180895 0.0104972 1.85748 
1.02027 0.181594 0.00910232 1.85793 
0.957668 0.310565 0.0650499 1.74348 
1.01108 0.231873 0.00154335 1.84289 
1.01724 0.128478 0.00176814 1.85207 
1.01708 0.122384 0.0122515 1.85077 
1.01836 0.110029 0.000238595 1.8542 
1.01819 0.120535 0.00492766 1.85391 
0.974468 0.193992 -0.0187868 1.75116 
0.979433 0.213917 -0.0304721 1.7664 
0.988777 0.209202 -0.00994503 1.78911 
0.984378 0.205419 -0.0245989 1.77742 
1.01242 0.229278 -0.0218193 1.84888 
1.0103 0.190203 0.0486673 1.83803 
0.978554 0.221015 -0.0381062 1.76682 
0.979813 0.236325 -0.0231596 1.7712 
0.978124 0.238673 -0.0298233 1.76746 
0.97759 0.245154 -0.0253146 1.76753 
0.97812 0.239683 -0.0261738 1.76767 
0.941728 0.131388 -0.0507137 1.67011 
0.979969 0.246763 0.00185656 1.77604 
0.983538 0.244959 0.0236971 1.78622 
0.98683 0.229666 0.00867844 1.78918 
0.98212 0.240151 0.0123189 1.78042 
1.01263 0.083423 0.0622111 1.83864 
1.01228 0.0864166 0.0601943 1.83744 
1.01231 0.0850326 0.0619987 1.83771 
1.01266 0.0847756 0.061496 1.83856 
0.972322 0.253266 -0.0405764 1.75891 
1.02604 0.0819487 -0.0225722 1.87399 
1.02274 0.104748 -0.0210933 1.86619 
1.01949 0.0964649 -0.0128541 1.85728 
1.02098 0.0942441 -0.0205591 1.8613 
1.01088 0.226204 0.0701478 1.84368 
0.970873 0.209901 0.152055 1.77166 
0.981777 0.164921 0.158392 1.79292 
0.978284 0.198887 0.149436 1.78695 
0.976263 0.19103 0.15508 1.78238 
1.00046 0.247695 0.0327204 1.81837 
0.963541 0.172143 -0.0728674 1.7277 
1.0178 0.193168 0.000117628 1.85352 
0.999776 0.240956 0.014775 1.81901 
0.996075 0.210623 -0.024911 1.81366 
0.972576 0.258823 -0.0302328 1.75846 
1.00395 0.243698 0.0238338 1.82624 
1.01288 0.213435 0.0187283 1.84374 
0.999307 0.248932 0.034407 1.81566 
1.05297 0.0400635 -0.0101751 1.94466 
1.04642 0.0627795 -0.0308796 1.92636 
1.03845 0.0617775 -0.00840632 1.90574 
1.04294 0.0529399 -0.0201602 1.91772 
1.00024 0.232896 0.0640723 1.82988 
0.982188 0.267464 0.00245095 1.78139 
0.982856 0.272192 0.093455 1.79392 
0.984586 0.265038 0.0857084 1.79583 
0.98199 0.272067 0.084448 1.79132 
0.982269 0.26999 0.0874673 1.79156 
1.0175 0.152312 0.0158884 1.85307 
1.01781 0.133807 0.015953 1.85289 
1.01773 0.138513 0.00616741 1.85353 
1.01685 0.141063 0.0125226 1.85103 
1.01256 0.109612 0.0534114 1.83866 
1.01295 0.118725 0.0498772 1.83989 
1.01177 0.122008 0.0539477 1.83747 
1.01294 0.117093 0.0522891 1.83997 
0.99621 0.240166 0.0237547 1.80791 
0.96922 0.255419 -0.0369461 1.74988 
1.00163 0.243674 0.033907 1.8201 
0.969854 0.303638 0.0683124 1.76848 
1.0002 0.247608 0.0344832 1.81748 
1.00015 0.24742 0.0347107 1.81729 
0.999943 0.247492 0.0344166 1.81696 
1.00076 0.247733 0.0316795 1.81937 
0.993013 0.236028 0.0926908 1.8116 
0.996806 0.221338 0.0880118 1.81841 
0.993502 0.232464 0.0778617 1.81077 
0.993037 0.229662 0.0859013 1.80995 
1.01748 0.212383 0.0429205 1.85615 
1.01652 0.146957 -0.0123954 1.85174 
1.01688 0.156843 -0.00214046 1.85288 
1.01656 0.142475 -0.00345978 1.85136 
1.01562 0.148117 -0.00585521 1.84934 
1.00057 0.11292 0.0822183 1.81224 
1.00007 0.247459 0.0352067 1.81712 
1.02192 0.0712061 -0.0189636 1.86317 
1.01964 0.0878404 -0.00763227 1.85724 
1.0196 0.0671265 -0.00385363 1.85686 
1.02054 0.074437 -0.0111958 1.85948 
1.0146 0.205517 0.00672674 1.84771 
1.00062 0.246115 0.0350438 1.81816 
1.03027 0.131441 -0.0304405 1.8813 
1.02934 0.137862 -0.0360239 1.87951 
1.02912 0.140492 -0.0277309 1.87816 
1.02975 0.136582 -0.0317302 1.8801 
1.03045 0.135673 -0.0586155 1.885 
1.02972 0.140509 -0.0586665 1.88309 
1.02889 0.139143 -0.0556559 1.88076 
1.02939 0.138281 -0.0582418 1.88224 
1.00509 0.23882 0.026984 1.82771 
0.999783 0.247693 0.0344293 1.81648 
0.999404 0.248613 0.0343043 1.81581 
0.984739 0.26285 0.0886412 1.79576 
0.982827 0.26992 0.0950251 1.79312 
0.98559 0.263433 0.0948851 1.79816 
0.985267 0.265121 0.0927443 1.79775 
0.980529 0.186426 -0.0282556 1.7683 
0.983505 0.280506 0.0351458 1.78833 
0.964686 0.160436 -0.0716517 1.72937 
1.02419 0.168004 0.00026852 1.86604 
1.02298 0.17372 -0.000942249 1.8637 
1.02315 0.171649 0.00449729 1.86385 
1.02331 0.170937 0.00126346 1.86416 
1.03154 0.111001 0.0251419 1.88512 
1.02902 0.126173 0.0413346 1.87964 
1.03059 0.111071 0.047727 1.88498 
1.03093 0.116235 0.0383592 1.88447 
1.01336 0.200747 0.0109536 1.84559 
1.00028 0.247207 0.034549 1.81756 
1.02995 0.154954 -0.0578284 1.88397 
1.02037 0.177965 0.0241611 1.85922 
1.02238 0.170682 0.021194 1.86277 
1.02148 0.175935 0.0172659 1.86082 
1.02147 0.174757 0.0209219 1.86102 
0.978584 0.260208 -0.0170026 1.77215 
1.01618 0.163221 0.0311726 1.84992 
1.01401 0.164873 0.0256029 1.84453 
1.01244 0.087044 0.0603998 1.83781 
1.01209 0.0864682 0.0611666 1.8369 
1.01234 0.0855131 0.0615634 1.83769 
1.01203 0.0862827 0.0610275 1.8368 
0.999245 0.244393 0.027025 1.81636 
1.00619 0.159271 0.0666812 1.82784 
0.985528 0.263722 0.100467 1.79672 
1.0123 0.225353 -0.00243322 1.8449 
0.998814 0.204793 0.0882823 1.82159 
1.00019 0.184837 0.0937703 1.82416 
1.00008 0.196295 0.0763534 1.82254 
0.999695 0.196002 0.0853562 1.82266 
0.998736 0.117499 0.119259 1.81932 
1.00276 0.0882294 0.113466 1.82589 
1.00256 0.109912 0.107023 1.82535 
1.0017 0.105425 0.113861 1.82445 
1.00751 0.229297 0.0294564 1.83186 
1.00066 0.246432 0.0334551 1.81833 
1.0202 0.201103 -0.0325614 1.86272 
0.954533 0.22488 0.193757 1.75052 
0.981494 0.158552 0.212478 1.80907 
0.978775 0.196033 0.188583 1.80077 
0.973371 0.194218 0.203068 1.79246 
1.0296 0.136211 -0.0146384 1.87841 
1.03012 0.130726 -0.0246996 1.88047 
1.02922 0.140227 -0.0229393 1.878 
1.02967 0.1358 -0.0203918 1.87896 
1.00001 0.247622 0.0346905 1.81707 
0.984721 0.27643 0.0847684 1.79515 
1.01786 0.194453 -0.00338664 1.85387 
0.978293 0.246147 -0.0130669 1.77035 
0.978919 0.23773 -0.0185186 1.76948 
0.977111 0.246394 -0.0229065 1.76675 
0.978093 0.24306 -0.0180053 1.76868 
1.0135 0.199864 0.0326108 1.84478 
0.993222 0.261344 0.037001 1.80496 
1.01559 0.171905 0.0241061 1.84878 
1.01314 0.213804 0.0404731 1.84573 
0.96815 0.303148 0.0845102 1.76738 
0.971838 0.298721 0.0896212 1.77473 
1.0138 0.219193 0.00363111 1.84709 
1.02188 0.174669 0.0146171 1.8614 
1.02267 0.169489 0.0170715 1.86296 
1.0226 0.172136 0.0108687 1.86268 
1.02238 0.172264 0.0141976 1.86234 
1.02655 0.118256 0.0762715 1.87889 
1.01884 0.150244 0.0883393 1.86272 
1.01826 0.134945 0.106189 1.8646 
1.02198 0.135583 0.0922446 1.87071 
1.01312 0.078191 0.063532 1.84037 
1.01309 0.0706462 0.0659043 1.84103 
1.01391 0.0741753 0.0585867 1.84207 
1.01322 0.0743885 0.0626077 1.84071 
1.01483 0.206291 0.00814126 1.84848 
1.01282 0.219714 0.0500671 1.84508 
1.00001 0.247627 0.0362245 1.81708 
1.00385 0.0820426 0.106675 1.82652 
1.00635 0.0860561 0.0950406 1.83011 
1.00369 0.10133 0.102267 1.82625 
1.00525 0.0898983 0.101567 1.82918 
0.976232 0.256816 -0.0251412 1.76639 
1.01039 0.237311 -0.015487 1.84614 
1.01931 0.184635 0.00988145 1.85603 
1.01962 0.182412 0.0126272 1.85646 
1.02039 0.181362 0.0113332 1.85824 
1.01971 0.18255 0.0113864 1.8567 
1.02805 0.16569 -0.0425096 1.87835 
1.02517 0.168453 -0.0114672 1.86892 
1.02519 0.164211 -0.00456311 1.86827 
1.02624 0.159581 -0.00981603 1.87068 
1.02518 0.163857 -0.00840901 1.86835 
1.01774 0.0956173 0.0224492 1.85123 
1.01753 0.113948 0.0218452 1.85116 
1.01656 0.104341 0.030951 1.84817 
1.01682 0.104056 0.0253755 1.84895 
0.98636 0.271889 0.0921809 1.799 
1.0102 0.0944262 0.0649927 1.83282 
1.01022 0.0904736 0.0656801 1.83261 
1.01101 0.0911805 0.0633912 1.83449 
1.01065 0.0919219 0.0646346 1.83373 
0.999268 0.248404 0.0423975 1.81594 
0.999809 0.247619 0.034439 1.81653 
0.999439 0.246983 0.0334399 1.81565 
1.02006 0.181132 0.0127809 1.85742 
1.02071 0.180278 0.0136015 1.85913 
1.02053 0.180432 0.0123757 1.85852 
1.02045 0.180506 0.0129363 1.85836 
1.02517 0.188146 -0.0709953 1.87706 
1.00195 0.166143 0.077068 1.82018 
1.00261 0.125082 0.0829565 1.8187 
1.017 0.113785 0.0157488 1.85009 
1.01771 0.0944747 0.016291 1.8514 
1.01856 0.101555 0.00435254 1.85423 
1.018 0.103081 0.0114993 1.85249 
1.02663 0.178265 -0.0506809 1.87722 
1.00049 0.245649 0.0375394 1.81786 
1.00027 0.247336 0.0343405 1.81757 
0.981239 0.187513 0.147403 1.79175 
0.97767 0.150644 0.155741 1.78022 
0.984449 0.1591 0.147542 1.79566 
0.982779 0.165853 0.150146 1.79338 
1.00011 0.2477 0.0346481 1.81729 
0.999985 0.247571 0.0358983 1.81698 
1.00003 0.247526 0.0351069 1.81705 
1.01396 0.200571 0.0110169 1.84596 
1.02227 0.196358 -0.0712439 1.8714 
1.01326 0.0647367 0.0631807 1.84153 
1.01522 0.0586973 0.0500064 1.8458 
1.01437 0.0703893 0.0554102 1.84322 
1.01425 0.0644982 0.0567599 1.84341 
0.929462 0.311977 0.012182 1.68713 
0.928108 0.312563 0.0322499 1.68551 
0.940538 0.314693 0.0213601 1.71413 
0.934173 0.312778 0.0205871 1.69913 
0.999753 0.246285 0.0308784 1.81716 
1.00966 0.237795 -0.00461624 1.84177 
1.01541 0.185181 0.00140852 1.85082 
1.01636 0.197459 0.00776556 1.85088 
1.00459 0.240802 0.0235435 1.82706 
1.00017 0.247461 0.0346511 1.81735 
1.01455 0.20294 0.0095458 1.84763 
0.96258 0.179815 -0.0901753 1.72827 
1.0079 0.162203 0.0605587 1.83131 
0.977997 0.254264 0.0250438 1.77554 
0.975751 0.254342 0.00390047 1.76827 
0.973247 0.267148 0.0157972 1.76759 
0.978182 0.259091 0.0158057 1.77674 
0.999071 0.249631 0.0354654 1.81531 
1.01211 0.174363 0.0399371 1.84042 
0.939718 0.270376 -0.0936565 1.69615 
1.02645 0.179354 -0.0666068 1.8785 
0.998727 0.250066 0.0401043 1.81487 
0.97118 0.178448 0.113593 1.75434 
1.00005 0.247661 0.0347288 1.81715 
1.01423 0.206032 0.00465018 1.84665 
1.02427 0.163029 0.0252394 1.86708 
1.02377 0.16266 0.0379917 1.86727 
1.02606 0.154355 0.0283548 1.87118 
1.02438 0.159653 0.0300071 1.86752 
1.01828 0.189965 0.00662901 1.85431 
1.00836 0.0948847 0.0709668 1.82878 
1.0093 0.0973081 0.067395 1.83103 
1.0076 0.100181 0.0710174 1.82735 
1.00874 0.0972238 0.0696192 1.82983 
0.981273 0.197834 -0.0206809 1.77034 
1.00425 0.123935 0.0835347 1.82652 
1.00372 0.115931 0.0942759 1.82609 
1.00482 0.108813 0.0884264 1.82662 
1.00486 0.115697 0.0889531 1.82784 
1.00436 0.235719 0.041226 1.82559 
1.01359 0.183495 0.0378679 1.84448 
0.99982 0.247682 0.0346042 1.81655 
0.999574 0.246725 0.0335456 1.81611 
1.02799 0.155275 -0.0524644 1.87858 
0.999996 0.247558 0.0353102 1.81697 
0.998826 0.245778 0.032248 1.81423 
1.00017 0.247626 0.03321 1.8177 
1.00384 0.127671 0.0964874 1.82829 
1.00769 0.141517 0.0806466 1.8371 
1.00314 0.15787 0.0956076 1.82961 
1.00394 0.143578 0.0910037 1.82942 
1.00006 0.247672 0.034551 1.81721 
1.01051 0.231264 -0.0428354 1.84967 
1.01394 0.216244 0.00943311 1.84683 
1.01035 0.196194 0.0627381 1.84332 
1.01705 0.175016 0.0748549 1.85816 
1.01936 0.17309 0.0547386 1.86011 
1.01583 0.180877 0.0660612 1.85442 
1.00935 0.0800126 0.0828072 1.83456 
1.01112 0.0726012 0.0747457 1.83742 
1.01087 0.0808121 0.0757023 1.83685 
1.01015 0.077684 0.0777548 1.83547 
0.999741 0.247968 0.0344994 1.81644 
1.00022 0.247384 0.0346063 1.81746 
1.00067 0.247643 0.0319436 1.81894 
1.00068 0.247316 0.0328152 1.8187 
1.01388 0.20328 0.0180881 1.84608 
1.00777 0.233095 -0.0286218 1.84292 
1.01232 0.221777 0.00969009 1.84331 
0.997521 0.242395 0.028169 1.81125 
1.01127 0.22506 0.0164755 1.84078 
0.99935 0.246539 0.0331358 1.81549 
0.987464 0.211938 -0.00392709 1.78659 
1.01055 0.226761 0.0247484 1.83898 
0.97433 0.260409 -0.0260275 1.76279 
1.03987 0.0731114 -0.0360252 1.90894 
1.03542 0.090336 -0.0274219 1.89639 
1.03723 0.0752723 -0.0125523 1.90168 
1.03641 0.0789325 -0.0259474 1.89953 
1.01177 0.22187 0.0208044 1.84148 
1.00343 0.130353 0.0750933 1.81986 
1.01427 0.155427 0.0443357 1.845 
1.01257 0.157035 0.0393476 1.84048 
1.03257 0.123318 -0.0584592 1.89039 
1.03123 0.130088 -0.0585147 1.88699 
1.03031 0.127746 -0.0543839 1.88424 
1.03096 0.126938 -0.0579139 1.88623 
1.02027 0.204573 -0.0702045 1.86824 
1.00852 0.22933 0.0343541 1.83443 
1.00034 0.247517 0.0336573 1.81787 
1.02305 0.197888 -0.0389032 1.86995 
1.0145 0.205519 0.0306848 1.84739 
0.939315 0.237921 -0.111068 1.68732 
0.99713 0.252061 0.0301443 1.81145 
1.02293 0.169832 0.00968845 1.8632 
1.02375 0.166246 0.0154768 1.86518 
1.02399 0.164663 0.0102026 1.86533 
1.02348 0.166772 0.011621 1.86434 
1.01636 0.190596 0.010254 1.8497 
0.983454 0.272569 0.108327 1.79718 
0.978992 0.283126 0.104259 1.78906 
0.981066 0.274524 0.114159 1.79444 
0.980699 0.276827 0.109445 1.79239 
1.01705 0.136684 0.021459 1.85077 
1.01727 0.155041 0.02043 1.8523 
1.01578 0.151652 0.0291497 1.84816 
1.01687 0.147842 0.0237671 1.85078 
1.01709 0.193747 0.00602675 1.85195 
1.01707 0.1817 0.0260798 1.85297 
0.982509 0.186265 -0.0184177 1.77367 
1.01309 0.0961266 0.0555508 1.83951 
1.01257 0.0901727 0.0581269 1.83811 
1.01355 0.0890982 0.056293 1.8405 
1.0128 0.0913954 0.0567779 1.83866 
1.02149 0.214079 -0.0762988 1.8755 
0.998316 0.24897 0.0551575 1.81524 
0.98039 0.272118 -0.000649357 1.7789 
1.01349 0.199448 0.00807953 1.84619 
1.02176 0.201094 -0.0690772 1.87097 
1.00019 0.247204 0.0365772 1.81744 
1.01784 0.188495 0.00954647 1.853 
0.999682 0.247501 0.0341164 1.81623 
0.998914 0.132675 0.0863853 1.81073 
1.02402 0.158283 0.0429473 1.86817 
1.02667 0.144082 0.0412467 1.87376 
1.02582 0.149867 0.0311678 1.87062 
1.02598 0.150506 0.0391727 1.87203 
0.976599 0.253694 -0.026575 1.76716 
0.977134 0.252576 -0.0256975 1.76798 
1.01318 0.211038 0.0352742 1.84447 
0.999824 0.247341 0.0345302 1.81652 
1.01051 0.223975 0.0247759 1.83852 
1.01406 0.202492 0.0103149 1.84657 
1.01933 0.0904687 0.000484626 1.85617 
1.01855 0.0841304 0.0136477 1.85357 
1.01967 0.0711236 0.00432475 1.85683 
1.01915 0.081901 0.00649888 1.85535 
1.00023 0.247184 0.0348327 1.81745 
1.00606 0.19578 0.0624347 1.8316 
0.992332 0.165573 0.1845 1.82736 
0.995183 0.121947 0.206937 1.83672 
1.00585 0.106099 0.175733 1.85232 
0.996746 0.130891 0.1919 1.83651 
0.95578 0.309597 0.0307164 1.73519 
1.00626 0.241882 0.015226 1.83213 
0.973092 0.292268 0.0165036 1.76794 
0.969416 0.305602 0.0590882 1.76726 
1.00022 0.24717 0.0351881 1.81743 
1.00022 0.247531 0.0344443 1.81751 
1.00947 0.227982 0.0198409 1.83664 
0.962013 0.210201 0.113768 1.73862 
0.978405 0.281091 0.0144462 1.77627 
1.01672 0.21106 -0.0206735 1.85475 
1.02014 0.197751 -0.0262549 1.86136 
1.0176 0.184525 0.0124093 1.85174 
1.01886 0.186224 0.0106411 1.85518 
0.987926 0.272619 0.0465392 1.7965 
0.999738 0.248229 0.035476 1.81653 
0.970252 0.277994 0.120317 1.77488 
0.963293 0.271524 0.123627 1.75887 
0.970793 0.264082 0.129396 1.77544 
0.967336 0.271861 0.124743 1.7681 
1.0003 0.247403 0.0339248 1.81771 
0.97693 0.291893 0.066305 1.77959 
1.01973 0.184904 0.00595244 1.85706 
1.02099 0.1827 0.00625635 1.85988 
1.0286 0.0705096 0.100531 1.89059 
1.01779 0.114579 0.124096 1.86752 
1.01749 0.0886075 0.141124 1.8712 
1.02178 0.0916303 0.124751 1.87772 
1.01918 0.20161 -0.0135811 1.85872 
1.0141 0.20063 0.019667 1.84654 
1.01848 0.0180957 0.029348 1.85576 
1.01612 0.0417662 0.0422342 1.84888 
1.01203 0.0300716 0.0598327 1.84062 
1.01638 0.0290799 0.0447898 1.85054 
1.01389 0.125826 0.0487534 1.84262 
1.01351 0.140028 0.0505121 1.8427 
1.01207 0.129082 0.0531672 1.83855 
1.01271 0.131331 0.0509925 1.84012 
0.961453 0.309482 0.0718337 1.75308 
1.0208 0.212324 -0.0669211 1.87123 
1.02668 0.171351 -0.0384049 1.87508 
1.00018 0.204413 0.100629 1.82704 
1.01094 0.18044 0.0874488 1.84616 
1.00257 0.204301 0.0741315 1.82761 
1.00635 0.19696 0.0885804 1.83805 
0.980348 0.230028 -0.0250386 1.77125 
0.980999 0.223476 -0.0344322 1.77164 
0.978841 0.233952 -0.0325005 1.7683 
0.980366 0.229338 -0.0305463 1.77114 
1.0192 0.212622 -0.041924 1.86377 
1.00021 0.247642 0.034552 1.81751 
0.992764 0.241322 0.0128281 1.8 
1.0087 0.0856515 0.0836336 1.83322 
1.00998 0.0845365 0.0765074 1.83486 
1.00945 0.0912123 0.0784149 1.83436 
1.00946 0.0873362 0.0794193 1.83433 
0.972728 0.251469 -0.0373318 1.75744 
1.00718 0.110863 0.080759 1.83128 
1.00402 0.117831 0.0838532 1.82491 
1.00535 0.108714 0.0855198 1.82726 
1.00499 0.113071 0.0835095 1.82653 
0.953528 0.170034 -0.100826 1.70573 
0.986614 0.26225 0.105256 1.8016 
0.988756 0.251226 0.10091 1.80448 
0.987218 0.25987 0.0991132 1.80172 
0.987822 0.257583 0.101917 1.80325 
1.02414 0.16552 0.00259389 1.86565 
1.02281 0.169455 0.00672465 1.86276 
1.0239 0.164473 0.0074733 1.86501 
1.02395 0.166399 0.00574741 1.86528 
1.0245 0.187682 -0.0458134 1.87262 
1.01128 0.0980947 0.0700898 1.83834 
1.01026 0.10455 0.0747297 1.83731 
1.00928 0.0979629 0.0745705 1.83396 
1.00964 0.100253 0.0726172 1.83488 
1.04549 0.030821 0.00971591 1.92625 
1.03891 0.0597967 0.0114552 1.90752 
1.03839 0.0477898 0.0483372 1.90959 
1.04012 0.0439643 0.0210995 1.91222 
0.985153 0.238222 0.0360086 1.78942 
0.99506 0.217514 0.0460561 1.80928 
0.989476 0.221527 0.0180341 1.79458 
0.991857 0.226114 0.0332383 1.80263 
1.00106 0.245548 0.0324031 1.81912 
1.00014 0.247318 0.0350162 1.81726 
1.02611 0.161847 -0.0207334 1.87113 
1.02433 0.167659 -0.0152993 1.86693 
1.02596 0.158768 -0.0139843 1.87009 
1.02569 0.162335 -0.0168579 1.86986 
0.999994 0.24759 0.0348567 1.81696 
1.02915 0.168144 -0.063259 1.88358 
1.00016 0.247149 0.0353789 1.81728 
1.01412 0.216324 0.045164 1.84769 
1.00032 0.247206 0.0340148 1.81768 
0.981758 0.274842 0.0997939 1.79103 
0.983925 0.274178 0.0962354 1.79519 
0.972409 0.244037 -0.0452261 1.75716 
1.00003 0.247531 0.0349366 1.81704 
1.01385 0.197442 0.00686994 1.84717 
1.01217 0.219403 0.0212562 1.84221 
1.01376 0.20409 0.0101384 1.84621 
1.01579 0.0965922 0.0385737 1.84599 
1.01496 0.0905225 0.0451838 1.84381 
1.0162 0.0850001 0.040316 1.84691 
1.01524 0.0902556 0.0415332 1.84449 
1.01877 0.215973 -0.0614476 1.86643 
0.979488 0.25167 -0.0254247 1.77315 
1.00957 0.23677 -0.0192345 1.84503 
1.00008 0.247278 0.0357654 1.81714 
0.999149 0.250127 0.0369022 1.81571 
0.967562 0.301467 0.0205857 1.7587 
1.01383 0.204033 0.0102692 1.84657 
0.997299 0.222605 0.0601678 1.8177 
0.986581 0.244311 0.048275 1.79595 
0.987566 0.245137 0.0715203 1.80159 
0.98798 0.238246 0.0614213 1.79902 
1.00012 0.24765 0.034082 1.81741 
0.96476 0.266372 0.137167 1.77009 
0.954075 0.252052 0.171581 1.7505 
0.976475 0.223355 0.169527 1.79515 
0.962678 0.249219 0.161549 1.76666 
1.02272 0.19019 -0.040206 1.86795 
1.02069 0.189114 -0.0171832 1.86073 
1.01383 0.205385 0.0137077 1.84637 
0.984353 0.253785 0.120722 1.79917 
0.983336 0.265245 0.111173 1.79594 
0.980453 0.26722 0.118101 1.79206 
0.984248 0.26255 0.117207 1.79958 
0.976698 0.226857 -0.0384128 1.76176 
0.97547 0.235265 -0.0416273 1.76055 
0.977915 0.234889 -0.0365873 1.76631 
0.977715 0.232585 -0.0397903 1.76545 
1.01077 0.207267 0.0451825 1.84034 
1.01748 0.171072 0.0179674 1.85383 
1.02877 0.143371 -0.0517004 1.8801 
1.02873 0.148955 -0.0527163 1.88023 
1.0287 0.147993 -0.0478856 1.87958 
1.02871 0.146623 -0.0508639 1.87991 
0.999908 0.24777 0.0349321 1.81679 
1.00012 0.24734 0.0355292 1.81723 
1.01398 0.091661 0.0511562 1.84146 
1.01269 0.0966241 0.0538363 1.83841 
1.01323 0.0891751 0.0547232 1.83963 
1.01384 0.0921975 0.0531303 1.84116 
0.944628 0.206401 -0.117012 1.69306 
1.02914 0.152639 -0.0472283 1.88086 
1.02774 0.153185 -0.0505509 1.87772 
0.956272 0.301393 0.00301421 1.73241 
0.995241 0.24974 0.104392 1.81709 
1.01145 0.0831609 0.0711376 1.83742 
1.01267 0.0818736 0.0662242 1.83952 
1.01169 0.0856961 0.067946 1.83749 
1.01171 0.0836401 0.0685648 1.83755 
0.999987 0.247636 0.0350801 1.81696 
1.01266 0.210033 0.0381571 1.84361 
1.03065 0.125933 -0.0222506 1.88174 
1.02957 0.132243 -0.011496 1.87824 
1.03018 0.123053 -0.0117124 1.88011 
1.0305 0.12671 -0.01516 1.8809 
0.973267 0.290726 0.0974814 1.77673 
0.973242 0.292092 0.105025 1.77789 
0.977287 0.289586 0.102255 1.78662 
0.975657 0.291311 0.101128 1.7831 
0.966551 0.268889 -0.0305522 1.74696 
1.00024 0.247524 0.0341372 1.81758 
1.00098 0.24718 0.0316765 1.81946 
1.01401 0.208874 0.0146462 1.84676 
0.959085 0.192176 -0.091655 1.72171 
1.01303 0.213514 0.038863 1.84487 
0.987208 0.253135 0.0836097 1.79943 
0.989898 0.243382 0.0908687 1.80482 
0.989802 0.240756 0.0773344 1.80299 
0.989325 0.245457 0.0837132 1.80315 
1.00022 0.247254 0.0346453 1.81743 
1.005 0.241058 0.0402738 1.84182 
1.01342 0.205242 0.0110475 1.84552 
1.01488 0.185356 0.0312551 1.84751 
1.00076 0.245639 0.0346453 1.81841 
1.01107 0.231465 0.00497179 1.8423 
1.01691 0.0876962 0.0270747 1.8489 
1.01551 0.0966358 0.0340695 1.84529 
1.01583 0.0835723 0.0362101 1.84599 
1.01689 0.0891438 0.0319695 1.84873 
0.999947 0.24766 0.0348611 1.81686 
1.01609 0.0502945 0.0515434 1.84872 
1.01297 0.0592848 0.0666278 1.84162 
1.01332 0.0427239 0.0661849 1.84368 
1.01309 0.0501498 0.0616259 1.84199 
0.99975 0.247419 0.0342599 1.81637 
1.00054 0.246463 0.0342945 1.81804 
0.958584 0.294263 0.100108 1.7484 
0.959619 0.283781 0.112738 1.7507 
0.963308 0.293251 0.104073 1.75976 
0.960619 0.290227 0.105739 1.75332 
1.01443 0.225775 -0.0304141 1.85391 
1.00999 0.0891596 0.0649315 1.83188 
1.01073 0.0873268 0.0634352 1.83353 
1.0112 0.0893343 0.0632504 1.83482 
1.01089 0.0882959 0.0639789 1.83403 
0.995879 0.246594 0.023396 1.80775 
0.981691 0.284589 0.0700108 1.78858 
1.01253 0.214348 0.0355937 1.84296 
1.01334 0.201617 0.00873108 1.84575 
0.999779 0.248057 0.0349056 1.81656 
0.987256 0.218039 -0.0121856 1.78573 
1.03003 0.133058 -0.0580333 1.88387 
1.0294 0.137081 -0.0539704 1.88189 
1.03019 0.131451 -0.0530391 1.8838 
1.02948 0.1339 -0.0550731 1.88221 
0.989279 0.218728 -0.00162178 1.79073 
0.970165 0.155222 -0.0589554 1.74176 
0.997864 0.207962 0.0955455 1.82061 
0.995379 0.208338 0.107603 1.81674 
0.998628 0.189582 0.101336 1.82198 
0.998339 0.202227 0.102023 1.82246 
1.00054 0.247266 0.0332693 1.81829 
1.00001 0.247586 0.0349283 1.817 
1.02323 0.177108 -0.0256521 1.86597 
1.00637 0.099988 0.0862008 1.82898 
1.0069 0.0903278 0.0866642 1.82964 
1.00838 0.0950804 0.0805114 1.83242 
1.0078 0.0953058 0.0846062 1.83183 
0.993792 0.216138 0.117301 1.81595 
0.990335 0.230234 0.124344 1.8114 
0.99159 0.205673 0.125607 1.81202 
0.991912 0.217455 0.122601 1.81315 
1.01491 0.20245 0.00740328 1.8481 
1.02402 0.176389 -0.0193869 1.86746 
0.961235 0.279525 0.117271 1.75438 
0.968409 0.283883 0.115976 1.77091 
0.965556 0.29034 0.108379 1.76478 
0.965758 0.28546 0.113143 1.76523 
0.999868 0.247878 0.0352912 1.81674 
0.974298 0.268748 -0.0226544 1.765 
0.999915 0.247686 0.0347349 1.81678 
1.00319 0.233828 0.0619891 1.82466 
0.999265 0.244456 0.0296098 1.81598 
1.01416 0.208334 0.00866643 1.84702 
0.970129 0.180088 -0.055546 1.74317 
0.999687 0.248119 0.0346371 1.81635 
1.01501 0.180826 0.000442389 1.84953 
1.00046 0.24679 0.0342029 1.81792 
1.01341 0.203089 0.00987298 1.84571 
1.03531 0.0154263 0.117365 1.9133 
1.03215 0.0471047 0.0959817 1.90001 
1.02023 0.0636324 0.143719 1.87888 
1.02945 0.0378206 0.11833 1.8976 
1.02318 0.177846 -0.00637329 1.86488 
1.0221 0.176577 -0.0101218 1.86213 
1.01282 0.198575 0.036981 1.84347 
1.01813 0.0457737 0.0305841 1.85333 
1.02125 0.0237856 0.015847 1.86189 
1.01851 0.0507376 0.00892099 1.85407 
1.02076 0.0394514 0.0179986 1.86013 
1.01865 0.188534 0.00150079 1.85491 
1.00046 0.246498 0.0346734 1.81784 
0.999776 0.247177 0.0338721 1.81663 
0.999409 0.188633 0.0769376 1.81757 
0.999707 0.24787 0.0342792 1.81635 
1.02419 0.197072 -0.0756424 1.87686 
1.00017 0.247267 0.0349035 1.81733 
1.01649 0.219343 -0.0680298 1.86322 
1.01533 0.168408 -0.00307353 1.84956 
1.02129 0.185422 -0.0127505 1.86145 
1.00032 0.116761 0.0854065 1.81241 
0.996831 0.227075 0.00148304 1.81237 
0.962918 0.281678 -0.0206325 1.74189 
1.01341 0.213059 0.0216186 1.84497 
1.01584 0.224968 -0.0525621 1.86088 
0.975905 0.160111 -0.0312115 1.7564 
1.02291 0.168148 0.0256884 1.86427 
1.01982 0.17761 0.0301569 1.85852 
1.0214 0.169698 0.0383536 1.86225 
1.02153 0.171957 0.0319574 1.86206 
1.01962 0.209533 -0.0549699 1.86591 
1.02601 0.208417 -0.0804999 1.88536 
1.00202 0.247631 0.0272062 1.82277 
0.974758 0.287203 0.105937 1.78123 
0.974002 0.283439 0.114969 1.78215 
0.977663 0.277515 0.115762 1.7881 
0.975679 0.282976 0.113298 1.78451 
1.01414 0.169192 0.0966109 1.85463 
1.00285 0.193869 0.114179 1.83484 
1.01222 0.157578 0.118641 1.85418 
1.0091 0.173021 0.110177 1.84593 
0.999169 0.250223 0.0358393 1.81575 
1.01414 0.198901 0.0129851 1.84724 
1.02931 0.12943 0.0326797 1.87931 
1.03135 0.116884 0.019046 1.88385 
1.02964 0.128902 0.0170548 1.87885 
1.02985 0.124584 0.023225 1.87994 
1.00031 0.246746 0.0378805 1.81771 
0.999886 0.247883 0.0356419 1.81681 
1.01713 0.215998 -0.0350394 1.85857 
0.999461 0.246007 0.0319454 1.81619 
0.979365 0.287519 0.0849009 1.78645 
1.00017 0.247625 0.0342551 1.81744 
1.02897 0.152149 -0.0565984 1.88119 
1.00267 0.239677 0.0411337 1.82219 
1.01749 0.158575 0.00366123 1.85412 
1.01584 0.15626 0.0127198 1.84929 
1.01648 0.144469 0.00318755 1.85086 
1.01699 0.15237 0.0063147 1.85232 
0.975732 0.254193 -0.0248413 1.76561 
0.976021 0.25169 -0.0165758 1.76617 
0.976679 0.24982 -0.0236106 1.76648 
0.976822 0.25192 -0.0220008 1.76769 
0.991909 0.233364 0.0999308 1.80959 
0.995475 0.219095 0.106949 1.81797 
0.995337 0.218355 0.0952284 1.81543 
0.994628 0.223272 0.101179 1.81516 
1.00055 0.246879 0.0335274 1.81818 
0.999962 0.206906 0.0403969 1.81822 
0.997357 0.18925 0.0121137 1.80702 
0.994809 0.209586 0.00925454 1.80484 
0.997546 0.200467 0.0208264 1.81014 
1.00171 0.174684 0.0808977 1.82179 
1.00558 0.0968675 0.0734764 1.82218 
1.00728 0.0999488 0.0736551 1.82679 
1.01127 0.225282 0.0127159 1.84104 
0.971964 0.273603 -0.018637 1.76063 
0.952075 0.296385 -0.044736 1.7303 
0.95262 0.28516 -0.0591625 1.72752 
0.948553 0.293283 -0.0584483 1.72252 
0.952444 0.292849 -0.0536283 1.73049 
0.975187 0.252875 -0.0292713 1.76356 
1.00096 0.247677 0.0305367 1.81997 
0.953042 0.172641 -0.11028 1.70616 
1.01095 0.19398 0.0451543 1.83918 
1.00623 0.239333 0.0175828 1.83112 
1.02502 0.00568961 0.08848 1.8788 
1.03109 0.00736462 0.0417597 1.88953 
1.01347 0.0206599 0.0698498 1.84597 
1.01604 0.00608271 0.0661419 1.85291 
1.0182 0.174121 -0.00315416 1.85721 
0.987761 0.227139 0.0476904 1.79378 
0.985315 0.242539 0.0523518 1.79081 
0.991782 0.235394 0.05961 1.8058 
0.989839 0.235728 0.0515705 1.80064 
0.972235 0.251477 -0.0347386 1.75606 
1.00294 0.243464 0.0282018 1.8234 
1.019 0.214546 -0.069343 1.86776 
1.00005 0.247513 0.0348679 1.81709 
1.0149 0.209855 0.00344169 1.84871 
0.995887 0.117824 0.089794 1.80208 
1.01672 0.199886 0.0718108 1.85555 
1.01352 0.212722 0.0296285 1.84511 
1.00002 0.245693 0.0421902 1.81707 
1.0146 0.199581 0.0109438 1.84724 
1.00027 0.246888 0.0357104 1.81752 
1.00277 0.110356 0.079085 1.81711 
1.01298 0.216081 0.0181441 1.84411 
0.973552 0.221171 -0.0557014 1.75691 
1.00018 0.247664 0.0344336 1.81746 
0.998815 0.244944 0.0313348 1.81438 
1.01264 0.0870431 0.0592521 1.83831 
1.01324 0.0828129 0.0610028 1.84007 
1.01312 0.0857621 0.0577606 1.83948 
1.013 0.0852839 0.059109 1.83923 
0.952348 0.244981 0.106834 1.72262 
1.00743 0.185355 0.0646445 1.83362 
1.02332 0.193283 -0.0696269 1.87323 
0.995588 0.241404 0.091198 1.81322 
0.971117 0.286876 0.112905 1.77635 
0.972023 0.291247 0.103986 1.77615 
0.967896 0.293609 0.105261 1.76951 
0.97123 0.290944 0.108106 1.77639 
1.03344 0.028562 0.000390341 1.8929 
1.02813 0.0566132 -0.0171826 1.87906 
1.02225 0.0526397 -0.0030817 1.86369 
1.02294 0.0464893 -0.0100517 1.86571 
0.98645 0.13585 0.106465 1.78349 
1.01208 0.217629 0.025331 1.84177 
0.9583 0.302573 0.0833674 1.7465 
0.961968 0.305953 0.0798678 1.75522 
1.01441 0.114635 0.0481382 1.84327 
1.01414 0.106604 0.0519004 1.84239 
1.01501 0.106492 0.047998 1.84441 
1.01343 0.108972 0.0493546 1.84058 
1.01456 0.191421 0.039626 1.84753 
1.05617 0.00526562 0.0810421 1.96249 
1.05537 0.0189376 0.0268573 1.95394 
1.03746 0.0329499 0.0645296 1.91004 
1.04426 0.0133904 0.0558185 1.92775 
1.02059 0.180229 0.0143344 1.85896 
1.02105 0.178439 0.0141982 1.85979 
1.02072 0.179743 0.0125089 1.85894 
1.02099 0.179368 0.0137681 1.8597 
1.01049 0.232134 0.0122391 1.84034 
1.01619 0.174303 0.00421724 1.85179 
0.999866 0.247362 0.0346505 1.81662 
0.968645 0.284547 -0.0115436 1.75603 
1.00021 0.247515 0.0345358 1.81747 
0.984412 0.262163 -0.00203749 1.78558 
0.996409 0.254686 0.0385378 1.81052 
1.02237 0.193331 -0.0657082 1.87049 
0.985596 0.271739 0.0168696 1.79015 
1.02092 0.158757 0.0704876 1.86503 
1.02592 0.144159 0.0514036 1.87333 
1.02267 0.161948 0.0532472 1.86671 
1.02352 0.155406 0.0582671 1.8691 
1.00025 0.247321 0.0344627 1.81753 
1.0077 0.106812 0.0778621 1.83162 
1.00651 0.104177 0.0837828 1.8293 
1.0085 0.0988248 0.0784607 1.83273 
1.00733 0.103496 0.0800863 1.83061 
0.97054 0.280819 -0.015403 1.7595 
0.995221 0.256391 0.0343295 1.80807 
0.999959 0.247623 0.0348499 1.81688 
1.01524 0.202904 0.0424886 1.85054 
1.01592 0.165151 0.0362892 1.84926 
1.00043 0.246954 0.0339263 1.8179 
0.999646 0.247403 0.0339562 1.81615 
0.995629 0.253016 0.0283024 1.80817 
1.02594 0.173594 -0.0605026 1.8759 
1.01427 0.204631 0.00925367 1.8471 
0.975857 0.260463 -0.00253335 1.77026 
0.969792 0.277088 -0.0078315 1.76175 
0.974027 0.27206 0.00811948 1.77094 
0.97351 0.270062 -0.000118069 1.76832 
1.01367 0.202147 0.0089153 1.8465 
0.999118 0.135489 0.116831 1.82144 
1.0019 0.125957 0.104538 1.82479 
1.00017 0.156464 0.105401 1.82381 
1.00027 0.138398 0.108993 1.82287 
1.01408 0.201623 0.0108594 1.84654 
1.00087 0.246311 0.03272 1.81884 
0.942207 0.12418 -0.0941756 1.67273 
0.99992 0.247464 0.0347347 1.8168 
1.02855 0.142423 -0.00598425 1.87551 
1.02731 0.151035 -0.00782216 1.87274 
1.0272 0.149127 0.00118189 1.87225 
1.02743 0.147375 -0.00399963 1.87278 
0.981452 0.232687 -0.0142849 1.77484 
0.980302 0.242709 -0.00569653 1.775 
0.984749 0.227148 -0.00234564 1.78267 
0.982405 0.233645 -0.00747435 1.77787 
0.999569 0.248433 0.034673 1.81616 
1.01411 0.207292 0.011179 1.84709 
1.0229 0.19033 -0.0648134 1.87118 
1.02285 0.199456 -0.0495992 1.87102 
0.999485 0.248719 0.0388655 1.81626 
0.976913 0.241959 -0.031422 1.7652 
0.975369 0.248618 -0.031778 1.7629 
0.97677 0.247596 -0.0271625 1.76598 
0.976563 0.245841 -0.0301354 1.76515 
1.03203 0.119666 -0.0575259 1.8889 
1.03114 0.124735 -0.0518795 1.88609 
1.03174 0.117178 -0.0508661 1.8876 
1.03132 0.120371 -0.0536032 1.88673 
1.00626 0.0519877 0.107437 1.83285 
1.00859 0.0206741 0.108765 1.83945 
1.00878 0.0315638 0.0847428 1.83559 
1.00846 0.0335272 0.100276 1.83739 
0.98493 0.268479 0.0109526 1.78775 
1.00082 0.24522 0.0349045 1.81846 
0.995854 0.221294 0.0992734 1.82029 
1.00045 0.217762 0.0729216 1.82578 
0.9881 0.241097 0.0842678 1.80366 
0.99485 0.227356 0.0854787 1.81664 
1.03679 0.105953 -0.0559127 1.9011 
1.0341 0.115472 -0.0579738 1.8943 
1.03281 0.112267 -0.0522152 1.89047 
1.0335 0.111219 -0.0565883 1.89265 
1.01782 0.183962 0.0348912 1.85545 
1.01277 0.195371 0.0512347 1.84754 
1.01949 0.17598 0.0469033 1.85968 
1.0165 0.184411 0.0441448 1.85342 
0.998041 0.251657 0.0346465 1.81341 
1.00048 0.24562 0.0368746 1.81779 
0.962149 0.264757 -0.0551892 1.74085 
0.967057 0.261309 -0.0453419 1.7498 
1.0001 0.247701 0.0345445 1.81728 
1.01559 0.193478 0.0150117 1.8505 
1.00015 0.247294 0.0351454 1.81728 
1.01242 0.0831653 0.0642267 1.83846 
1.01227 0.0851143 0.0630941 1.83788 
1.01182 0.0859147 0.0658329 1.8374 
1.01226 0.0845619 0.0643528 1.8381 
1.0003 0.247101 0.0345292 1.8176 
1.02549 0.18127 -0.0595556 1.8757 
1.02397 0.19054 -0.0718478 1.87455 
1.01156 0.0680582 0.0767075 1.83914 
1.00876 0.0764701 0.0860205 1.83377 
1.01041 0.0657345 0.0852205 1.83799 
1.00929 0.0698533 0.0830414 1.83451 
1.00027 0.246884 0.0354372 1.8175 
1.02372 0.184166 -0.0616718 1.87189 
0.99905 0.246268 0.0323269 1.81475 
0.999942 0.2475 0.0347005 1.81689 
1.00194 0.105136 0.0772034 1.81427 
0.937718 0.289426 -0.0699412 1.69789 
0.936443 0.294361 -0.0595342 1.6964 
0.942717 0.293255 -0.063514 1.71053 
0.939769 0.292071 -0.065029 1.7036 
0.999942 0.247696 0.0349341 1.81686 
1.01362 0.204376 0.0113518 1.84619 
1.00023 0.247448 0.0343173 1.81751 
1.00715 0.159726 0.133641 1.84612 
0.996847 0.200695 0.127339 1.82519 
0.99407 0.188904 0.15606 1.82532 
0.998874 0.184293 0.14099 1.83122 
1.02001 0.191764 -0.00705494 1.85895 
1.00785 0.23196 0.0237541 1.83318 
1.00906 0.241653 -0.00615837 1.84318 
1.00051 0.246403 0.0349684 1.81795 
1.00058 0.245507 0.0358477 1.81796 
1.01149 0.138414 0.140618 1.85715 
0.99787 0.165814 0.168693 1.83521 
1.01207 0.113081 0.16073 1.86352 
1.00731 0.137898 0.157132 1.85194 
0.987902 0.238471 -0.00407419 1.78885 
0.99978 0.247553 0.0345172 1.81643 
1.01397 0.230491 -0.0312669 1.85457 
0.954551 0.312128 0.0464019 1.73442 
0.986945 0.270971 0.0550429 1.79427 
1.0036 0.171134 0.0709053 1.82343 
1.02881 0.148656 -0.0578887 1.88078 
1.0306 0.145945 -0.0592829 1.88531 
0.999924 0.247714 0.0347939 1.81682 
1.02171 0.201988 -0.0540537 1.86926 
1.01661 0.172475 0.00848723 1.85238 
1.0133 0.202713 0.0100044 1.84532 
0.926313 0.311388 0.0561696 1.68306 
0.925492 0.306431 0.0847685 1.68271 
0.940197 0.312095 0.0663646 1.71648 
0.933408 0.310086 0.0678515 1.70078 
1.02356 0.179007 -0.014154 1.86631 
1.02632 0.176914 -0.0653381 1.87769 
1.0122 0.14079 0.0460815 1.83912 
1.0135 0.126373 0.0452382 1.84146 
1.01479 0.13151 0.0400444 1.84476 
1.01424 0.132577 0.0434974 1.84359 
0.998916 0.248839 0.0328577 1.81475 
0.999781 0.247116 0.034089 1.81653 
0.980233 0.257786 -0.0121848 1.77494 
1.00027 0.247075 0.0348478 1.81753 
1.03081 0.125684 -0.046905 1.88467 
1.03069 0.123161 -0.0369686 1.8833 
1.03185 0.117858 -0.0455442 1.8873 
1.03182 0.122118 -0.0434024 1.88688 
1.01442 0.203924 0.01225 1.84807 
0.970105 0.275378 -0.0163248 1.76148 
0.976558 0.261868 -0.010524 1.77171 
0.970269 0.26555 -0.0259568 1.75749 
0.971225 0.268953 -0.0171263 1.76121 
1.01466 0.209228 -6.19904e-05 1.84805 
1.00011 0.247407 0.0349887 1.81719 
1.00204 0.246581 0.0273478 1.82224 
0.999627 0.24696 0.0338049 1.81609 
1.01417 0.197991 0.0114082 1.84581 
0.999827 0.247383 0.034536 1.81653 
1.02659 0.160042 -0.0401829 1.8739 
0.975709 0.194833 0.113342 1.76852 
0.975788 0.29365 0.0817411 1.77982 
0.999471 0.248405 0.033829 1.81594 
1.01368 0.195659 0.00618717 1.84674 
0.963778 0.30096 0.00839063 1.74986 
0.977375 0.27286 0.0689109 1.77933 
0.975917 0.279236 0.0757744 1.77797 
0.980394 0.275221 0.0763662 1.78782 
0.979093 0.276246 0.0729422 1.7847 
1.03384 0.101232 -0.0388642 1.89237 
1.0353 0.101217 -0.0526694 1.8971 
1.03248 0.109439 -0.0474409 1.88927 
1.03362 0.1038 -0.0466133 1.89229 
0.997715 0.250616 0.0300923 1.8125 
0.999738 0.248287 0.0351227 1.81653 
0.957052 0.16074 -0.0997535 1.71307 
0.999761 0.247903 0.0345778 1.81647 
1.02888 0.142088 -0.0546633 1.88065 
1.029 0.142802 -0.0584379 1.88117 
1.02894 0.14709 -0.0555223 1.88091 
1.02852 0.143838 -0.0561049 1.87984 
1.01406 0.189669 0.00361669 1.84753 
1.00612 0.237327 -0.0158269 1.83787 
0.994601 0.252032 0.070023 1.80916 
1.0063 0.236155 0.0208633 1.83028 
1.0151 0.213725 -0.00271578 1.84988 
1.00006 0.247486 0.0350187 1.8171 
0.983789 0.270553 0.0984162 1.79565 
0.985234 0.267306 0.100674 1.79795 
0.986043 0.265039 0.0977352 1.79966 
0.985288 0.267703 0.0988031 1.79839 
1.02468 0.186152 -0.0697002 1.87533 
0.950279 0.186592 -0.113514 1.70214 
0.998472 0.251034 0.0345688 1.81426 
0.960997 0.311354 0.0556041 1.7505 
1.02882 0.158696 -0.0584195 1.88141 
1.0302 0.102473 0.0739691 1.88818 
1.0225 0.116411 0.108753 1.87544 
1.03151 0.0781823 0.0840445 1.89455 
1.0281 0.0968783 0.0881253 1.88568 
1.02516 0.181721 -0.0673491 1.87565 
1.02643 0.183566 -0.069108 1.87928 
0.987554 0.208625 0.0994367 1.79825 
0.97565 0.253679 -0.0263944 1.76442 
0.999452 0.249138 0.0376482 1.81621 
1.02098 0.187062 -0.00790243 1.86071 
1.00063 0.255441 0.119936 1.83539 
0.999855 0.24789 0.0348077 1.81669 
0.999861 0.247099 0.0331791 1.817 
1.01654 0.20043 0.00200749 1.85151 
0.975147 0.297089 0.0727831 1.7785 
1.01611 0.201789 0.00402458 1.85071 
1.01078 0.193416 0.0526395 1.84031 
0.984537 0.251319 0.126519 1.80168 
0.980691 0.265834 0.122765 1.79443 
0.977706 0.257457 0.130427 1.78911 
0.979522 0.258551 0.127027 1.79155 
0.988762 0.274488 0.130995 1.81396 
0.970248 0.259527 -0.0358259 1.75341 
0.974259 0.265517 -0.0217712 1.7637 
1.03012 0.135461 -0.0403952 1.88201 
1.03143 0.128561 -0.0359505 1.88492 
1.03093 0.1298 -0.0456535 1.88477 
1.03018 0.131317 -0.0405952 1.88225 
1.02438 0.182299 -0.0545136 1.87253 
1.02575 0.178199 -0.0399784 1.87375 
1.00886 0.234971 0.00917322 1.83724 
1.01507 0.192544 0.00407345 1.85019 
0.982142 0.28652 0.127416 1.8007 
1.01935 0.216832 -0.0501577 1.86646 
1.02847 0.173967 -0.0655214 1.88274 
0.983033 0.23224 -0.0203197 1.77735 
1.00031 0.247213 0.0342386 1.81765 
0.976429 0.19557 -0.0544849 1.76025 
0.995117 0.260751 0.0479529 1.81008 
0.986429 0.268273 0.0968687 1.79965 
0.985267 0.265258 0.0993066 1.79643 
1.00075 0.24682 0.0324004 1.81873 
1.01149 0.0886989 0.0623281 1.83547 
1.01141 0.0867192 0.0627138 1.83517 
1.01182 0.0869673 0.0617102 1.8362 
1.01157 0.0873951 0.0622637 1.83561 
0.977748 0.294565 0.0572551 1.78177 
1.01227 0.0917037 0.0585667 1.83738 
1.01291 0.0980791 0.0563732 1.83916 
1.01184 0.0964328 0.0589021 1.83655 
1.01187 0.0953241 0.0580204 1.83649 
1.02122 0.178348 0.00869428 1.8599 
1.02154 0.176287 0.0123597 1.86059 
1.022 0.174615 0.00916123 1.86139 
1.02172 0.176248 0.0100738 1.86092 
1.02483 0.20124 -0.0786466 1.87994 
0.958824 0.311037 0.0374007 1.74338 
0.986563 0.230754 0.12939 1.80427 
0.984426 0.212565 0.138713 1.80007 
0.989175 0.204357 0.131028 1.80774 
0.9864 0.215977 0.133537 1.80329 
0.947582 0.13625 -0.104921 1.68762 
0.968221 0.306379 0.0741043 1.7674 
0.967154 0.262753 -0.0349899 1.74677 
0.979635 0.230913 -0.0321401 1.77016 
0.967877 0.229367 0.112314 1.75705 
1.00325 0.245957 0.0184732 1.82703 
1.01138 0.0861171 0.0623007 1.83506 
1.01193 0.085617 0.0615716 1.83648 
1.01184 0.0862082 0.0616674 1.83625 
1.0118 0.085829 0.0618271 1.83612 
0.959911 0.299363 0.0922389 1.75129 
0.964165 0.297887 0.0984647 1.76154 
0.963675 0.304058 0.0865942 1.75948 
0.96245 0.300906 0.0926847 1.75738 
1.00699 0.109116 0.0733115 1.82693 
1.02554 0.192221 -0.0737679 1.87901 
0.99965 0.247894 0.0340744 1.81624 
1.00021 0.247409 0.034538 1.81745 
1.01404 0.0818523 0.199316 1.87888 
1.04087 0.0238865 0.148493 1.93392 
1.0158 0.0704144 0.167636 1.87377 
1.01748 0.0534619 0.175812 1.88009 
0.999891 0.24723 0.0390309 1.81688 
1.01095 0.208129 0.040989 1.84137 
1.01297 0.22248 0.00613094 1.84524 
0.999824 0.247467 0.034588 1.81651 
0.977244 0.241667 -0.0347199 1.76663 
1.01145 0.0912963 0.0613277 1.83547 
1.0118 0.0907483 0.059636 1.8362 
1.0114 0.094686 0.0600874 1.83545 
1.01158 0.0922062 0.0603128 1.83577 
1.01282 0.216367 0.0151137 1.8438 
1.03065 0.16139 -0.0608325 1.88646 
0.980827 0.287533 0.0933997 1.79198 
1.00323 0.0826428 0.120103 1.82863 
0.998336 0.114595 0.1263 1.81986 
0.997014 0.0954527 0.134677 1.81738 
0.997606 0.0972065 0.127923 1.81714 
1.01468 0.0724502 0.0510262 1.84364 
1.01499 0.0630212 0.0443346 1.84464 
1.01525 0.0747194 0.0424991 1.84468 
1.01575 0.0700705 0.0460208 1.84627 
0.971236 0.27702 -0.0146342 1.75965 
1.01411 0.210105 0.0169784 1.84682 
0.97049 0.298224 0.0243317 1.76423 
0.969627 0.227193 0.146222 1.7703 
0.978135 0.218535 0.144675 1.78835 
0.973693 0.244692 0.137712 1.78056 
0.972071 0.231242 0.142946 1.77574 
1.01441 0.207334 0.0189812 1.8474 
0.957567 0.294599 -0.00720967 1.73314 
0.988867 0.099956 0.158506 1.80326 
1.00938 0.0440363 0.138668 1.84754 
0.994488 0.084237 0.146815 1.81331 
0.992697 0.075201 0.152 1.80955 
1.01245 0.089403 0.0637004 1.83906 
1.01222 0.0931624 0.066225 1.83946 
1.01149 0.0895044 0.0660884 1.83705 
1.01169 0.0906376 0.0650234 1.83757 
1.00695 0.234655 0.0233887 1.83148 
1.01232 0.0858777 0.0614627 1.83767 
1.01252 0.087076 0.0621274 1.8386 
1.01218 0.0858725 0.0620573 1.83747 
1.01219 0.0861828 0.0617496 1.83752 
1.01305 0.21495 0.0380513 1.84449 
0.974057 0.25478 -0.0314956 1.76115 
1.01525 0.194823 0.011012 1.84777 
1.02839 0.165183 -0.0614879 1.88117 
1.00132 0.244241 0.0359257 1.81951 
1.009 0.230605 0.0196474 1.83591 
1.00296 0.197611 0.0679368 1.82589 
1.00599 0.102803 0.0747204 1.82396 
0.982603 0.274809 0.0946392 1.79424 
0.981048 0.275491 0.0853584 1.79005 
0.980256 0.280024 0.090633 1.78984 
0.980689 0.277087 0.0900603 1.78994 
0.976225 0.288077 0.0200581 1.77363 
1.02625 0.155601 -0.00643976 1.8703 
1.02532 0.160864 -0.00158394 1.86823 
1.02637 0.15363 0.0018007 1.87034 
1.02607 0.15671 -0.0022698 1.86983 
0.954625 0.307014 0.014486 1.73071 
1.01402 0.195232 0.0127354 1.84694 
1.00442 0.245244 0.0190339 1.82849 
1.02551 0.177107 -0.0616447 1.87538 
0.989753 0.267739 0.0440099 1.79892 
1.01192 0.0887391 0.0601265 1.83648 
1.01153 0.0894942 0.0614721 1.83556 
1.01176 0.0873383 0.0611979 1.83606 
1.01185 0.0884687 0.0609157 1.83631 
0.970839 0.291124 0.009304 1.76244 
0.99981 0.247222 0.0340666 1.81666 
1.01019 0.161192 0.0489774 1.83555 
1.01566 0.216816 -0.0158428 1.85279 
0.960846 0.257184 -0.0690222 1.73756 
1.00937 0.237693 0.000968465 1.84028 
0.999805 0.247953 0.0349084 1.81659 
0.963021 0.13685 -0.0580021 1.72266 
1.01507 0.195591 0.0179665 1.8489 
1.01708 0.201067 -0.00424476 1.85295 
1.00039 0.246869 0.034621 1.81776 
0.996685 0.246328 0.0266114 1.80936 
0.982515 0.164338 0.113472 1.77955 
0.971706 0.301889 0.0522701 1.77009 
1.0133 0.202026 0.0109058 1.84484 
1.02731 0.171436 -0.0640378 1.87938 
1.02068 0.202654 -0.0641033 1.86805 
0.999948 0.247744 0.0352316 1.8169 
0.952244 0.126318 -0.0784534 1.69669 
0.99952 0.247461 0.0335561 1.81589 
1.00006 0.247526 0.0354663 1.81714 
0.943837 0.275668 -0.0890633 1.70741 
0.944153 0.314334 0.0320755 1.72284 
0.933189 0.31303 0.0417435 1.69855 
0.943707 0.312942 0.0541561 1.72335 
0.940312 0.314598 0.0427139 1.71524 
0.999972 0.247642 0.0349833 1.81692 
1.02777 0.161319 -0.0306811 1.87602 
1.02749 0.159423 -0.0346683 1.87562 
0.999779 0.247189 0.0342624 1.81651 
1.01344 0.202785 0.00952583 1.84581 
1.02248 0.174054 0.00490221 1.86245 
1.02269 0.175701 7.6322e-05 1.86318 
1.02188 0.178051 0.00285765 1.86143 
1.0222 0.175852 0.00261065 1.86196 
0.955943 0.144693 -0.0949793 1.70803 
1.00491 0.233281 0.0372261 1.82627 
1.01032 0.222629 0.0272218 1.83788 
1.01748 0.204686 -0.00901695 1.85468 
1.00011 0.247471 0.0348176 1.81721 
0.990211 0.180683 0.049393 1.79457 
0.992494 0.208454 0.0460566 1.80279 
0.998824 0.198324 0.0569751 1.81812 
0.998303 0.198186 0.0481347 1.8164 
0.936083 0.254995 -0.104901 1.68367 
0.931946 0.306645 -0.0222835 1.68994 
0.930394 0.309684 -0.00631085 1.68771 
0.939219 0.310205 -0.0156294 1.70802 
0.935347 0.308377 -0.0156213 1.69876 
0.999879 0.247376 0.0345569 1.81674 
1.0155 0.196739 0.0110479 1.8488 
0.980019 0.247061 -0.0265672 1.77343 
1.01093 0.0948357 0.0682728 1.83673 
1.01012 0.0939759 0.0730662 1.83532 
1.01115 0.0900826 0.0684974 1.83667 
1.01064 0.0931934 0.0697619 1.83601 
1.00993 0.0464285 0.0754756 1.83609 
1.01071 0.0610172 0.0731465 1.83675 
1.00848 0.0591063 0.0829665 1.83291 
1.01138 0.0557493 0.077432 1.83947 
1.00427 0.23964 0.0291958 1.82576 
0.999937 0.243534 0.0204199 1.81897 
0.993485 0.211969 -0.00892212 1.80423 
1.01451 0.192221 0.00708748 1.84854 
1.00859 0.235702 -0.0274205 1.84439 
1.01021 0.115804 0.0608336 1.83395 
1.01054 0.125196 0.0577002 1.83515 
1.00883 0.125855 0.0635633 1.83152 
1.01007 0.122245 0.0606336 1.83404 
0.999839 0.24741 0.0346328 1.81654 
1.01055 0.105637 0.0614574 1.83415 
1.01042 0.0998419 0.0635157 1.83363 
1.01121 0.0993561 0.0607553 1.83531 
1.01036 0.101475 0.0618256 1.83342 
1.02555 0.166187 -0.0284601 1.87071 
0.99977 0.247221 0.0343686 1.81642 
1.00679 0.10901 0.0710037 1.82612 
1.00586 0.110924 0.0694935 1.82367 
1.00489 0.105066 0.0968414 1.82833 
1.00711 0.091267 0.0917443 1.83147 
1.00642 0.102354 0.089635 1.83014 
1.00537 0.0992364 0.0930312 1.828 
0.95878 0.304458 0.00826093 1.73957 
0.986889 0.143894 0.110019 1.78632 
1.01512 0.181091 0.00467076 1.84953 
0.972597 0.247619 -0.0402671 1.75631 
0.970577 0.243755 -0.0428211 1.75055 
0.96939 0.265879 -0.0325516 1.75301 
1.00276 0.243416 0.0312465 1.82281 
1.00125 0.150621 0.0793419 1.81713 
1.0249 0.170383 -0.0192481 1.86892 
1.02606 0.166375 -0.0230258 1.87161 
1.02297 0.199792 -0.0765635 1.87458 
0.985218 0.269248 0.114141 1.80072 
1.01575 0.197785 0.00961621 1.84956 
1.01053 0.228376 0.010836 1.83984 
0.999751 0.247487 0.0343555 1.81637 
0.984377 0.271732 0.106943 1.7985 
0.939577 0.221029 -0.116517 1.68426 
1.00142 0.244264 0.0348102 1.81972 
0.948272 0.149594 -0.108218 1.691 
1.01479 0.0946896 0.0462602 1.84344 
1.01569 0.100897 0.0405967 1.84578 
1.01518 0.102148 0.0457127 1.84459 
1.01454 0.0991626 0.0443126 1.84288 
1.01689 0.188163 0.0301548 1.85359 
1.01668 0.195821 0.0256376 1.85522 
1.01114 0.200643 0.0446586 1.84408 
1.01405 0.195921 0.0322099 1.84893 
0.973875 0.295173 0.0881194 1.77723 
0.998932 0.144937 0.0855733 1.81188 
0.999965 0.247605 0.0348026 1.81689 
1.01531 0.149065 0.0361353 1.84683 
1.01278 0.146438 0.0442923 1.8407 
1.01516 0.13657 0.0378019 1.84589 
1.01463 0.143462 0.0392825 1.84491 
1.01214 0.0858591 0.0628952 1.83758 
1.01209 0.0877704 0.0629158 1.83777 
1.01184 0.0872966 0.0651336 1.83748 
1.01197 0.087052 0.063582 1.83747 
1.02297 0.204704 -0.0795061 1.87639 
0.947586 0.257608 -0.0921405 1.70989 
0.995737 0.122295 0.0941933 1.80282 
1.01559 0.200377 0.00628979 1.84935 
0.943763 0.192307 -0.117337 1.68795 
1.00725 0.0780602 0.0923747 1.83146 
1.00721 0.069996 0.102163 1.83365 
1.00788 0.0653184 0.09077 1.8327 
1.0078 0.0709476 0.0949339 1.8334 
1.01587 0.131811 0.0255321 1.84747 
1.01527 0.146598 0.0319617 1.8466 
1.01514 0.13323 0.0336645 1.84561 
1.01601 0.136966 0.0303297 1.84798 
1.0002 0.24725 0.0347287 1.81737 
1.01196 0.0860392 0.0614182 1.83658 
1.01207 0.0856115 0.0614464 1.83693 
1.01212 0.0855963 0.0616958 1.83715 
1.01212 0.0857006 0.0614782 1.83705 
0.999836 0.247886 0.0347056 1.81664 
0.999966 0.247609 0.0347817 1.81689 
0.959975 0.308203 0.0220367 1.74427 
0.988159 0.257446 0.00922509 1.79242 
0.981834 0.255015 0.0561948 1.78513 
0.979504 0.264959 0.0621863 1.7821 
0.984039 0.260096 0.0637407 1.79213 
0.983436 0.260585 0.0598909 1.79056 
0.992161 0.263258 0.0581628 1.80482 
0.966135 0.30671 0.0365008 1.75816 
1.00045 0.246896 0.0343624 1.81791 
0.990113 0.124347 0.0994075 1.78981 
0.981747 0.277255 0.0197357 1.78269 
0.998281 0.245796 0.030154 1.813 
1.03259 0.107786 0.00173603 1.88705 
1.03297 0.103919 -0.0172881 1.88865 
1.03186 0.114524 -0.00813911 1.8847 
1.03213 0.10849 -0.00765299 1.88589 
1.01644 0.193376 0.0102637 1.8504 
0.974392 0.285819 0.000492458 1.76952 
1.01378 0.211167 0.00881135 1.84622 
1.0022 0.241179 0.0391218 1.8212 
1.02092 0.203419 -0.0443485 1.86633 
0.94599 0.164587 -0.112516 1.68796 
1.01361 0.202483 0.0096585 1.84632 
1.0136 0.202652 0.0104908 1.84583 
1.03351 0.101779 0.0182539 1.89037 
1.03328 0.0987989 0.0423994 1.89192 
1.03597 0.0833942 0.0154403 1.89818 
1.03396 0.0938136 0.0246867 1.89261 
0.994103 0.218878 0.0476194 1.80819 
0.993741 0.227813 0.0626135 1.80957 
0.998775 0.209484 0.0602873 1.81937 
0.995199 0.218332 0.0559898 1.81131 
1.01857 0.211277 -0.0310289 1.86058 
0.976389 0.151336 0.114049 1.76224 
1.00974 0.101696 0.0648031 1.83218 
1.00989 0.10811 0.0628797 1.83282 
1.0092 0.108237 0.065973 1.83142 
1.00957 0.106059 0.0645231 1.83204 
1.00452 0.147718 0.0680648 1.82308 
1.00033 0.246699 0.0352128 1.8176 
1.00384 0.227864 0.0882376 1.83011 
0.934997 0.298758 -0.0487066 1.6944 
0.93329 0.302745 -0.0364972 1.69168 
0.939466 0.302392 -0.0430897 1.70591 
0.937168 0.301033 -0.043506 1.70033 
0.974553 0.284173 0.0825953 1.77658 
0.973502 0.288026 0.0899938 1.77578 
0.977591 0.284904 0.0885483 1.78466 
0.976485 0.286115 0.0865177 1.78218 
0.95965 0.28787 -0.0157286 1.73596 
0.999592 0.248116 0.0341545 1.81614 
0.987614 0.244432 2.24254e-05 1.78878 
1.01193 0.219459 0.0243642 1.84155 
1.00016 0.247346 0.0348287 1.81731 
1.01366 0.209165 0.0247401 1.84537 
0.95214 0.247719 -0.0984417 1.71901 
1.02371 0.194984 -0.0743765 1.87505 
0.962422 0.217567 -0.090092 1.73454 
0.985354 0.277257 0.0664045 1.79415 
1.0133 0.210317 0.0134617 1.84494 
1.0007 0.246047 0.0363911 1.81842 
0.937441 0.279927 -0.0833329 1.69427 
0.943701 0.27906 -0.0850206 1.70865 
0.960254 0.298214 -0.00213569 1.7408 
0.986068 0.270032 0.0309344 1.7904 
0.967185 0.272363 -0.0286065 1.74945 
0.974951 0.251669 -0.0278393 1.76238 
0.97556 0.252258 -0.0303408 1.76415 
0.998113 0.248152 0.0301099 1.81288 
1.00181 0.24567 0.0312445 1.82105 
0.936653 0.301783 0.0995297 1.70977 
0.957559 0.292863 0.106189 1.7557 
0.94803 0.307393 0.0792626 1.73449 
0.944671 0.303155 0.0937243 1.72713 
1.01416 0.191507 0.00908981 1.84744 
1.0138 0.195815 0.00809148 1.84686 
0.970858 0.303219 0.0435425 1.76804 
1.00977 0.134073 0.0629314 1.83453 
1.00794 0.134069 0.0587207 1.82938 
0.999763 0.247728 0.0342658 1.81645 
0.943769 0.245721 -0.10821 1.69978 
0.963682 0.285056 -0.0181299 1.74476 
0.999435 0.248854 0.03529 1.81596 
1.00094 0.243847 0.0393025 1.81867 
1.03457 0.0956649 -0.0173552 1.8934 
1.03333 0.100598 0.00472973 1.88962 
1.03558 0.0836628 -0.00147054 1.8968 
1.03471 0.0931403 -0.00487223 1.89372 
1.01459 0.20248 0.0149172 1.84814 
0.998533 0.250781 0.0334483 1.81435 
0.956415 0.232375 -0.0857715 1.72245 
0.999903 0.247795 0.0348468 1.81679 
0.977636 0.266549 -0.0150894 1.77164 
0.999939 0.24774 0.0351187 1.81687 
0.986615 0.2285 0.0876772 1.79863 
1.02677 0.182309 0.0538883 1.8781 
0.952869 0.211173 -0.104322 1.71194 
1.00321 0.246598 0.0203549 1.82644 
1.00737 0.185014 0.0595129 1.83215 
1.00667 0.241725 -0.00209065 1.83584 
0.999402 0.224325 -0.0171113 1.82148 
1.03655 0.072229 0.022742 1.901 
1.03273 0.091108 0.0528258 1.89227 
1.03516 0.0655636 0.0575671 1.901 
1.0355 0.0763874 0.045195 1.89963 
1.01374 0.214166 0.00515204 1.8463 
0.951348 0.130542 -0.100724 1.69606 
0.990551 0.269393 0.0796683 1.8062 
0.963454 0.275479 -0.0269229 1.74135 
1.02811 0.13659 0.00757718 1.8744 
1.02829 0.138635 -0.00233196 1.87474 
1.02668 0.145961 0.00527925 1.87089 
1.02827 0.140241 0.00339678 1.87472 
0.986721 0.255812 0.0793126 1.79856 
0.988527 0.245085 0.0715523 1.8003 
0.986078 0.256236 0.0704537 1.79659 
0.986667 0.252946 0.0737942 1.79749 
1.01334 0.214838 0.0242202 1.84477 
0.952544 0.2366 -0.0977192 1.71642 
1.00671 0.239374 0.020422 1.83208 
0.980153 0.276172 0.10382 1.78932 
0.981562 0.281818 0.105938 1.79488 
1.01431 0.213834 0.0132526 1.84749 
1.00789 0.0581677 0.100724 1.83534 
1.01075 0.0429902 0.0838194 1.83978 
1.00992 0.0582807 0.0885845 1.83772 
1.00801 0.0525886 0.0912928 1.83377 
0.991759 0.130497 0.102727 1.79522 
0.965992 0.278824 -0.0234079 1.74844 
1.00414 0.114711 0.075496 1.82055 
0.997737 0.243646 0.0289938 1.81167 
1.00717 0.231574 0.0277859 1.8314 
1.00185 0.247038 0.0293758 1.82179 
1.01563 0.18654 0.00871805 1.85083 
0.976889 0.238667 -0.0370058 1.7646 
0.975214 0.239339 -0.0425051 1.76085 
0.97465 0.244346 -0.0388841 1.76047 
0.975347 0.240524 -0.0397873 1.76133 
1.00016 0.24761 0.033656 1.81763 
1.01572 0.176491 0.0138029 1.84999 
1.00711 0.242183 0.00817268 1.83533 
0.999932 0.247459 0.0342455 1.81696 
1.00032 0.247 0.0346854 1.81762 
0.999079 0.248222 0.0325338 1.81504 
1.01716 0.164397 0.0139705 1.85296 
1.01632 0.16532 0.00825501 1.85127 
0.952562 0.262687 -0.0818799 1.72172 
0.966211 0.306096 0.0264759 1.75776 
1.01899 0.194763 -0.0126957 1.8571 
1.0006 0.0378651 0.124664 1.82231 
1.00231 0.0639415 0.118259 1.82541 
0.994191 0.0782249 0.137136 1.80989 
1.00223 0.0590594 0.1274 1.82724 
1.02448 0.188834 -0.060911 1.87451 
0.999906 0.24783 0.0350172 1.81681 
0.999844 0.247774 0.0346804 1.81663 
0.98834 0.269517 0.0708578 1.79934 
0.944154 0.262779 -0.0983864 1.70468 
1.00874 0.232526 0.0159199 1.8358 
0.9524 0.310666 0.0247757 1.73857 
0.962681 0.2998 0.038427 1.75813 
0.95926 0.303675 0.0146426 1.75008 
0.956124 0.305625 0.0263726 1.7443 
1.02605 0.18066 -0.0458992 1.87549 
1.02469 0.188341 -0.0540133 1.87417 
0.947529 0.290223 -0.064839 1.71975 
0.951974 0.281354 -0.0683311 1.72616 
0.94925 0.28509 -0.0708584 1.7222 
1.00387 0.238373 0.0344396 1.82456 
1.00927 0.174721 0.0574987 1.83535 
0.999608 0.246578 0.0332788 1.81627 
0.999807 0.248067 0.0351403 1.81664 
1.0102 0.0963335 0.0636505 1.83283 
1.01104 0.0924381 0.0623044 1.83456 
1.01082 0.0962036 0.0611593 1.83417 
1.01093 0.0949231 0.0622957 1.83445 
0.97576 0.289292 0.0939795 1.78202 
0.978113 0.287533 0.100076 1.78774 
0.978714 0.285295 0.0933041 1.78791 
0.977061 0.287631 0.0956063 1.78481 
0.975905 0.291476 0.117107 1.78558 
0.97412 0.29176 0.11345 1.78089 
0.987078 0.271992 0.0945221 1.80159 
0.965879 0.299634 0.0122602 1.75411 
0.945796 0.229506 -0.112887 1.70093 
0.98609 0.266331 0.100987 1.79972 
0.986471 0.265466 0.103864 1.80126 
0.986393 0.263258 0.0997243 1.80024 
0.985881 0.264769 0.101302 1.79921 
1.02731 0.150066 -0.012529 1.87286 
1.02853 0.141323 -0.0115675 1.87562 
1.02834 0.144791 -0.0197279 1.87564 
1.0283 0.145256 -0.0148038 1.87527 
1.02926 0.138247 -0.0504698 1.88114 
1.02944 0.137498 -0.0439066 1.88073 
1.02995 0.132588 -0.0488238 1.88268 
1.0299 0.136012 -0.047997 1.88243 
1.0116 0.103422 0.0564398 1.83616 
1.01064 0.107048 0.0596268 1.83428 
1.0109 0.0999092 0.0592291 1.83442 
1.01149 0.103361 0.0584101 1.83606 
1.01816 0.0758237 0.0202661 1.8524 
1.01878 0.0577337 0.0292801 1.85439 
1.02008 0.0620354 0.0122017 1.85777 
1.01855 0.0649728 0.0197474 1.85364 
0.991742 0.227827 0.0103288 1.79741 
1.00015 0.247344 0.0347518 1.81729 
1.0201 0.20871 -0.06059 1.86765 
1.01401 0.211866 0.0105121 1.84682 
1.01341 0.100705 0.0525287 1.84033 
1.01432 0.0950299 0.0493745 1.84234 
1.01369 0.102122 0.0483805 1.84089 
1.01434 0.0992327 0.0501136 1.84252 
1.02815 0.138896 0.013632 1.87476 
1.02702 0.148072 0.01076 1.87199 
1.02664 0.146969 0.0206502 1.87155 
1.02709 0.14441 0.0151422 1.87226 
0.99737 0.248465 0.0284822 1.81128 
0.977351 0.272294 0.121344 1.78797 
0.972364 0.277841 0.120451 1.77867 
0.973657 0.265099 0.128149 1.78093 
0.975423 0.272308 0.123331 1.78501 
1.01381 0.213955 0.00775823 1.84644 
0.984621 0.276814 0.0290799 1.78946 
1.02306 0.191277 -0.0499381 1.8701 
0.978182 0.289919 0.0494509 1.77999 
1.00661 0.127996 0.0702824 1.82694 
1.01012 0.0913049 0.0745906 1.83532 
1.01095 0.0856386 0.0734377 1.83674 
1.01112 0.0881236 0.0696434 1.83659 
1.01071 0.0881651 0.0726273 1.83613 
0.99813 0.249214 0.0313015 1.81305 
1.00568 0.234587 0.0302146 1.82828 
0.97495 0.281146 -0.000494248 1.769 
0.947034 0.213358 -0.116619 1.7004 
0.999925 0.247785 0.0355029 1.81687 
1.00312 0.239476 0.0323839 1.82289 
0.998724 0.152225 0.0905793 1.81318 
1.01274 0.210876 0.0423455 1.84532 
0.980708 0.223442 0.139874 1.79335 
0.983535 0.239971 0.130627 1.79894 
0.976435 0.247441 0.134995 1.78585 
0.981564 0.23761 0.135588 1.79618 
1.02326 0.197704 -0.0582184 1.87276 
0.994231 0.135784 0.0988635 1.80134 
1.00014 0.247668 0.0342508 1.81743 
1.01336 0.0806965 0.0609682 1.84051 
1.01394 0.0784155 0.0568769 1.84178 
1.01359 0.0838952 0.056968 1.84065 
1.01375 0.0807419 0.0583733 1.84128 
0.989823 0.261934 0.0847934 1.80302 
0.998765 0.247374 0.0317188 1.81418 
0.996307 0.14859 0.121597 1.81678 
0.998035 0.168426 0.110628 1.82063 
0.993508 0.178245 0.124019 1.81341 
0.997025 0.165477 0.118962 1.8197 
0.981067 0.269183 0.0662201 1.78723 
0.981878 0.271366 0.0753705 1.79034 
0.984189 0.264002 0.0689273 1.79374 
0.982017 0.268279 0.0698102 1.78954 
1.01312 0.215466 0.0308563 1.84423 
0.976961 0.271508 -0.00885906 1.77102 
1.00422 0.245072 0.0119618 1.82938 
0.949497 0.199564 -0.116588 1.70328 
1.01272 0.216032 0.0338148 1.84333 
1.01365 0.209657 0.0221412 1.84541 
1.0262 0.152686 0.0126854 1.87019 
1.02406 0.160194 0.0199011 1.86578 
1.02579 0.152059 0.0218575 1.86974 
1.02575 0.154887 0.0185412 1.86952 
1.01739 0.195853 0.00264663 1.85296 
1.01486 0.119951 0.0432272 1.84446 
1.01553 0.112214 0.0377671 1.84571 
1.015 0.124808 0.0377995 1.8449 
1.01515 0.119167 0.0395738 1.84506 
1.0165 0.20338 -0.0011879 1.8518 
0.988785 0.249583 0.0947569 1.80351 
0.987127 0.256716 0.0881171 1.80023 
0.987178 0.259068 0.0953984 1.80122 
0.987453 0.25538 0.0924688 1.80104 
0.999462 0.247741 0.0334672 1.8158 
0.972258 0.29815 0.0348634 1.76859 
0.995469 0.146129 0.0978909 1.80557 
1.01517 0.194306 0.0295948 1.84865 
1.00037 0.24547 0.0402248 1.81771 
1.0117 0.22276 0.031867 1.84133 
0.999654 0.247155 0.0339924 1.81616 
1.02922 0.142232 -0.0369191 1.87933 
1.02845 0.150141 -0.035676 1.87748 
1.02875 0.144996 -0.0297335 1.87747 
1.02863 0.145533 -0.0337796 1.87757 
0.934612 0.311199 0.0015242 1.69857 
0.943656 0.313761 0.0119905 1.72027 
0.94277 0.311688 -0.00690205 1.71681 
0.939755 0.313042 0.00171949 1.71074 
0.974276 0.277035 -0.00828103 1.76643 
0.997725 0.250426 0.0316006 1.81236 
0.989362 0.259294 0.100712 1.80451 
1.01168 0.220118 0.0322853 1.84101 
0.999151 0.248141 0.0331027 1.81515 
0.954022 0.201312 -0.108517 1.71344 
0.963108 0.309406 0.0515078 1.75354 
1.00064 0.245619 0.0355026 1.81811 
1.001 0.244957 0.0361831 1.81889 
1.01574 0.183407 0.0159147 1.85028 
1.00803 0.103837 0.0698635 1.82864 
1.0092 0.100703 0.0666092 1.83097 
1.00843 0.106823 0.0671497 1.82955 
1.00885 0.103553 0.0678514 1.83045 
0.999473 0.248123 0.0338399 1.81588 
1.01397 0.207057 0.0100767 1.84663 
1.01455 0.226459 -0.0576219 1.86036 
0.965571 0.293701 -0.00363191 1.75171 
1.00014 0.247393 0.0348441 1.81728 
1.02201 0.198354 -0.0625324 1.87027 
0.999296 0.249124 0.0358145 1.81572 
1.00144 0.243498 0.0366713 1.81968 
1.0271 0.157605 -0.022694 1.8734 
1.02717 0.15397 -0.0157147 1.87287 
1.02806 0.149071 -0.0223863 1.87528 
1.02726 0.153446 -0.0199865 1.87332 
1.01266 0.219131 0.0141508 1.84366 
1.0202 0.184326 -0.00413868 1.85825 
0.962127 0.291072 -0.0117838 1.74295 
1.01315 0.212419 0.0264606 1.84419 
1.03217 0.107909 -0.0240532 1.88663 
1.03169 0.119949 -0.0258809 1.88491 
1.03154 0.117017 -0.0142279 1.88392 
1.03192 0.115048 -0.0213175 1.88539 
0.998522 0.250291 0.04529 1.81491 
1.02274 0.179859 -0.00438427 1.86394 
0.988773 0.24309 0.0644507 1.8001 
0.986242 0.24946 0.0551925 1.79469 
0.986286 0.255222 0.0648956 1.79658 
0.987424 0.249437 0.0609173 1.7979 
1.02954 0.126482 0.00961628 1.87829 
1.03117 0.114744 0.00914508 1.88307 
1.03038 0.119502 -0.00165718 1.88057 
1.031 0.120265 0.00544117 1.88219 
1.01345 0.202544 0.0101365 1.84589 
0.999803 0.247309 0.0343772 1.81649 
1.01564 0.212342 -0.00751735 1.85128 
1.00845 0.136825 0.0658289 1.83178 
1.02134 0.177683 0.0125586 1.86026 
1.02114 0.179308 0.009353 1.85983 
1.02084 0.179594 0.0113578 1.85916 
1.0209 0.178882 0.0110748 1.85923 
0.999739 0.247159 0.0342147 1.81637 
1.00037 0.246825 0.0350168 1.81771 
0.958601 0.153846 -0.0911658 1.7152 
1.02404 0.187064 -0.0671728 1.87367 
0.985572 0.239242 -0.0153008 1.78424 
0.943555 0.296036 -0.0578281 1.71308 
0.938454 0.296906 -0.0549414 1.70201 
0.941865 0.300631 -0.0477626 1.71074 
0.941301 0.29819 -0.0535529 1.70881 
0.983704 0.250651 -0.0115704 1.78158 
1.02506 0.183957 -0.0655051 1.87557 
0.961036 0.14067 -0.0704166 1.71844 
0.991973 0.200092 0.095825 1.80631 
1.00233 0.244307 0.0299196 1.82202 
1.02246 0.208254 -0.0774769 1.87578 
0.974428 0.25668 -0.0163297 1.76416 
0.97523 0.257 -0.0270463 1.76568 
0.973712 0.259856 -0.024197 1.76338 
0.999552 0.247576 0.0338112 1.81596 
1.01815 0.0629731 0.0351766 1.85247 
1.01794 0.078505 0.0259764 1.85162 
1.01752 0.0761524 0.0366066 1.85036 
1.0171 0.0725363 0.0326987 1.84948 
0.996385 0.12906 0.0930943 1.80502 
1.01631 0.111564 0.0331439 1.84769 
1.01671 0.121389 0.0254098 1.84919 
1.01627 0.125487 0.0337572 1.84812 
1.01602 0.119588 0.0307626 1.84727 
0.999187 0.246861 0.0321911 1.81512 
0.976305 0.262524 0.112126 1.78876 
0.98946 0.231894 0.111045 1.81038 
0.984709 0.251991 0.0920446 1.80051 
0.982393 0.2494 0.105641 1.79713 
1.01447 0.107783 0.0404165 1.8429 
1.0139 0.115001 0.0450746 1.84187 
1.01364 0.10656 0.0455125 1.84087 
1.01501 0.109821 0.0437257 1.8444 
0.952361 0.142681 -0.104824 1.6999 
0.998516 0.252356 0.0370318 1.81488 
0.999787 0.24695 0.0325167 1.81696 
1.00044 0.246595 0.0358389 1.81787 
0.964055 0.291022 -0.00946094 1.74736 
1.02121 0.214219 -0.0757865 1.87435 
0.967569 0.292238 -0.000532178 1.75565 
1.02763 0.153764 -0.0331336 1.87535 
1.02688 0.157245 -0.0266989 1.87313 
1.02796 0.14904 -0.0268501 1.87537 
1.02738 0.1532 -0.0290833 1.87431 
0.99603 0.254803 0.0429511 1.80991 
0.984456 0.26955 0.102841 1.79678 
0.985285 0.266335 0.100714 1.79734 
0.985261 0.270405 0.0981344 1.79777 
0.985015 0.268619 0.100506 1.79727 
0.961926 0.296886 0.014097 1.75281 
0.964588 0.290919 0.0361564 1.75802 
0.969241 0.282502 0.0196343 1.76421 
0.967571 0.290584 0.02354 1.7641 
1.02809 0.150417 -0.0393312 1.87697 
1.02891 0.143281 -0.0404298 1.87896 
1.02885 0.147802 -0.0436528 1.87932 
1.0286 0.147046 -0.0413668 1.87836 
0.985132 0.256519 0.00139346 1.7854 
0.97863 0.288531 0.105895 1.78995 
0.976057 0.291946 0.10893 1.78513 
0.978362 0.288649 0.112861 1.79016 
0.977628 0.290016 0.109138 1.78836 
0.989582 0.153386 0.107172 1.79384 
0.99972 0.2482 0.0361917 1.81651 
1.01249 0.203529 0.0964231 1.84914 
1.00244 0.240451 0.0367776 1.82152 
1.02218 0.179987 0.000875856 1.86248 
1.02156 0.178763 -0.00111649 1.86076 
1.01377 0.216922 -0.0102042 1.84763 
1.02878 0.162419 -0.0557158 1.88144 
1.01398 0.203152 0.0103125 1.84665 
1.02476 0.184046 -0.035478 1.87167 
1.02762 0.166302 -0.05808 1.87909 
1.0022 0.24214 0.0359122 1.82124 
1.0211 0.185322 -0.000287004 1.86056 
1.02135 0.179046 0.00668269 1.86029 
1.02198 0.175328 0.0067095 1.86138 
1.02152 0.178565 0.0039633 1.8606 
1.02178 0.17776 0.00586214 1.86117 
1.00322 0.241743 0.0292113 1.82362 
0.980267 0.277415 0.0814026 1.78845 
0.977657 0.281788 0.079494 1.78321 
0.979141 0.282011 0.086883 1.78744 
0.979092 0.280663 0.0824089 1.7866 
0.99986 0.247297 0.0345371 1.81666 
1.01753 0.218333 -0.0443114 1.8615 
1.00012 0.247445 0.0347986 1.81722 
1.02939 0.141069 -0.0437466 1.88059 
1.02921 0.141382 -0.0497044 1.88095 
1.02883 0.146114 -0.0460412 1.87958 
1.02901 0.142769 -0.0464162 1.88 
0.959934 0.290207 0.0938854 1.75635 
0.961949 0.295609 0.0641269 1.75766 
0.950688 0.305723 0.0708544 1.73755 
0.959347 0.298382 0.0775518 1.7555 
1.01638 0.225582 -0.0480488 1.86151 
1.00684 0.115573 0.0696163 1.82639 
1.00893 0.12267 0.068865 1.83217 
0.996811 0.165115 0.0893361 1.80983 
1.0117 0.179727 0.0505414 1.8409 
1.00205 0.242266 0.0340736 1.82083 
0.969942 0.2871 -0.00528293 1.75963 
1.00109 0.244297 0.0379392 1.81905 
1.01504 0.187421 0.0132384 1.84897 
1.01304 0.231131 -0.0380745 1.85389 
1.0247 0.162411 0.0160819 1.86728 
1.02542 0.15598 0.0100882 1.86827 
1.02461 0.161859 0.0100539 1.86665 
1.02476 0.160015 0.0122399 1.86699 
0.970722 0.285022 0.0676607 1.77456 
0.969145 0.278628 0.0976966 1.77403 
0.978527 0.263769 0.0828315 1.7876 
0.972983 0.276433 0.0828884 1.77919 
0.963809 0.309486 0.0409994 1.75454 
1.00011 0.247422 0.0349094 1.81721 
0.99994 0.247667 0.03481 1.81684 
1.01407 0.205131 0.00986551 1.84684 
0.959197 0.138465 -0.0879935 1.71493 
0.99852 0.247067 0.0305284 1.81366 
0.999358 0.246306 0.0491283 1.81632 
1.02798 0.137009 0.0337882 1.87602 
1.02833 0.13529 0.0192301 1.87555 
1.02744 0.144789 0.0263539 1.87398 
1.02781 0.139216 0.0261049 1.87482 
1.0263 0.170828 -0.0311434 1.87332 
1.01484 0.186214 0.0210214 1.84784 
0.951433 0.156261 -0.109032 1.69964 
0.961553 0.306747 0.0199035 1.74696 
0.993155 0.110176 0.141085 1.81035 
0.99448 0.128569 0.131634 1.81274 
0.989151 0.140015 0.14206 1.80341 
0.993585 0.126526 0.138685 1.8122 
1.01433 0.0799538 0.0535464 1.84253 
1.01435 0.0873078 0.0506409 1.84237 
1.01393 0.0854747 0.05474 1.8414 
1.014 0.084384 0.0530116 1.84157 
0.955176 0.193127 -0.105735 1.71424 
1.00512 0.143054 0.0746327 1.82527 
0.989471 0.267419 0.036611 1.7978 
1.01106 0.227235 0.00672762 1.84126 
0.976915 0.292117 0.0395571 1.77736 
0.999659 0.248556 0.0364476 1.81648 
0.988952 0.268047 0.0240333 1.79691 
0.972307 0.281588 0.0444963 1.77357 
0.979219 0.261492 0.036818 1.78208 
0.974591 0.274189 0.02515 1.77431 
0.97312 0.271924 0.0352431 1.77077 
1.01454 0.0864071 0.0479556 1.84278 
1.0147 0.0780621 0.0508321 1.84344 
1.01532 0.0802844 0.0440834 1.84478 
1.0149 0.0813876 0.0475054 1.84376 
0.986484 0.250783 -0.00266519 1.78768 
0.972078 0.261194 -0.0322791 1.7581 
0.970591 0.265425 -0.0302231 1.75558 
0.995039 0.180793 0.0946916 1.80937 
0.97826 0.284228 0.101111 1.78711 
0.980281 0.276547 0.0994851 1.78946 
0.978466 0.2819 0.0945273 1.78633 
0.979576 0.281048 0.0982033 1.78906 
0.979698 0.256937 0.0486188 1.78298 
0.97313 0.278061 0.0573862 1.7758 
0.981009 0.25916 0.07151 1.79002 
0.979639 0.26477 0.0598412 1.787 
1.00493 0.235579 0.0340197 1.82665 
1.01386 0.213925 0.0111353 1.84651 
0.985118 0.167583 0.109066 1.78545 
1.01424 0.209427 0.0116808 1.84731 
1.00328 0.241153 0.0326694 1.82361 
0.978719 0.201193 -0.0347134 1.76478 
1.00131 0.241305 0.0476481 1.81974 
0.940496 0.28622 -0.0762068 1.70354 
0.944745 0.290535 -0.0677127 1.71423 
0.9443 0.283923 -0.0778403 1.71107 
0.942746 0.287561 -0.0742182 1.70886 
0.98386 0.245284 -0.0168805 1.78137 
0.99689 0.16873 0.0959327 1.81208 
1.01151 0.217173 0.0398032 1.8408 
0.995276 0.146166 0.12874 1.81576 
0.992101 0.175889 0.130316 1.81144 
0.990928 0.156571 0.138595 1.80877 
0.99156 0.159145 0.133014 1.80894 
1.01191 0.215507 0.0625245 1.84386 
1.00178 0.246464 0.0299195 1.8213 
0.996604 0.254749 0.03233 1.81092 
0.976381 0.241505 -0.0346016 1.76388 
0.974988 0.247915 -0.0341083 1.7619 
0.974704 0.245007 -0.0357823 1.76061 
1.00031 0.246613 0.0363316 1.81758 
1.03168 0.11931 -0.0328389 1.88556 
1.0337 0.107187 -0.032865 1.89119 
1.03268 0.113454 -0.0426691 1.88924 
1.03206 0.113143 -0.0365752 1.88709 
0.99265 0.154544 0.10182 1.80046 
1.01143 0.218903 0.0350008 1.84037 
1.00186 0.245463 0.0302593 1.82116 
0.999081 0.251552 0.0820848 1.82243 
1.02371 0.191143 -0.0577913 1.87263 
0.999799 0.247478 0.0345176 1.81646 
0.994039 0.206147 0.0820552 1.80972 
0.986761 0.225605 -0.0115287 1.78497 
0.936017 0.304917 -0.0304809 1.69893 
0.941939 0.308459 -0.023363 1.71349 
0.9417 0.304479 -0.0366527 1.71167 
0.939001 0.306414 -0.0304694 1.70609 
1.00138 0.24671 0.0307975 1.8203 
1.01406 0.196123 0.0252914 1.84603 
0.987382 0.275595 0.12076 1.8091 
1.00987 0.113406 0.062864 1.83312 
1.00832 0.122114 0.0657663 1.83024 
1.00867 0.112736 0.0665504 1.83047 
1.00934 0.115931 0.0648407 1.83221 
1.01209 0.172877 0.0468824 1.84095 
1.02274 0.203351 -0.0748507 1.87469 
0.9986 0.192413 0.0842182 1.8183 
1.01393 0.205702 0.026068 1.84596 
0.944408 0.308343 -0.0234217 1.71833 
0.949006 0.303593 -0.0330738 1.72637 
0.943324 0.304502 -0.0373274 1.71476 
0.946836 0.305717 -0.0315186 1.723 
0.999742 0.248326 0.037162 1.81666 
1.01489 0.201283 0.0238591 1.84831 
1.00743 0.23578 0.0169725 1.83319 
0.999799 0.247435 0.0344523 1.81646 
0.998175 0.244909 0.0284992 1.81278 
0.962465 0.304407 0.0121188 1.74824 
1.00007 0.247439 0.0372261 1.81723 
1.02128 0.20857 -0.0749554 1.87244 
0.989673 0.222514 0.126493 1.81257 
0.974121 0.256475 0.129576 1.78638 
0.983602 0.216841 0.156144 1.8059 
0.983727 0.232364 0.138311 1.80464 
0.962876 0.298107 0.00110891 1.74684 
0.984628 0.242102 0.0931103 1.79888 
0.981129 0.288008 0.122798 1.79799 
0.99936 0.247668 0.0330507 1.81557 
0.996502 0.221123 -0.0246182 1.81497 
0.991229 0.184357 0.101814 1.80221 
0.95347 0.131327 -0.0926159 1.70064 
1.02879 0.154933 -0.0429093 1.87933 
1.02991 0.152646 -0.0448984 1.88238 
1.01767 0.214999 -0.0253063 1.85846 
0.968647 0.273747 -0.0254089 1.7532 
0.95356 0.274946 -0.0790772 1.72879 
0.946096 0.311199 -0.00624969 1.72338 
0.947797 0.312422 0.0136259 1.72834 
0.953882 0.307053 0.00412098 1.73873 
0.950722 0.310763 0.00373221 1.7339 
0.981294 0.283188 0.051504 1.78479 
1.02544 0.156093 0.00564168 1.8682 
1.02503 0.161985 0.00191534 1.86755 
1.02472 0.161665 0.00738387 1.86681 
1.02502 0.159919 0.00498092 1.8674 
0.998319 0.24929 0.0322618 1.81344 
0.966346 0.286473 -0.0138993 1.75144 
0.966624 0.278187 -0.0220644 1.74953 
1.00048 0.246149 0.0354996 1.81786 
1.00038 0.246738 0.0347888 1.81771 
0.999863 0.247364 0.0346512 1.81665 
0.979114 0.287447 0.0308626 1.78039 
0.971265 0.268194 -0.0265738 1.75777 
0.985732 0.277817 0.0585773 1.79423 
1.00034 0.247065 0.0343585 1.81768 
0.96919 0.294232 0.00638665 1.75999 
1.00416 0.245592 0.0223647 1.8276 
0.997408 0.253474 0.0347575 1.81246 
0.987256 0.262655 0.0137189 1.79141 
0.953596 0.303305 -0.0256822 1.73648 
0.948639 0.309027 -0.0155604 1.72816 
0.956249 0.304706 -0.00644903 1.74297 
0.951263 0.306247 -0.0159011 1.73221 
0.999589 0.183848 0.109446 1.82561 
0.996425 0.205597 0.113858 1.82057 
0.994213 0.192766 0.121803 1.81608 
0.995428 0.194432 0.115431 1.81751 
0.960491 0.301374 0.0508894 1.75534 
0.949539 0.312061 0.0351445 1.73363 
0.950844 0.3093 0.0577974 1.73821 
0.953461 0.308548 0.0469352 1.74212 
0.983837 0.123184 0.158411 1.79289 
0.99026 0.106292 0.148268 1.80465 
0.988864 0.140213 0.147818 1.80446 
0.986134 0.123885 0.151691 1.79698 
1.00025 0.247022 0.0350364 1.81745 
0.992342 0.225787 0.0710732 1.80633 
0.995816 0.214416 0.0823119 1.81446 
0.997204 0.208207 0.0699514 1.81601 
0.997244 0.215701 0.0745675 1.81736 
0.96975 0.271863 -0.024187 1.7551 
1.02969 0.133283 -0.00518121 1.87832 
1.02965 0.13076 0.0050942 1.8783 
1.03108 0.124178 -0.00489513 1.88214 
1.02951 0.129285 -0.00144446 1.87792 
1.0001 0.247467 0.0348782 1.81719 
0.982052 0.269477 0.0791273 1.79047 
0.984396 0.262354 0.0808638 1.79446 
0.983895 0.262081 0.0727476 1.79274 
0.984181 0.264704 0.0775904 1.79436 
0.998206 0.251406 0.0364055 1.81376 
1.01493 0.192224 0.0213537 1.84821 
0.977511 0.278497 0.0058656 1.77374 
0.999205 0.247136 0.032754 1.81515 
1.02083 0.182449 0.00158349 1.85944 
0.988885 0.188448 0.134079 1.80601 
0.984267 0.195415 0.142133 1.79843 
0.987498 0.167778 0.142195 1.80265 
0.987321 0.184411 0.139642 1.80352 
0.993621 0.258315 0.0427778 1.80516 
0.991546 0.264149 0.0934774 1.80968 
1.00364 0.244236 0.0094964 1.82861 
0.954683 0.128047 -0.077358 1.70239 
1.0016 0.242166 0.0438985 1.8203 
0.952402 0.217974 -0.109388 1.71337 
0.948324 0.228219 -0.106731 1.70555 
0.993052 0.260795 0.0664541 1.80741 
0.99764 0.25256 0.0333552 1.81274 
1.01279 0.217864 0.0294303 1.84356 
0.963052 0.290032 -0.0172567 1.75144 
0.955757 0.298967 -0.0265994 1.73896 
0.958907 0.299289 -0.00676885 1.74618 
0.960789 0.296516 -0.0169256 1.74937 
1.0029 0.242177 0.03103 1.8229 
0.950533 0.300369 -0.0417721 1.72901 
0.946715 0.296936 -0.0542212 1.72002 
0.944962 0.301673 -0.0441956 1.71783 
0.946669 0.299873 -0.0472364 1.72053 
0.967511 0.285055 -0.00742444 1.75988 
0.964107 0.294967 0.00302561 1.75671 
0.970156 0.281177 0.0094759 1.76531 
0.966484 0.287338 0.00178382 1.75873 
0.981822 0.284447 0.108448 1.79672 
0.979513 0.284278 0.113664 1.79168 
0.980052 0.282748 0.117642 1.79297 
0.968335 0.265579 0.0906102 1.76496 
1.02411 0.267192 0.00997027 1.89795 
0.976227 0.269271 0.0720198 1.78331 
1.00797 0.269675 0.0335093 1.85894 
1.04122 0.24142 0.00451011 1.93423 
1.05713 0.203863 0.00729131 1.96536 
1.0501 0.178594 0.019456 1.93952 
1.0347 0.193906 0.00988308 1.90389 
1.09276 0.139103 0.0408185 2.04479 
1.05967 0.152933 0.0355858 1.95886 
1.08777 0.148395 0.0760164 2.03669 
1.08075 0.156721 0.11289 2.02348 
1.07515 0.165091 0.143467 2.01323 
1.07163 0.175345 0.164924 2.00744 
1.00953 0.218989 0.143059 1.85388 
1.03025 0.195373 0.136702 1.90005 
1.00566 0.230779 0.142757 1.8467 
1.00253 0.253513 0.136166 1.8432 
1.002 0.243473 0.136501 1.83928 
0.995301 0.266238 0.134391 1.82843 
0.9894 0.279926 0.130604 1.81705 
0.979548 0.170817 -0.0209364 1.76719 
1.01277 0.228612 -0.0505303 1.85781 
0.99904 0.24973 0.0343249 1.81526 
0.998427 0.250104 0.0334499 1.81387 
0.988252 0.262955 0.0205325 1.7935 
0.995361 0.237154 0.0219465 1.80596 
0.993256 0.232506 0.0138059 1.80058 
0.994587 0.242339 0.0206514 1.80414 
0.992296 0.233955 0.00844423 1.79829 
1.01025 0.226236 0.0473812 1.8392 
1.00733 0.224268 0.0403668 1.83114 
1.00763 0.230915 0.0503815 1.83365 
1.00851 0.225784 0.0356669 1.83394 
1.0012 0.24403 0.0627215 1.82213 
0.998443 0.24142 0.0247593 1.81438 
1.00767 0.203861 0.0539196 1.83517 
0.99736 0.228704 -0.00578048 1.81508 
1.00095 0.237738 0.00410942 1.82309 
0.963055 0.241818 -0.0727194 1.73877 
1.00124 0.219931 0.0668336 1.82814 
0.986821 0.267099 0.102721 1.80175 
0.987377 0.270338 0.103426 1.80472 
0.98945 0.232426 -0.0014899 1.79157 
0.971069 0.164741 -0.0338744 1.74387 
0.998974 0.249191 0.0339278 1.81493 
1.01081 0.230547 -0.043591 1.85144 
0.999146 0.236932 0.0124149 1.81753 
