0.961477 0.204875 -0.0835909 1.72852 
1.0001 0.247487 0.0347315 1.81719 
1.01502 0.225482 -0.0168292 1.85314 
0.98776 0.248855 0.118059 1.80559 
0.990013 0.247765 0.106265 1.80804 
0.985686 0.261605 0.109104 1.80028 
0.987338 0.252485 0.111564 1.80336 
1.01211 0.219627 0.038209 1.84222 
0.999612 0.248461 0.0355888 1.81629 
1.01634 0.216883 0.0272407 1.8611 
0.967984 0.297471 0.0997643 1.76986 
0.972759 0.296267 0.097672 1.7784 
0.967148 0.303275 0.0888006 1.76682 
0.968881 0.299624 0.0955391 1.7709 
1.01244 0.230542 -0.0112949 1.84732 
1.00852 0.0934836 0.0694068 1.82892 
1.00927 0.0913766 0.066878 1.83038 
1.01006 0.0948746 0.0666501 1.83265 
1.00945 0.0928237 0.0679186 1.83106 
1.00324 0.244637 0.0262994 1.8246 
1.02764 0.135169 0.0525094 1.87762 
1.02306 0.148884 0.0752554 1.87058 
1.02878 0.121862 0.0637938 1.88233 
1.02632 0.133845 0.0640619 1.87615 
1.00221 0.24733 0.0252537 1.82346 
0.993416 0.259217 0.0319183 1.80462 
1.0278 0.170979 -0.0567886 1.8799 
1.0007 0.24754 0.0301685 1.81954 
1.0128 0.205958 0.0408574 1.84418 
1.02159 0.18945 -0.0245432 1.86352 
1.01519 0.224886 -0.0207074 1.85412 
1.02817 0.16637 -0.0486484 1.87945 
0.960475 0.263194 0.129341 1.75155 
0.964962 0.241366 0.140913 1.76054 
0.968899 0.254864 0.13419 1.77054 
0.965985 0.252525 0.135818 1.76404 
1.00805 0.136461 0.0565465 1.8293 
1.01115 0.145712 0.0548009 1.8375 
1.00488 0.236074 0.0270618 1.8266 
1.0001 0.247689 0.0346826 1.81726 
1.02632 0.172044 -0.0522587 1.87581 
0.990092 0.252228 0.0133619 1.79546 
0.929915 0.293708 0.120413 1.69429 
0.93871 0.268715 0.157118 1.71485 
0.953459 0.282065 0.126451 1.74627 
0.943874 0.283586 0.135147 1.72715 
1.00009 0.247476 0.034771 1.81717 
1.00129 0.245123 0.0330168 1.81956 
0.992377 0.259089 0.0253782 1.80222 
1.01465 0.201527 0.0411749 1.84857 
1.01145 0.0734188 0.0701133 1.83738 
1.01239 0.079425 0.0662138 1.83888 
1.01115 0.0803161 0.0720372 1.83679 
1.01217 0.0778295 0.0696654 1.83898 
0.969799 0.235469 -0.0572858 1.75087 
1.01391 0.209702 0.0318036 1.84604 
1.02032 0.180849 0.0159167 1.85871 
1.01982 0.180964 0.0215245 1.85815 
1.02111 0.178079 0.0164982 1.86014 
1.02028 0.180068 0.0178506 1.85863 
1.01094 0.112149 0.0591447 1.83532 
1.01192 0.108515 0.0555544 1.83718 
1.01155 0.120503 0.0561179 1.8371 
1.01125 0.113549 0.0570753 1.83597 
0.963793 0.286512 -0.0275423 1.75182 
0.958746 0.28301 -0.0516112 1.74004 
0.957235 0.29526 -0.037529 1.74125 
0.958946 0.289468 -0.0385483 1.74229 
1.02407 0.222467 -0.0689756 1.88439 
1.01258 0.219132 0.0107655 1.8436 
1.00196 0.12386 0.0772601 1.81607 
1.01226 0.2114 0.0382761 1.84705 
1.00156 0.243995 0.0328247 1.81997 
0.997834 0.25197 0.038795 1.81317 
0.969029 0.206449 -0.0651935 1.74467 
1.01384 0.200843 0.00977484 1.84688 
1.01119 0.222387 0.0172721 1.84021 
0.99488 0.257085 0.0537442 1.80898 
1.01916 0.114666 -0.0181812 1.85725 
1.01761 0.126708 -0.0056553 1.85334 
1.0188 0.108295 -0.00766943 1.85568 
1.0178 0.116262 -0.0110648 1.85362 
1.01494 0.199822 0.00972074 1.84798 
0.998676 0.245404 0.0313392 1.81394 
1.01411 0.198879 0.0109359 1.84745 
1.01702 0.194933 0.00797037 1.85206 
1.02932 0.161517 -0.0519698 1.88234 
0.981231 0.28251 0.0813034 1.78828 
1.00016 0.247637 0.0338033 1.81753 
1.01563 0.161709 -0.00745919 1.85025 
1.02028 0.155693 -0.0126668 1.86177 
0.999332 0.24682 0.0331286 1.81541 
1.00082 0.245625 0.0339994 1.81854 
1.02049 0.18274 0.0166914 1.85981 
1.02131 0.1902 0.019379 1.86452 
1.0186 0.185099 0.0225762 1.85633 
1.01953 0.18568 0.0186389 1.85859 
1.02133 0.123464 -0.0185472 1.86321 
1.01892 0.13954 -0.015002 1.85767 
1.01647 0.133601 -0.00846809 1.85094 
1.01774 0.132219 -0.0154712 1.85436 
1.00132 0.24687 0.0252647 1.82167 
1.01383 0.200459 0.00817954 1.84705 
1.00004 0.247645 0.0344302 1.8172 
1.01388 0.224674 -0.00721549 1.84916 
1.02462 0.183628 -0.028604 1.87057 
1.00012 0.247668 0.0346434 1.8173 
0.983716 0.278816 0.043239 1.78839 
0.976707 0.256215 -0.0220193 1.76704 
1.00588 0.211409 0.0504707 1.83264 
1.00478 0.235135 0.0469117 1.82697 
1.01843 0.188119 0.00463488 1.85434 
1.00795 0.240335 0.0105808 1.83633 
0.999791 0.247747 0.0345293 1.8165 
1.00872 0.202811 0.0504092 1.83606 
1.00317 0.172902 0.0899181 1.83013 
1.00699 0.162076 0.0678516 1.83605 
1.00356 0.18905 0.0698845 1.83005 
1.00425 0.173857 0.0761107 1.83111 
0.982196 0.212125 -0.0296718 1.7738 
0.983499 0.219715 -0.0310992 1.77726 
0.982994 0.227012 -0.0198152 1.7773 
0.987598 0.218144 -0.011888 1.78753 
0.984636 0.220617 -0.020535 1.78028 
1.0006 0.211541 0.0610263 1.82218 
0.99303 0.254521 0.0207062 1.80272 
0.963209 0.275907 -0.048604 1.7471 
0.966436 0.279457 -0.0265628 1.75473 
0.968785 0.267653 -0.0341572 1.75543 
0.96722 0.275153 -0.0355822 1.75517 
0.991584 0.246074 0.00985815 1.79812 
0.999878 0.24736 0.0344494 1.81676 
0.980317 0.281593 0.0993022 1.7901 
0.981012 0.27629 0.101631 1.79032 
1.01336 0.219666 -0.000140696 1.84635 
1.01092 0.1565 0.0547251 1.83771 
1.00074 0.246191 0.0339062 1.81846 
1.04288 0.0806912 -0.0432354 1.91671 
1.03887 0.0950411 -0.0507446 1.90635 
1.03398 0.0935771 -0.0373845 1.89303 
1.03733 0.0891313 -0.0464605 1.90226 
0.948796 0.179645 -0.112074 1.69716 
1.02307 0.173835 -0.00397663 1.864 
1.02436 0.167499 -0.00336592 1.86648 
1.02456 0.171444 -0.00980818 1.86763 
1.02403 0.170765 -0.00558768 1.86607 
0.991105 0.238277 0.106496 1.80941 
0.989862 0.238002 0.119545 1.80953 
0.993397 0.223576 0.113158 1.81468 
0.992435 0.233331 0.113273 1.81355 
1.01572 0.228011 -0.0377523 1.85905 
1.01473 0.201718 0.00887247 1.84772 
1.01805 0.203802 -0.0201353 1.85671 
0.994798 0.251369 0.0241717 1.80602 
0.973021 0.254759 -0.0324555 1.75972 
0.999624 0.248233 0.0344999 1.81623 
1.02079 0.181846 0.00516266 1.85928 
1.02011 0.181327 0.00359455 1.85746 
1.02046 0.181134 0.00844701 1.85835 
1.01879 0.183884 0.00843454 1.85457 
1.02012 0.180894 0.0104968 1.85748 
1.02027 0.181593 0.00910183 1.85793 
0.957668 0.310565 0.0650499 1.74348 
1.01108 0.231873 0.00154297 1.84289 
1.01724 0.128478 0.00176849 1.85207 
1.01709 0.122383 0.012252 1.85078 
1.01836 0.110029 0.000239019 1.8542 
1.01819 0.120534 0.00492808 1.85391 
0.974468 0.193992 -0.0187867 1.75116 
0.979432 0.213917 -0.0304719 1.7664 
0.988777 0.209202 -0.00994482 1.78911 
0.984377 0.205418 -0.0245988 1.77742 
1.01242 0.229278 -0.0218197 1.84888 
1.0103 0.190203 0.0486679 1.83803 
0.978554 0.221015 -0.0381063 1.76682 
0.979812 0.236324 -0.0231593 1.7712 
0.978124 0.238673 -0.029823 1.76746 
0.97759 0.245154 -0.0253142 1.76753 
0.97812 0.239683 -0.0261735 1.76767 
0.941728 0.131388 -0.0507139 1.67011 
0.979968 0.246762 0.00185702 1.77604 
0.983537 0.244959 0.0236976 1.78622 
0.986829 0.229666 0.00867883 1.78917 
0.982119 0.240151 0.0123194 1.78042 
1.01263 0.083423 0.0622117 1.83865 
1.01229 0.0864166 0.0601949 1.83744 
1.01231 0.0850327 0.0619992 1.83772 
1.01266 0.0847757 0.0614965 1.83857 
0.972321 0.253266 -0.0405764 1.75891 
1.02604 0.081948 -0.0225718 1.87399 
1.02275 0.104747 -0.021093 1.86619 
1.01949 0.0964642 -0.0128538 1.85729 
1.02098 0.0942434 -0.0205587 1.8613 
1.01088 0.226204 0.0701478 1.84368 
0.970874 0.209901 0.152055 1.77166 
0.981779 0.164921 0.158392 1.79292 
0.978285 0.198886 0.149436 1.78695 
0.976265 0.19103 0.155079 1.78238 
1.00046 0.247695 0.0327204 1.81837 
0.963541 0.172143 -0.0728675 1.7277 
1.0178 0.193167 0.000116971 1.85352 
0.999776 0.240957 0.0147749 1.81901 
0.996075 0.210623 -0.0249111 1.81366 
0.972576 0.258823 -0.0302325 1.75846 
1.00395 0.243698 0.0238337 1.82624 
1.01288 0.213434 0.0187282 1.84374 
0.999307 0.248932 0.034407 1.81566 
1.05297 0.0400634 -0.010175 1.94465 
1.04641 0.0627795 -0.0308796 1.92636 
1.03845 0.0617774 -0.00840637 1.90574 
1.04293 0.0529399 -0.0201602 1.91772 
1.00024 0.232897 0.0640727 1.82988 
0.982188 0.267464 0.00245109 1.78139 
0.982857 0.272193 0.0934549 1.79392 
0.984586 0.265039 0.0857083 1.79583 
0.981991 0.272068 0.084448 1.79132 
0.98227 0.269991 0.0874672 1.79156 
1.0175 0.152312 0.0158887 1.85308 
1.01781 0.133807 0.0159535 1.85289 
1.01773 0.138513 0.00616775 1.85353 
1.01685 0.141062 0.012523 1.85104 
1.01257 0.109612 0.0534122 1.83866 
1.01295 0.118725 0.0498781 1.8399 
1.01177 0.122008 0.0539485 1.83748 
1.01294 0.117093 0.05229 1.83997 
0.99621 0.240166 0.0237547 1.80791 
0.96922 0.255419 -0.0369459 1.74988 
1.00163 0.243674 0.033907 1.8201 
0.969854 0.303638 0.0683124 1.76848 
1.0002 0.247608 0.0344832 1.81748 
1.00015 0.24742 0.0347107 1.81729 
0.999943 0.247492 0.0344166 1.81696 
1.00076 0.247733 0.0316795 1.81937 
0.993014 0.236029 0.0926907 1.8116 
0.996807 0.221339 0.0880118 1.81841 
0.993502 0.232464 0.0778617 1.81077 
0.993037 0.229662 0.0859013 1.80995 
1.01748 0.212383 0.0429207 1.85615 
1.01652 0.146956 -0.0123953 1.85174 
1.01688 0.156843 -0.00214031 1.85289 
1.01656 0.142474 -0.00345955 1.85136 
1.01562 0.148117 -0.00585504 1.84934 
1.00057 0.11292 0.0822188 1.81224 
1.00007 0.247459 0.0352067 1.81712 
1.02192 0.0712054 -0.0189632 1.86317 
1.01964 0.0878398 -0.00763182 1.85725 
1.0196 0.0671258 -0.00385312 1.85687 
1.02054 0.0744362 -0.0111953 1.85948 
1.0146 0.205517 0.00672635 1.84771 
1.00062 0.246115 0.0350438 1.81816 
1.03027 0.131441 -0.0304411 1.88129 
1.02934 0.137862 -0.0360245 1.87951 
1.02912 0.140492 -0.0277315 1.87815 
1.02975 0.136582 -0.0317308 1.88009 
1.03045 0.135674 -0.0586158 1.885 
1.02972 0.14051 -0.0586668 1.88309 
1.02889 0.139144 -0.0556563 1.88076 
1.02938 0.138282 -0.0582421 1.88223 
1.00509 0.23882 0.026984 1.82771 
0.999783 0.247693 0.0344293 1.81648 
0.999404 0.248613 0.0343043 1.81581 
0.984739 0.262851 0.0886411 1.79576 
0.982827 0.26992 0.095025 1.79312 
0.98559 0.263433 0.0948849 1.79816 
0.985268 0.265121 0.0927441 1.79775 
0.980529 0.186426 -0.0282557 1.7683 
0.983505 0.280506 0.0351459 1.78833 
0.964686 0.160436 -0.0716518 1.72937 
1.02419 0.168004 0.000267626 1.86604 
1.02298 0.17372 -0.000943197 1.86369 
1.02315 0.171648 0.00449646 1.86385 
1.02331 0.170936 0.00126257 1.86416 
1.03154 0.111001 0.0251417 1.88512 
1.02902 0.126172 0.0413345 1.87963 
1.03059 0.11107 0.0477271 1.88497 
1.03093 0.116234 0.0383592 1.88446 
1.01336 0.200747 0.0109535 1.84559 
1.00028 0.247207 0.034549 1.81756 
1.02995 0.154955 -0.0578288 1.88397 
1.02037 0.177964 0.0241608 1.85922 
1.02238 0.170682 0.0211936 1.86277 
1.02148 0.175934 0.0172655 1.86082 
1.02147 0.174756 0.0209215 1.86102 
0.978584 0.260208 -0.0170024 1.77215 
1.01618 0.16322 0.0311731 1.84992 
1.01401 0.164872 0.0256033 1.84453 
1.01244 0.0870442 0.0604004 1.83782 
1.01209 0.0864684 0.0611672 1.8369 
1.01234 0.0855133 0.0615639 1.83769 
1.01204 0.0862828 0.061028 1.8368 
0.999245 0.244393 0.027025 1.81636 
1.00619 0.159271 0.0666819 1.82785 
0.985528 0.263722 0.100467 1.79672 
1.0123 0.225353 -0.00243368 1.8449 
0.998816 0.204793 0.0882824 1.82159 
1.00019 0.184837 0.0937703 1.82416 
1.00008 0.196296 0.0763535 1.82254 
0.999697 0.196003 0.0853563 1.82266 
0.998738 0.117499 0.119258 1.81933 
1.00276 0.0882291 0.113466 1.8259 
1.00256 0.109912 0.107023 1.82536 
1.0017 0.105425 0.113861 1.82445 
1.00751 0.229296 0.0294563 1.83186 
1.00066 0.246432 0.0334551 1.81833 
1.0202 0.201104 -0.0325619 1.86272 
0.954531 0.22488 0.193757 1.75051 
0.981491 0.158552 0.212479 1.80907 
0.978773 0.196033 0.188584 1.80077 
0.973368 0.194218 0.203068 1.79245 
1.0296 0.13621 -0.014639 1.87841 
1.03012 0.130726 -0.0247002 1.88046 
1.02922 0.140227 -0.0229399 1.878 
1.02967 0.1358 -0.0203924 1.87896 
1.00001 0.247622 0.0346905 1.81707 
0.984721 0.27643 0.0847683 1.79515 
1.01786 0.194453 -0.00338733 1.85387 
0.978292 0.246147 -0.0130665 1.77034 
0.978918 0.23773 -0.0185182 1.76948 
0.977111 0.246394 -0.0229062 1.76675 
0.978092 0.24306 -0.018005 1.76868 
1.0135 0.199864 0.0326111 1.84478 
0.993222 0.261344 0.0370011 1.80496 
1.01559 0.171905 0.0241065 1.84879 
1.01314 0.213804 0.0404733 1.84573 
0.96815 0.303148 0.0845101 1.76738 
0.971839 0.298721 0.0896211 1.77473 
1.0138 0.219193 0.00363068 1.84709 
1.02187 0.174668 0.0146166 1.8614 
1.02267 0.169488 0.017071 1.86295 
1.0226 0.172136 0.0108681 1.86268 
1.02238 0.172263 0.014197 1.86233 
1.02655 0.118256 0.0762718 1.87889 
1.01884 0.150243 0.0883397 1.86272 
1.01826 0.134945 0.10619 1.86459 
1.02198 0.135582 0.092245 1.8707 
1.01313 0.0781908 0.0635326 1.84037 
1.01309 0.070646 0.0659049 1.84103 
1.01391 0.0741751 0.0585873 1.84208 
1.01322 0.0743883 0.0626083 1.84071 
1.01483 0.206291 0.00814092 1.84848 
1.01282 0.219714 0.0500672 1.84508 
1.00001 0.247626 0.0362245 1.81708 
1.00385 0.0820423 0.106675 1.82652 
1.00635 0.0860558 0.0950409 1.83012 
1.00369 0.10133 0.102267 1.82626 
1.00526 0.089898 0.101567 1.82918 
0.976232 0.256816 -0.0251409 1.76638 
1.01039 0.237311 -0.0154873 1.84614 
1.01931 0.184634 0.00988109 1.85603 
1.01962 0.182411 0.012627 1.85646 
1.02039 0.181361 0.0113329 1.85824 
1.01971 0.182549 0.0113861 1.8567 
1.02805 0.16569 -0.0425101 1.87835 
1.02517 0.168452 -0.0114681 1.86892 
1.02519 0.16421 -0.004564 1.86827 
1.02624 0.159581 -0.00981687 1.87068 
1.02518 0.163857 -0.00840989 1.86835 
1.01774 0.0956168 0.0224498 1.85123 
1.01753 0.113947 0.0218458 1.85116 
1.01656 0.104341 0.0309517 1.84817 
1.01682 0.104055 0.0253762 1.84895 
0.98636 0.271889 0.0921808 1.799 
1.0102 0.0944265 0.0649933 1.83282 
1.01022 0.090474 0.0656806 1.83261 
1.01101 0.0911809 0.0633918 1.8345 
1.01065 0.0919223 0.0646351 1.83373 
0.999268 0.248404 0.0423975 1.81594 
0.999809 0.247619 0.034439 1.81653 
0.999439 0.246983 0.0334399 1.81565 
1.02006 0.181131 0.0127807 1.85742 
1.02071 0.180277 0.0136013 1.85913 
1.02053 0.180431 0.0123755 1.85852 
1.02045 0.180505 0.0129361 1.85836 
1.02517 0.188146 -0.0709956 1.87706 
1.00195 0.166143 0.0770686 1.82018 
1.00261 0.125083 0.0829571 1.8187 
1.017 0.113785 0.0157494 1.85009 
1.01771 0.0944742 0.0162915 1.85141 
1.01856 0.101554 0.00435303 1.85423 
1.018 0.10308 0.0114998 1.85249 
1.02663 0.178266 -0.0506813 1.87721 
1.00049 0.245649 0.0375394 1.81786 
1.00027 0.247336 0.0343405 1.81757 
0.981241 0.187513 0.147402 1.79175 
0.977672 0.150644 0.15574 1.78022 
0.984451 0.1591 0.147541 1.79566 
0.98278 0.165853 0.150145 1.79339 
1.00011 0.2477 0.0346481 1.81729 
0.999985 0.247571 0.0358983 1.81698 
1.00003 0.247526 0.0351069 1.81705 
1.01396 0.20057 0.0110168 1.84596 
1.02227 0.196359 -0.0712441 1.8714 
1.01326 0.0647364 0.0631813 1.84153 
1.01522 0.0586969 0.0500069 1.8458 
1.01437 0.070389 0.0554108 1.84322 
1.01425 0.0644978 0.0567605 1.84341 
0.92946 0.311977 0.012182 1.68712 
0.928106 0.312563 0.03225 1.68551 
0.940536 0.314693 0.0213602 1.71412 
0.934171 0.312778 0.0205872 1.69913 
0.999753 0.246285 0.0308784 1.81716 
1.00966 0.237795 -0.00461661 1.84177 
1.01541 0.185181 0.00140855 1.85082 
1.01636 0.197459 0.00776523 1.85088 
1.00459 0.240802 0.0235434 1.82706 
1.00017 0.247461 0.0346511 1.81735 
1.01455 0.20294 0.00954555 1.84763 
0.96258 0.179815 -0.0901754 1.72827 
1.0079 0.162203 0.0605594 1.83131 
0.977996 0.254264 0.0250444 1.77553 
0.97575 0.254342 0.00390098 1.76827 
0.973246 0.267148 0.0157977 1.76759 
0.978181 0.259091 0.0158063 1.77674 
0.999071 0.249631 0.0354654 1.81531 
1.01211 0.174363 0.0399376 1.84042 
0.939717 0.270376 -0.0936565 1.69615 
1.02645 0.179355 -0.0666071 1.8785 
0.998727 0.250066 0.0401043 1.81487 
0.97118 0.178448 0.113593 1.75434 
1.00005 0.247661 0.0347288 1.81715 
1.01423 0.206032 0.00464973 1.84665 
1.02427 0.163029 0.0252391 1.86707 
1.02377 0.162659 0.0379916 1.86727 
1.02606 0.154354 0.0283545 1.87118 
1.02437 0.159652 0.0300069 1.86752 
1.01828 0.189964 0.00662853 1.85431 
1.00836 0.0948851 0.0709673 1.82878 
1.00931 0.0973085 0.0673956 1.83104 
1.0076 0.100181 0.0710179 1.82735 
1.00874 0.0972242 0.0696198 1.82983 
0.981273 0.197834 -0.0206809 1.77034 
1.00425 0.123935 0.083535 1.82652 
1.00372 0.115931 0.094276 1.82609 
1.00483 0.108813 0.0884266 1.82662 
1.00486 0.115697 0.0889533 1.82784 
1.00436 0.235719 0.041226 1.82559 
1.01359 0.183494 0.0378684 1.84449 
0.99982 0.247682 0.0346042 1.81655 
0.999574 0.246725 0.0335456 1.81611 
1.02799 0.155275 -0.0524648 1.87858 
0.999996 0.247558 0.0353102 1.81697 
0.998826 0.245778 0.032248 1.81423 
1.00017 0.247626 0.03321 1.8177 
1.00385 0.127671 0.0964875 1.82829 
1.0077 0.141517 0.0806468 1.83711 
1.00314 0.15787 0.0956076 1.82962 
1.00394 0.143578 0.0910038 1.82943 
1.00006 0.247672 0.034551 1.81721 
1.01051 0.231264 -0.0428357 1.84967 
1.01394 0.216244 0.00943279 1.84683 
1.01035 0.196193 0.0627384 1.84332 
1.01705 0.175015 0.0748553 1.85816 
1.01936 0.173089 0.0547388 1.86011 
1.01583 0.180877 0.0660615 1.85441 
1.00935 0.0800124 0.0828076 1.83456 
1.01112 0.072601 0.0747462 1.83743 
1.01087 0.0808119 0.0757028 1.83685 
1.01015 0.0776838 0.0777552 1.83547 
0.999741 0.247968 0.0344994 1.81644 
1.00022 0.247384 0.0346063 1.81746 
1.00067 0.247643 0.0319436 1.81894 
1.00068 0.247316 0.0328152 1.8187 
1.01388 0.20328 0.0180882 1.84608 
1.00777 0.233095 -0.028622 1.84292 
1.01232 0.221777 0.00968977 1.84331 
0.997521 0.242395 0.028169 1.81125 
1.01127 0.22506 0.0164754 1.84078 
0.99935 0.246539 0.0331358 1.81549 
0.987464 0.211938 -0.00392713 1.78659 
1.01055 0.226761 0.0247483 1.83898 
0.97433 0.260409 -0.0260273 1.76279 
1.03987 0.0731115 -0.0360254 1.90893 
1.03541 0.090336 -0.0274221 1.89639 
1.03723 0.0752722 -0.0125524 1.90167 
1.03641 0.0789325 -0.0259475 1.89952 
1.01177 0.22187 0.0208043 1.84148 
1.00343 0.130354 0.0750939 1.81986 
1.01427 0.155426 0.0443364 1.845 
1.01257 0.157035 0.0393483 1.84048 
1.03257 0.123319 -0.0584595 1.89039 
1.03122 0.130089 -0.058515 1.88698 
1.03031 0.127747 -0.0543843 1.88424 
1.03096 0.126939 -0.0579142 1.88623 
1.02027 0.204573 -0.0702048 1.86824 
1.00852 0.22933 0.0343541 1.83443 
1.00034 0.247517 0.0336573 1.81787 
1.02305 0.197889 -0.0389037 1.86995 
1.0145 0.205519 0.0306851 1.84739 
0.939315 0.237921 -0.111068 1.68731 
0.99713 0.252061 0.0301443 1.81145 
1.02293 0.169832 0.00968777 1.8632 
1.02375 0.166246 0.0154763 1.86517 
1.02399 0.164662 0.0102019 1.86533 
1.02348 0.166771 0.0116204 1.86434 
1.01636 0.190595 0.0102537 1.8497 
0.983454 0.272569 0.108327 1.79718 
0.978993 0.283126 0.104259 1.78906 
0.981066 0.274524 0.114159 1.79444 
0.9807 0.276827 0.109445 1.79239 
1.01705 0.136684 0.0214595 1.85077 
1.01727 0.15504 0.0204304 1.8523 
1.01578 0.151652 0.0291503 1.84816 
1.01687 0.147842 0.0237676 1.85078 
1.01709 0.193747 0.00602629 1.85195 
1.01707 0.1817 0.0260801 1.85298 
0.982509 0.186265 -0.0184178 1.77367 
1.01309 0.0961266 0.0555516 1.83951 
1.01257 0.0901728 0.0581275 1.83811 
1.01355 0.0890982 0.0562937 1.84051 
1.0128 0.0913953 0.0567786 1.83867 
1.02149 0.214079 -0.076299 1.8755 
0.998316 0.24897 0.0551574 1.81524 
0.98039 0.272118 -0.000649201 1.7789 
1.01349 0.199448 0.00807948 1.84619 
1.02176 0.201095 -0.0690775 1.87097 
1.00019 0.247204 0.0365772 1.81744 
1.01784 0.188494 0.00954615 1.853 
0.999682 0.247501 0.0341164 1.81623 
0.998915 0.132676 0.0863859 1.81073 
1.02402 0.158283 0.0429472 1.86816 
1.02667 0.144082 0.0412467 1.87376 
1.02582 0.149867 0.0311676 1.87062 
1.02598 0.150505 0.0391726 1.87203 
0.976598 0.253694 -0.0265747 1.76716 
0.977134 0.252576 -0.0256972 1.76798 
1.01318 0.211038 0.0352744 1.84447 
0.999824 0.247341 0.0345302 1.81652 
1.01051 0.223975 0.0247758 1.83852 
1.01406 0.202492 0.0103147 1.84658 
1.01934 0.0904681 0.000485114 1.85617 
1.01856 0.0841298 0.0136483 1.85357 
1.01967 0.0711229 0.00432528 1.85683 
1.01915 0.0819004 0.00649942 1.85535 
1.00023 0.247184 0.0348327 1.81745 
1.00606 0.195781 0.0624353 1.83161 
0.99233 0.165573 0.184501 1.82735 
0.995181 0.121948 0.206938 1.83671 
1.00585 0.106099 0.175734 1.85231 
0.996744 0.130891 0.191901 1.8365 
0.955781 0.309597 0.0307164 1.73519 
1.00626 0.241882 0.0152259 1.83213 
0.973092 0.292268 0.0165037 1.76794 
0.969416 0.305602 0.0590882 1.76727 
1.00022 0.24717 0.0351881 1.81743 
1.00022 0.247531 0.0344443 1.81751 
1.00947 0.227982 0.0198407 1.83664 
0.962013 0.210202 0.113768 1.73862 
0.978405 0.281091 0.0144463 1.77627 
1.01672 0.21106 -0.0206741 1.85474 
1.02014 0.197752 -0.0262555 1.86136 
1.0176 0.184524 0.0124092 1.85174 
1.01886 0.186223 0.0106409 1.85518 
0.987926 0.272619 0.0465392 1.7965 
0.999738 0.248229 0.035476 1.81653 
0.970253 0.277994 0.120316 1.77488 
0.963294 0.271524 0.123627 1.75887 
0.970794 0.264081 0.129396 1.77544 
0.967337 0.271861 0.124743 1.7681 
1.0003 0.247403 0.0339248 1.81771 
0.97693 0.291892 0.066305 1.77959 
1.01973 0.184903 0.00595186 1.85706 
1.02098 0.182699 0.0062557 1.85988 
1.0286 0.0705094 0.100532 1.89058 
1.01779 0.114579 0.124097 1.86752 
1.01748 0.0886074 0.141124 1.87119 
1.02177 0.0916302 0.124752 1.87771 
1.01918 0.20161 -0.0135817 1.85872 
1.0141 0.20063 0.019667 1.84654 
1.01848 0.0180953 0.0293485 1.85576 
1.01612 0.0417658 0.0422348 1.84888 
1.01203 0.0300712 0.0598332 1.84063 
1.01639 0.0290794 0.0447903 1.85054 
1.01389 0.125826 0.0487542 1.84263 
1.01351 0.140028 0.0505129 1.84271 
1.01207 0.129082 0.053168 1.83855 
1.01271 0.131331 0.0509933 1.84012 
0.961454 0.309482 0.0718337 1.75308 
1.0208 0.212324 -0.0669214 1.87123 
1.02668 0.171351 -0.0384055 1.87508 
1.00018 0.204413 0.100629 1.82703 
1.01094 0.18044 0.0874493 1.84616 
1.00257 0.204301 0.074132 1.8276 
1.00635 0.19696 0.088581 1.83805 
0.980348 0.230027 -0.0250383 1.77125 
0.980999 0.223475 -0.034432 1.77164 
0.978841 0.233951 -0.0325003 1.7683 
0.980366 0.229337 -0.0305461 1.77113 
1.0192 0.212623 -0.0419245 1.86376 
1.00021 0.247642 0.034552 1.81751 
0.992764 0.241322 0.0128281 1.8 
1.0087 0.0856514 0.083634 1.83322 
1.00998 0.0845364 0.0765078 1.83486 
1.00946 0.0912123 0.0784153 1.83437 
1.00946 0.0873361 0.0794197 1.83433 
0.972728 0.251469 -0.0373317 1.75744 
1.00719 0.110863 0.0807592 1.83128 
1.00402 0.117832 0.0838534 1.82491 
1.00535 0.108714 0.0855201 1.82726 
1.00499 0.113071 0.0835098 1.82653 
0.953527 0.170035 -0.100827 1.70573 
0.986614 0.26225 0.105256 1.8016 
0.988757 0.251226 0.10091 1.80448 
0.987219 0.25987 0.0991131 1.80172 
0.987823 0.257583 0.101916 1.80325 
1.02414 0.165519 0.00259305 1.86565 
1.0228 0.169454 0.0067239 1.86276 
1.0239 0.164473 0.00747256 1.865 
1.02395 0.166398 0.00574662 1.86527 
1.0245 0.187682 -0.0458138 1.87262 
1.01129 0.098095 0.0700901 1.83835 
1.01026 0.10455 0.07473 1.83732 
1.00929 0.0979631 0.0745708 1.83397 
1.00964 0.100253 0.0726175 1.83488 
1.04549 0.0308209 0.00971601 1.92624 
1.03891 0.0597965 0.0114553 1.90751 
1.03839 0.0477896 0.0483374 1.90959 
1.04012 0.0439642 0.0210996 1.91221 
0.985152 0.238222 0.0360092 1.78942 
0.995059 0.217514 0.0460565 1.80928 
0.989475 0.221527 0.0180344 1.79458 
0.991856 0.226113 0.0332387 1.80263 
1.00106 0.245548 0.0324031 1.81912 
1.00014 0.247318 0.0350162 1.81726 
1.02611 0.161847 -0.0207343 1.87112 
1.02433 0.167659 -0.0153002 1.86692 
1.02596 0.158768 -0.0139851 1.87009 
1.02569 0.162335 -0.0168588 1.86986 
0.999994 0.24759 0.0348567 1.81696 
1.02914 0.168145 -0.0632593 1.88357 
1.00016 0.247149 0.0353789 1.81728 
1.01412 0.216324 0.0451641 1.84769 
1.00032 0.247206 0.0340148 1.81768 
0.981758 0.274842 0.0997937 1.79103 
0.983926 0.274178 0.0962352 1.79519 
0.972409 0.244037 -0.0452261 1.75716 
1.00003 0.247531 0.0349366 1.81704 
1.01385 0.197442 0.00686991 1.84717 
1.01217 0.219403 0.0212562 1.84221 
1.01376 0.20409 0.0101382 1.84621 
1.01579 0.0965919 0.0385745 1.84599 
1.01496 0.0905222 0.0451845 1.84382 
1.0162 0.0849997 0.0403167 1.84692 
1.01524 0.0902553 0.0415339 1.84449 
1.01877 0.215974 -0.0614479 1.86642 
0.979488 0.25167 -0.0254245 1.77315 
1.00957 0.23677 -0.0192348 1.84503 
1.00008 0.247278 0.0357654 1.81714 
0.999149 0.250127 0.0369023 1.81571 
0.967562 0.301467 0.0205858 1.7587 
1.01383 0.204032 0.010269 1.84657 
0.997298 0.222605 0.0601684 1.8177 
0.986579 0.244311 0.0482756 1.79594 
0.987565 0.245137 0.071521 1.80159 
0.987978 0.238246 0.0614219 1.79901 
1.00012 0.24765 0.034082 1.81741 
0.964758 0.266373 0.137168 1.77008 
0.954073 0.252052 0.171582 1.75049 
0.976473 0.223355 0.169528 1.79514 
0.962676 0.249219 0.161549 1.76665 
1.02272 0.190191 -0.0402065 1.86795 
1.02069 0.189114 -0.017184 1.86073 
1.01383 0.205384 0.0137076 1.84638 
0.984354 0.253785 0.120722 1.79917 
0.983337 0.265245 0.111173 1.79594 
0.980454 0.26722 0.1181 1.79206 
0.984248 0.26255 0.117207 1.79958 
0.976697 0.226857 -0.0384126 1.76176 
0.97547 0.235264 -0.0416271 1.76055 
0.977915 0.234888 -0.0365871 1.76631 
0.977714 0.232585 -0.0397901 1.76545 
1.01077 0.207267 0.0451829 1.84034 
1.01749 0.171071 0.0179676 1.85383 
1.02877 0.143371 -0.0517008 1.88009 
1.02873 0.148956 -0.0527167 1.88023 
1.0287 0.147994 -0.0478862 1.87958 
1.02871 0.146623 -0.0508643 1.87991 
0.999908 0.24777 0.0349322 1.81679 
1.00012 0.24734 0.0355292 1.81723 
1.01398 0.0916608 0.0511569 1.84147 
1.01269 0.0966241 0.053837 1.83842 
1.01323 0.089175 0.0547239 1.83964 
1.01384 0.0921974 0.0531311 1.84116 
0.944628 0.206401 -0.117012 1.69305 
1.02914 0.152639 -0.0472289 1.88086 
1.02774 0.153185 -0.0505513 1.87771 
0.956272 0.301393 0.00301423 1.73241 
0.995241 0.24974 0.104391 1.81709 
1.01145 0.0831608 0.0711381 1.83742 
1.01268 0.0818736 0.0662248 1.83952 
1.01169 0.0856962 0.0679464 1.8375 
1.01171 0.0836401 0.0685653 1.83755 
0.999987 0.247636 0.0350801 1.81696 
1.01266 0.210033 0.0381575 1.84361 
1.03065 0.125933 -0.0222511 1.88174 
1.02957 0.132243 -0.0114966 1.87824 
1.03018 0.123053 -0.0117129 1.88011 
1.0305 0.12671 -0.0151606 1.8809 
0.973267 0.290726 0.0974815 1.77674 
0.973242 0.292093 0.105025 1.77789 
0.977287 0.289586 0.102255 1.78662 
0.975657 0.291311 0.101128 1.7831 
0.966551 0.268889 -0.0305521 1.74696 
1.00024 0.247524 0.0341372 1.81758 
1.00098 0.24718 0.0316765 1.81946 
1.01402 0.208873 0.0146461 1.84676 
0.959085 0.192176 -0.0916551 1.72171 
1.01303 0.213514 0.0388633 1.84487 
0.987208 0.253136 0.0836096 1.79943 
0.989899 0.243382 0.0908686 1.80482 
0.989803 0.240756 0.0773344 1.80299 
0.989326 0.245458 0.0837132 1.80315 
1.00022 0.247254 0.0346453 1.81743 
1.005 0.241058 0.0402741 1.84182 
1.01342 0.205242 0.0110473 1.84552 
1.01488 0.185356 0.0312555 1.84751 
1.00076 0.245639 0.0346453 1.81841 
1.01107 0.231465 0.00497144 1.8423 
1.01691 0.0876957 0.0270753 1.8489 
1.01551 0.0966354 0.0340702 1.84529 
1.01583 0.0835719 0.0362108 1.84599 
1.01689 0.0891434 0.0319702 1.84874 
0.999947 0.24766 0.0348611 1.81686 
1.01609 0.0502941 0.051544 1.84873 
1.01297 0.0592844 0.0666283 1.84162 
1.01332 0.0427235 0.0661854 1.84368 
1.01309 0.0501494 0.0616264 1.84199 
0.99975 0.247419 0.0342599 1.81637 
1.00054 0.246463 0.0342945 1.81804 
0.958585 0.294263 0.100108 1.7484 
0.959619 0.283781 0.112738 1.7507 
0.963309 0.293251 0.104073 1.75976 
0.960619 0.290227 0.105739 1.75332 
1.01443 0.225775 -0.0304146 1.85391 
1.00999 0.08916 0.0649319 1.83188 
1.01073 0.0873273 0.0634356 1.83353 
1.0112 0.0893347 0.0632509 1.83482 
1.01089 0.0882963 0.0639793 1.83403 
0.995879 0.246594 0.023396 1.80775 
0.981691 0.284588 0.0700108 1.78858 
1.01253 0.214348 0.035594 1.84296 
1.01334 0.201617 0.00873101 1.84575 
0.999779 0.248057 0.0349056 1.81656 
0.987256 0.218039 -0.0121856 1.78573 
1.03003 0.133059 -0.0580336 1.88387 
1.0294 0.137081 -0.0539708 1.88189 
1.03019 0.131451 -0.0530395 1.8838 
1.02948 0.133901 -0.0550735 1.88221 
0.989279 0.218728 -0.00162179 1.79073 
0.970165 0.155223 -0.0589555 1.74176 
0.997865 0.207963 0.0955454 1.82061 
0.99538 0.208339 0.107603 1.81675 
0.99863 0.189583 0.101336 1.82199 
0.998341 0.202228 0.102023 1.82246 
1.00054 0.247266 0.0332693 1.81829 
1.00001 0.247586 0.0349283 1.817 
1.02322 0.177108 -0.0256529 1.86597 
1.00637 0.099988 0.0862011 1.82898 
1.0069 0.0903277 0.0866645 1.82964 
1.00838 0.0950804 0.0805117 1.83242 
1.0078 0.0953057 0.0846065 1.83184 
0.993793 0.216139 0.1173 1.81596 
0.990336 0.230234 0.124344 1.8114 
0.991592 0.205673 0.125607 1.81203 
0.991913 0.217455 0.1226 1.81315 
1.01491 0.20245 0.00740292 1.8481 
1.02402 0.176389 -0.0193878 1.86746 
0.961235 0.279525 0.117271 1.75438 
0.968409 0.283883 0.115976 1.77091 
0.965557 0.290339 0.108379 1.76478 
0.965759 0.28546 0.113143 1.76523 
0.999868 0.247878 0.0352912 1.81674 
0.974298 0.268748 -0.0226542 1.765 
0.999915 0.247686 0.0347349 1.81678 
1.00319 0.233828 0.0619891 1.82466 
0.999265 0.244456 0.0296098 1.81598 
1.01416 0.208334 0.00866611 1.84702 
0.970129 0.180088 -0.0555461 1.74316 
0.999687 0.248119 0.0346371 1.81635 
1.01501 0.180826 0.000442425 1.84953 
1.00046 0.24679 0.0342029 1.81792 
1.01341 0.203089 0.00987286 1.84571 
1.03531 0.0154262 0.117366 1.91329 
1.03215 0.0471045 0.0959821 1.9 
1.02023 0.0636323 0.14372 1.87888 
1.02945 0.0378205 0.11833 1.89759 
1.02318 0.177845 -0.00637428 1.86488 
1.0221 0.176577 -0.0101228 1.86213 
1.01282 0.198574 0.0369814 1.84347 
1.01813 0.0457731 0.0305847 1.85333 
1.02125 0.0237851 0.0158475 1.86189 
1.01851 0.0507369 0.00892153 1.85407 
1.02076 0.0394508 0.0179991 1.86013 
1.01865 0.188533 0.0015001 1.85491 
1.00046 0.246498 0.0346734 1.81784 
0.999776 0.247177 0.0338721 1.81663 
0.999409 0.188633 0.0769382 1.81757 
0.999707 0.24787 0.0342792 1.81635 
1.02419 0.197072 -0.0756427 1.87686 
1.00017 0.247267 0.0349035 1.81733 
1.01649 0.219344 -0.06803 1.86322 
1.01533 0.168407 -0.00307346 1.84956 
1.02129 0.185422 -0.0127513 1.86145 
1.00032 0.116762 0.085407 1.81241 
0.996831 0.227075 0.00148297 1.81237 
0.962918 0.281678 -0.0206325 1.74189 
1.01341 0.213059 0.0216186 1.84497 
1.01584 0.224968 -0.0525624 1.86088 
0.975905 0.160111 -0.0312116 1.7564 
1.02291 0.168147 0.0256881 1.86426 
1.01982 0.177609 0.0301567 1.85851 
1.0214 0.169698 0.0383535 1.86224 
1.02153 0.171957 0.0319572 1.86205 
1.01962 0.209534 -0.0549702 1.86591 
1.02601 0.208417 -0.0805001 1.88536 
1.00202 0.247631 0.0272062 1.82277 
0.974759 0.287203 0.105936 1.78123 
0.974003 0.283439 0.114969 1.78215 
0.977663 0.277515 0.115762 1.7881 
0.975679 0.282976 0.113298 1.78451 
1.01414 0.169192 0.0966115 1.85463 
1.00285 0.193869 0.11418 1.83483 
1.01221 0.157578 0.118642 1.85418 
1.0091 0.17302 0.110178 1.84592 
0.999169 0.250223 0.0358393 1.81575 
1.01414 0.1989 0.012985 1.84724 
1.02931 0.12943 0.0326796 1.87931 
1.03135 0.116884 0.0190458 1.88384 
1.02964 0.128901 0.0170545 1.87884 
1.02985 0.124583 0.0232248 1.87994 
1.00031 0.246746 0.0378805 1.81771 
0.999886 0.247883 0.0356419 1.81681 
1.01713 0.215998 -0.0350399 1.85857 
0.999461 0.246007 0.0319454 1.81619 
0.979366 0.287519 0.0849008 1.78645 
1.00017 0.247625 0.0342551 1.81744 
1.02897 0.15215 -0.0565987 1.88119 
1.00267 0.239677 0.0411337 1.82219 
1.01749 0.158574 0.00366142 1.85412 
1.01584 0.156259 0.0127201 1.84929 
1.01648 0.144468 0.00318783 1.85087 
1.01699 0.15237 0.00631496 1.85232 
0.975732 0.254193 -0.024841 1.76561 
0.97602 0.25169 -0.0165754 1.76617 
0.976679 0.24982 -0.0236102 1.76648 
0.976821 0.25192 -0.0220005 1.76769 
0.991909 0.233364 0.0999307 1.8096 
0.995476 0.219095 0.106949 1.81798 
0.995337 0.218355 0.0952283 1.81543 
0.994629 0.223272 0.101179 1.81517 
1.00055 0.246879 0.0335274 1.81818 
0.999961 0.206906 0.0403972 1.81822 
0.997356 0.18925 0.0121138 1.80702 
0.994808 0.209586 0.00925478 1.80484 
0.997545 0.200467 0.0208266 1.81013 
1.00171 0.174685 0.0808983 1.82179 
1.00558 0.096868 0.0734769 1.82219 
1.00728 0.0999493 0.0736556 1.82679 
1.01127 0.225282 0.0127156 1.84104 
0.971964 0.273603 -0.0186368 1.76063 
0.952074 0.296385 -0.0447361 1.7303 
0.952619 0.285161 -0.0591626 1.72752 
0.948552 0.293283 -0.0584484 1.72252 
0.952443 0.292849 -0.0536284 1.73049 
0.975187 0.252875 -0.0292711 1.76356 
1.00096 0.247677 0.0305367 1.81997 
0.953042 0.172641 -0.11028 1.70615 
1.01095 0.19398 0.0451548 1.83918 
1.00623 0.239333 0.0175826 1.83112 
1.02502 0.00568943 0.0884802 1.8788 
1.03109 0.00736423 0.0417602 1.88953 
1.01347 0.0206596 0.0698502 1.84597 
1.01604 0.00608243 0.0661423 1.85292 
1.0182 0.17412 -0.00315411 1.85722 
0.987762 0.22714 0.0476905 1.79378 
0.985315 0.242539 0.0523519 1.79081 
0.991782 0.235395 0.0596101 1.8058 
0.98984 0.235728 0.0515706 1.80064 
0.972235 0.251477 -0.0347384 1.75606 
1.00294 0.243464 0.0282018 1.8234 
1.019 0.214546 -0.0693432 1.86776 
1.00005 0.247513 0.0348679 1.81709 
1.0149 0.209855 0.00344123 1.84871 
0.995888 0.117824 0.0897945 1.80208 
1.01672 0.199886 0.0718108 1.85555 
1.01352 0.212722 0.0296286 1.84511 
1.00002 0.245693 0.0421902 1.81707 
1.0146 0.199581 0.0109437 1.84724 
1.00027 0.246888 0.0357104 1.81752 
1.00277 0.110357 0.0790855 1.81711 
1.01298 0.21608 0.018144 1.84411 
0.973551 0.221171 -0.0557015 1.75691 
1.00018 0.247664 0.0344336 1.81746 
0.998815 0.244944 0.0313348 1.81438 
1.01264 0.0870431 0.0592528 1.83831 
1.01324 0.0828128 0.0610035 1.84007 
1.01312 0.085762 0.0577613 1.83948 
1.013 0.0852839 0.0591097 1.83923 
0.952348 0.244982 0.106834 1.72262 
1.00743 0.185355 0.0646451 1.83362 
1.02332 0.193283 -0.0696272 1.87323 
0.995588 0.241404 0.0911979 1.81322 
0.971118 0.286876 0.112905 1.77635 
0.972024 0.291247 0.103986 1.77615 
0.967896 0.293609 0.105261 1.76952 
0.97123 0.290944 0.108106 1.77639 
1.03344 0.0285614 0.000390876 1.8929 
1.02813 0.0566124 -0.0171821 1.87906 
1.02225 0.052639 -0.00308118 1.86369 
1.02295 0.0464886 -0.0100512 1.86571 
0.98645 0.135851 0.106466 1.78349 
1.01208 0.217629 0.025331 1.84177 
0.958301 0.302573 0.0833674 1.7465 
0.961968 0.305953 0.0798678 1.75522 
1.01441 0.114635 0.048139 1.84327 
1.01414 0.106604 0.0519012 1.84239 
1.01501 0.106491 0.0479989 1.84441 
1.01344 0.108972 0.0493554 1.84058 
1.01456 0.19142 0.0396264 1.84753 
1.05617 0.00526547 0.0810425 1.96248 
1.05537 0.0189374 0.0268574 1.95393 
1.03746 0.0329498 0.0645299 1.91003 
1.04426 0.0133902 0.0558188 1.92774 
1.02059 0.180228 0.0143342 1.85895 
1.02105 0.178438 0.0141979 1.85979 
1.02072 0.179742 0.0125085 1.85894 
1.02098 0.179367 0.0137678 1.8597 
1.01049 0.232134 0.0122389 1.84034 
1.01619 0.174303 0.00421733 1.85179 
0.999866 0.247362 0.0346505 1.81662 
0.968645 0.284547 -0.0115435 1.75603 
1.00021 0.247515 0.0345358 1.81747 
0.984412 0.262163 -0.00203735 1.78558 
0.996409 0.254686 0.0385378 1.81052 
1.02237 0.193331 -0.0657085 1.87049 
0.985596 0.271739 0.0168697 1.79015 
1.02092 0.158757 0.0704879 1.86503 
1.02592 0.144158 0.0514037 1.87333 
1.02267 0.161948 0.0532473 1.8667 
1.02352 0.155406 0.0582673 1.86909 
1.00025 0.247321 0.0344627 1.81753 
1.0077 0.106813 0.0778624 1.83163 
1.00651 0.104177 0.0837831 1.82931 
1.0085 0.0988249 0.078461 1.83274 
1.00733 0.103496 0.0800866 1.83062 
0.97054 0.280819 -0.0154029 1.7595 
0.995221 0.256391 0.0343295 1.80807 
0.999959 0.247623 0.0348499 1.81688 
1.01524 0.202904 0.0424887 1.85054 
1.01592 0.16515 0.0362897 1.84926 
1.00043 0.246954 0.0339263 1.8179 
0.999646 0.247403 0.0339563 1.81615 
0.995629 0.253016 0.0283024 1.80817 
1.02594 0.173595 -0.060503 1.8759 
1.01427 0.20463 0.00925339 1.8471 
0.975856 0.260463 -0.00253289 1.77025 
0.969791 0.277088 -0.00783114 1.76175 
0.974026 0.272061 0.00811999 1.77094 
0.97351 0.270062 -0.000117615 1.76832 
1.01367 0.202147 0.00891525 1.8465 
0.999119 0.135489 0.11683 1.82145 
1.0019 0.125957 0.104538 1.82479 
1.00017 0.156464 0.105401 1.82381 
1.00027 0.138398 0.108992 1.82288 
1.01408 0.201623 0.0108593 1.84654 
1.00087 0.246311 0.03272 1.81884 
0.942207 0.12418 -0.0941757 1.67273 
0.99992 0.247464 0.0347347 1.8168 
1.02855 0.142423 -0.00598489 1.87551 
1.02731 0.151035 -0.0078229 1.87274 
1.0272 0.149126 0.00118123 1.87225 
1.02743 0.147375 -0.0040003 1.87278 
0.981452 0.232687 -0.0142845 1.77484 
0.980301 0.242709 -0.00569613 1.775 
0.984748 0.227148 -0.00234529 1.78267 
0.982404 0.233645 -0.00747397 1.77787 
0.999569 0.248433 0.034673 1.81616 
1.01411 0.207292 0.0111788 1.84709 
1.0229 0.190331 -0.0648137 1.87118 
1.02285 0.199457 -0.0495996 1.87102 
0.999485 0.248719 0.0388655 1.81626 
0.976913 0.241959 -0.0314217 1.7652 
0.975369 0.248618 -0.0317777 1.7629 
0.97677 0.247596 -0.0271622 1.76598 
0.976562 0.245841 -0.030135 1.76515 
1.03202 0.119666 -0.0575261 1.8889 
1.03114 0.124735 -0.0518799 1.88608 
1.03174 0.117178 -0.0508665 1.88759 
1.03131 0.120371 -0.0536035 1.88672 
1.00626 0.0519874 0.107437 1.83286 
1.0086 0.0206739 0.108765 1.83945 
1.00878 0.0315635 0.0847431 1.83559 
1.00846 0.033527 0.100276 1.83739 
0.98493 0.268479 0.0109527 1.78775 
1.00082 0.24522 0.0349045 1.81846 
0.995853 0.221294 0.0992741 1.82029 
1.00045 0.217761 0.0729222 1.82578 
0.988099 0.241097 0.0842686 1.80365 
0.994848 0.227356 0.0854794 1.81663 
1.03679 0.105953 -0.055913 1.9011 
1.0341 0.115472 -0.057974 1.8943 
1.03281 0.112267 -0.0522155 1.89047 
1.03349 0.111219 -0.0565885 1.89265 
1.01782 0.183962 0.0348911 1.85544 
1.01277 0.19537 0.0512349 1.84754 
1.01949 0.17598 0.0469034 1.85968 
1.0165 0.18441 0.0441448 1.85342 
0.998041 0.251657 0.0346465 1.81341 
1.00048 0.24562 0.0368746 1.81779 
0.962149 0.264757 -0.0551892 1.74085 
0.967056 0.261309 -0.0453419 1.7498 
1.0001 0.247701 0.0345445 1.81728 
1.01559 0.193478 0.0150117 1.8505 
1.00015 0.247294 0.0351454 1.81728 
1.01242 0.0831653 0.0642272 1.83846 
1.01227 0.0851145 0.0630945 1.83789 
1.01182 0.0859148 0.0658334 1.83741 
1.01226 0.084562 0.0643533 1.8381 
1.0003 0.247101 0.0345292 1.8176 
1.02549 0.181271 -0.0595559 1.8757 
1.02397 0.190541 -0.071848 1.87455 
1.01156 0.0680579 0.0767079 1.83914 
1.00876 0.0764698 0.0860209 1.83377 
1.01042 0.0657342 0.0852208 1.83799 
1.00929 0.069853 0.0830418 1.83451 
1.00027 0.246884 0.0354372 1.8175 
1.02372 0.184167 -0.0616721 1.87189 
0.99905 0.246268 0.0323269 1.81475 
0.999942 0.2475 0.0347005 1.81689 
1.00194 0.105136 0.0772039 1.81427 
0.937717 0.289426 -0.0699412 1.69789 
0.936442 0.294361 -0.0595342 1.6964 
0.942717 0.293255 -0.063514 1.71052 
0.939768 0.292071 -0.065029 1.70359 
0.999942 0.247696 0.0349341 1.81686 
1.01362 0.204376 0.0113517 1.84619 
1.00023 0.247448 0.0343173 1.81751 
1.00715 0.159726 0.133642 1.84612 
0.996845 0.200695 0.127339 1.82518 
0.994068 0.188904 0.156061 1.82531 
0.998872 0.184293 0.140991 1.83121 
1.02001 0.191764 -0.0070557 1.85895 
1.00785 0.231959 0.023754 1.83318 
1.00906 0.241653 -0.00615862 1.84318 
1.00051 0.246403 0.0349684 1.81795 
1.00058 0.245507 0.0358477 1.81796 
1.01149 0.138414 0.140618 1.85715 
0.997868 0.165814 0.168694 1.8352 
1.01206 0.113081 0.160731 1.86352 
1.00731 0.137898 0.157133 1.85193 
0.987902 0.238471 -0.00407415 1.78885 
0.99978 0.247553 0.0345172 1.81643 
1.01397 0.230491 -0.0312673 1.85457 
0.954551 0.312128 0.0464019 1.73442 
0.986945 0.270971 0.0550429 1.79427 
1.0036 0.171134 0.0709059 1.82343 
1.02881 0.148657 -0.057889 1.88077 
1.0306 0.145945 -0.0592832 1.88531 
0.999924 0.247714 0.0347939 1.81682 
1.02171 0.201989 -0.0540541 1.86926 
1.01661 0.172474 0.00848738 1.85238 
1.0133 0.202713 0.0100043 1.84532 
0.926311 0.311388 0.0561697 1.68305 
0.92549 0.306432 0.0847687 1.68271 
0.940195 0.312095 0.0663649 1.71647 
0.933406 0.310086 0.0678517 1.70077 
1.02356 0.179007 -0.0141549 1.86631 
1.02632 0.176914 -0.0653384 1.87769 
1.0122 0.14079 0.0460823 1.83912 
1.0135 0.126372 0.0452391 1.84146 
1.01479 0.13151 0.0400452 1.84476 
1.01424 0.132577 0.0434982 1.84359 
0.998916 0.248839 0.0328577 1.81475 
0.999781 0.247116 0.034089 1.81653 
0.980233 0.257786 -0.0121847 1.77494 
1.00027 0.247075 0.0348477 1.81753 
1.03081 0.125684 -0.0469055 1.88467 
1.03069 0.123162 -0.0369691 1.8833 
1.03185 0.117858 -0.0455446 1.8873 
1.03182 0.122118 -0.0434028 1.88688 
1.01442 0.203924 0.0122498 1.84808 
0.970104 0.275378 -0.0163245 1.76148 
0.976557 0.261868 -0.0105236 1.77171 
0.970269 0.265551 -0.0259565 1.75749 
0.971224 0.268953 -0.0171259 1.76121 
1.01466 0.209228 -6.25208e-05 1.84805 
1.00011 0.247407 0.0349887 1.81719 
1.00204 0.246581 0.0273478 1.82224 
0.999627 0.24696 0.0338049 1.81609 
1.01417 0.197991 0.011408 1.84581 
0.999827 0.247383 0.034536 1.81653 
1.02659 0.160043 -0.0401835 1.87389 
0.975709 0.194833 0.113342 1.76852 
0.975788 0.29365 0.081741 1.77982 
0.999471 0.248405 0.033829 1.81594 
1.01368 0.195659 0.00618715 1.84674 
0.963779 0.30096 0.0083907 1.74986 
0.977375 0.272861 0.068911 1.77933 
0.975918 0.279237 0.0757745 1.77798 
0.980394 0.275221 0.0763663 1.78782 
0.979093 0.276246 0.0729423 1.7847 
1.03384 0.101233 -0.0388645 1.89236 
1.03529 0.101217 -0.0526697 1.89709 
1.03247 0.10944 -0.0474412 1.88927 
1.03362 0.103801 -0.0466135 1.89229 
0.997715 0.250616 0.0300923 1.8125 
0.999738 0.248287 0.0351227 1.81653 
0.957052 0.16074 -0.0997536 1.71306 
0.999761 0.247903 0.0345778 1.81647 
1.02888 0.142089 -0.0546637 1.88064 
1.029 0.142802 -0.0584382 1.88116 
1.02894 0.147091 -0.0555226 1.8809 
1.02852 0.143838 -0.0561052 1.87983 
1.01406 0.189668 0.00361669 1.84753 
1.00612 0.237327 -0.0158271 1.83787 
0.994602 0.252032 0.0700229 1.80916 
1.0063 0.236155 0.0208632 1.83028 
1.0151 0.213725 -0.00271631 1.84988 
1.00006 0.247486 0.0350187 1.8171 
0.983789 0.270553 0.0984161 1.79565 
0.985234 0.267306 0.100674 1.79795 
0.986043 0.265039 0.0977351 1.79966 
0.985288 0.267704 0.0988029 1.79839 
1.02468 0.186152 -0.0697005 1.87533 
0.950279 0.186592 -0.113514 1.70214 
0.998472 0.251034 0.0345688 1.81426 
0.960997 0.311354 0.0556041 1.7505 
1.02882 0.158696 -0.0584198 1.88141 
1.0302 0.102473 0.0739694 1.88817 
1.02249 0.116411 0.108753 1.87544 
1.03151 0.0781821 0.0840448 1.89455 
1.0281 0.096878 0.0881257 1.88568 
1.02516 0.181721 -0.0673494 1.87565 
1.02643 0.183567 -0.0691083 1.87928 
0.987554 0.208626 0.0994372 1.79825 
0.97565 0.253679 -0.0263941 1.76442 
0.999452 0.249138 0.0376482 1.81621 
1.02098 0.187062 -0.00790328 1.86071 
1.00063 0.255441 0.119936 1.83539 
0.999855 0.24789 0.0348077 1.81669 
0.999861 0.247099 0.0331791 1.817 
1.01654 0.20043 0.00200695 1.85151 
0.975147 0.297089 0.0727831 1.7785 
1.01611 0.201789 0.00402411 1.85071 
1.01078 0.193416 0.05264 1.84031 
0.984538 0.251319 0.126518 1.80168 
0.980692 0.265834 0.122765 1.79443 
0.977707 0.257457 0.130427 1.78911 
0.979523 0.258551 0.127027 1.79155 
0.988762 0.274488 0.130995 1.81396 
0.970248 0.259527 -0.0358257 1.75341 
0.974259 0.265517 -0.021771 1.7637 
1.03012 0.135462 -0.0403957 1.88201 
1.03143 0.128561 -0.035951 1.88491 
1.03093 0.1298 -0.0456539 1.88477 
1.03018 0.131317 -0.0405957 1.88225 
1.02438 0.182299 -0.054514 1.87253 
1.02575 0.1782 -0.0399789 1.87375 
1.00886 0.234971 0.00917294 1.83724 
1.01507 0.192544 0.00407344 1.85019 
0.982142 0.28652 0.127416 1.8007 
1.01935 0.216833 -0.050158 1.86645 
1.02846 0.173968 -0.0655217 1.88273 
0.983033 0.23224 -0.0203197 1.77735 
1.00031 0.247213 0.0342386 1.81765 
0.976429 0.19557 -0.0544849 1.76025 
0.995117 0.260751 0.0479529 1.81008 
0.98643 0.268274 0.0968685 1.79965 
0.985267 0.265258 0.0993064 1.79643 
1.00075 0.24682 0.0324004 1.81873 
1.01149 0.0886992 0.0623286 1.83547 
1.01141 0.0867196 0.0627142 1.83517 
1.01182 0.0869677 0.0617107 1.8362 
1.01158 0.0873954 0.0622642 1.83561 
0.977748 0.294565 0.0572551 1.78177 
1.01227 0.0917038 0.0585674 1.83738 
1.01291 0.0980791 0.0563739 1.83916 
1.01184 0.0964329 0.0589028 1.83655 
1.01187 0.0953241 0.0580211 1.8365 
1.02122 0.178348 0.00869366 1.85989 
1.02154 0.176286 0.0123592 1.86059 
1.022 0.174614 0.00916058 1.86139 
1.02172 0.176248 0.0100732 1.86092 
1.02483 0.201241 -0.0786468 1.87994 
0.958824 0.311037 0.0374007 1.74338 
0.986564 0.230754 0.12939 1.80428 
0.984427 0.212565 0.138712 1.80007 
0.989176 0.204357 0.131028 1.80774 
0.986401 0.215977 0.133537 1.80329 
0.947582 0.13625 -0.104921 1.68762 
0.968222 0.306379 0.0741043 1.7674 
0.967154 0.262753 -0.0349898 1.74677 
0.979635 0.230913 -0.0321401 1.77016 
0.967876 0.229368 0.112315 1.75705 
1.00325 0.245957 0.0184731 1.82703 
1.01138 0.0861175 0.0623011 1.83506 
1.01193 0.0856174 0.061572 1.83649 
1.01184 0.0862085 0.0616679 1.83625 
1.0118 0.0858294 0.0618275 1.83612 
0.959912 0.299363 0.0922389 1.75129 
0.964166 0.297887 0.0984646 1.76154 
0.963676 0.304058 0.0865942 1.75948 
0.962451 0.300906 0.0926847 1.75738 
1.00699 0.109116 0.0733121 1.82693 
1.02554 0.192222 -0.0737682 1.87901 
0.99965 0.247894 0.0340744 1.81624 
1.00021 0.247409 0.034538 1.81745 
1.01404 0.0818524 0.199317 1.87888 
1.04087 0.0238864 0.148494 1.93392 
1.0158 0.0704144 0.167637 1.87376 
1.01748 0.0534619 0.175813 1.88008 
0.999891 0.24723 0.0390309 1.81688 
1.01095 0.208129 0.0409893 1.84137 
1.01297 0.22248 0.00613057 1.84524 
0.999824 0.247467 0.034588 1.81651 
0.977244 0.241668 -0.0347199 1.76663 
1.01145 0.0912965 0.0613283 1.83547 
1.0118 0.0907484 0.0596367 1.83621 
1.01141 0.0946862 0.0600881 1.83545 
1.01158 0.0922064 0.0603135 1.83578 
1.01282 0.216366 0.0151135 1.8438 
1.03064 0.161391 -0.0608328 1.88645 
0.980827 0.287533 0.0933996 1.79198 
1.00324 0.0826425 0.120103 1.82863 
0.998338 0.114594 0.126299 1.81986 
0.997016 0.0954524 0.134677 1.81738 
0.997608 0.0972062 0.127923 1.81715 
1.01468 0.0724499 0.0510269 1.84364 
1.01499 0.0630208 0.0443352 1.84465 
1.01525 0.074719 0.0424998 1.84469 
1.01575 0.0700701 0.0460214 1.84628 
0.971236 0.27702 -0.014634 1.75965 
1.01411 0.210104 0.0169783 1.84682 
0.97049 0.298224 0.0243318 1.76423 
0.969629 0.227192 0.146222 1.7703 
0.978136 0.218535 0.144675 1.78836 
0.973694 0.244692 0.137712 1.78056 
0.972073 0.231242 0.142946 1.77574 
1.01441 0.207334 0.0189811 1.8474 
0.957568 0.294599 -0.00720964 1.73314 
0.988869 0.0999558 0.158506 1.80327 
1.00938 0.0440362 0.138668 1.84754 
0.994489 0.0842368 0.146815 1.81332 
0.992699 0.0752008 0.151999 1.80955 
1.01245 0.0894033 0.0637007 1.83907 
1.01223 0.0931627 0.0662253 1.83946 
1.01149 0.0895046 0.0660887 1.83705 
1.0117 0.0906378 0.0650237 1.83758 
1.00695 0.234654 0.0233886 1.83148 
1.01232 0.085878 0.061463 1.83767 
1.01252 0.0870763 0.0621277 1.8386 
1.01218 0.0858728 0.0620577 1.83748 
1.0122 0.0861831 0.06175 1.83752 
1.01305 0.21495 0.0380515 1.84449 
0.974057 0.25478 -0.0314954 1.76115 
1.01525 0.194822 0.0110118 1.84777 
1.02839 0.165184 -0.0614882 1.88117 
1.00132 0.244241 0.0359257 1.81951 
1.009 0.230605 0.0196472 1.83591 
1.00296 0.197611 0.0679373 1.82589 
1.00599 0.102803 0.0747209 1.82396 
0.982603 0.274809 0.0946391 1.79424 
0.981049 0.275491 0.0853584 1.79005 
0.980256 0.280024 0.090633 1.78984 
0.980689 0.277087 0.0900603 1.78994 
0.976225 0.288077 0.0200582 1.77363 
1.02625 0.155601 -0.00644054 1.8703 
1.02532 0.160863 -0.00158477 1.86823 
1.02637 0.15363 0.0018 1.87034 
1.02607 0.15671 -0.00227057 1.86982 
0.954625 0.307014 0.014486 1.73071 
1.01402 0.195232 0.0127354 1.84694 
1.00442 0.245244 0.0190338 1.82849 
1.02551 0.177108 -0.061645 1.87538 
0.989753 0.267739 0.04401 1.79892 
1.01192 0.0887392 0.0601271 1.83648 
1.01153 0.0894945 0.0614727 1.83556 
1.01176 0.0873386 0.0611984 1.83607 
1.01185 0.0884689 0.0609162 1.83631 
0.97084 0.291124 0.00930412 1.76244 
0.99981 0.247222 0.0340666 1.81666 
1.01019 0.161192 0.0489781 1.83555 
1.01566 0.216816 -0.0158434 1.85279 
0.960845 0.257184 -0.0690222 1.73756 
1.00937 0.237693 0.000968125 1.84028 
0.999805 0.247953 0.0349084 1.81659 
0.963021 0.13685 -0.0580022 1.72266 
1.01507 0.195591 0.0179666 1.8489 
1.01707 0.201067 -0.00424539 1.85295 
1.00039 0.246869 0.034621 1.81776 
0.996685 0.246328 0.0266114 1.80936 
0.982515 0.164339 0.113472 1.77955 
0.971706 0.301889 0.0522701 1.77009 
1.0133 0.202025 0.0109057 1.84484 
1.02731 0.171437 -0.064038 1.87938 
1.02068 0.202654 -0.0641037 1.86805 
0.999948 0.247744 0.0352316 1.8169 
0.952244 0.126318 -0.0784536 1.69669 
0.99952 0.247461 0.0335561 1.81589 
1.00006 0.247526 0.0354663 1.81714 
0.943837 0.275668 -0.0890634 1.70741 
0.944152 0.314334 0.0320756 1.72284 
0.933187 0.31303 0.0417436 1.69855 
0.943705 0.312942 0.0541564 1.72335 
0.940311 0.314598 0.042714 1.71524 
0.999972 0.247642 0.0349833 1.81692 
1.02776 0.161319 -0.0306819 1.87601 
1.02749 0.159423 -0.034669 1.87561 
0.999779 0.247189 0.0342624 1.81651 
1.01344 0.202784 0.00952575 1.84581 
1.02248 0.174053 0.0049014 1.86244 
1.02269 0.1757 7.53888e-05 1.86318 
1.02188 0.17805 0.00285678 1.86143 
1.0222 0.175851 0.00260978 1.86196 
0.955943 0.144693 -0.0949794 1.70803 
1.00491 0.233281 0.0372261 1.82627 
1.01032 0.222629 0.0272218 1.83788 
1.01748 0.204686 -0.00901758 1.85468 
1.00011 0.247471 0.0348176 1.81721 
0.990212 0.180683 0.0493931 1.79458 
0.992495 0.208454 0.0460567 1.8028 
0.998826 0.198324 0.0569752 1.81812 
0.998304 0.198186 0.0481348 1.8164 
0.936083 0.254995 -0.104901 1.68367 
0.931945 0.306645 -0.0222835 1.68993 
0.930392 0.309683 -0.00631081 1.6877 
0.939218 0.310205 -0.0156294 1.70802 
0.935345 0.308377 -0.0156213 1.69876 
0.999879 0.247377 0.0345569 1.81674 
1.0155 0.196738 0.0110478 1.8488 
0.980018 0.247061 -0.0265671 1.77343 
1.01093 0.094836 0.0682731 1.83674 
1.01012 0.093976 0.0730666 1.83533 
1.01115 0.0900827 0.0684978 1.83667 
1.01065 0.0931935 0.0697622 1.83601 
1.00993 0.0464281 0.075476 1.83609 
1.01071 0.0610168 0.073147 1.83675 
1.00848 0.059106 0.0829669 1.83292 
1.01139 0.055749 0.0774325 1.83947 
1.00427 0.23964 0.0291957 1.82576 
0.999937 0.243534 0.0204199 1.81897 
0.993485 0.21197 -0.00892222 1.80423 
1.01451 0.19222 0.00708748 1.84855 
1.00859 0.235702 -0.0274208 1.84439 
1.01021 0.115804 0.0608344 1.83395 
1.01054 0.125196 0.0577011 1.83515 
1.00883 0.125855 0.0635641 1.83152 
1.01007 0.122246 0.0606344 1.83404 
0.999839 0.24741 0.0346328 1.81654 
1.01055 0.105637 0.0614582 1.83415 
1.01042 0.0998421 0.0635164 1.83363 
1.01121 0.0993563 0.060756 1.83531 
1.01036 0.101475 0.0618263 1.83343 
1.02555 0.166187 -0.0284608 1.8707 
0.99977 0.247221 0.0343686 1.81642 
1.00679 0.10901 0.0710043 1.82612 
1.00586 0.110924 0.0694942 1.82367 
1.00489 0.105066 0.0968416 1.82833 
1.00711 0.0912668 0.0917446 1.83148 
1.00642 0.102354 0.0896353 1.83014 
1.00537 0.0992362 0.0930314 1.82801 
0.95878 0.304458 0.00826096 1.73957 
0.986889 0.143895 0.11002 1.78632 
1.01512 0.18109 0.00467081 1.84954 
0.972596 0.247619 -0.040267 1.75631 
0.970577 0.243755 -0.042821 1.75055 
0.96939 0.265878 -0.0325515 1.75301 
1.00276 0.243416 0.0312464 1.82281 
1.00125 0.150621 0.0793426 1.81713 
1.0249 0.170383 -0.019249 1.86892 
1.02606 0.166375 -0.0230266 1.87161 
1.02297 0.199793 -0.0765637 1.87458 
0.985218 0.269248 0.114141 1.80072 
1.01575 0.197785 0.00961597 1.84956 
1.01053 0.228376 0.0108357 1.83984 
0.999751 0.247487 0.0343555 1.81637 
0.984377 0.271733 0.106943 1.7985 
0.939577 0.221029 -0.116517 1.68426 
1.00142 0.244264 0.0348102 1.81972 
0.948272 0.149594 -0.108218 1.691 
1.01479 0.0946894 0.046261 1.84345 
1.01569 0.100897 0.0405975 1.84578 
1.01518 0.102148 0.0457135 1.84459 
1.01454 0.0991623 0.0443135 1.84288 
1.01689 0.188162 0.0301547 1.85359 
1.01667 0.19582 0.0256376 1.85522 
1.01114 0.200642 0.0446588 1.84407 
1.01405 0.195921 0.0322099 1.84893 
0.973875 0.295172 0.0881193 1.77723 
0.998932 0.144938 0.0855739 1.81188 
0.999965 0.247605 0.0348026 1.81689 
1.01531 0.149065 0.0361359 1.84683 
1.01278 0.146438 0.0442931 1.84071 
1.01517 0.13657 0.0378027 1.84589 
1.01463 0.143461 0.0392832 1.84491 
1.01214 0.0858593 0.0628956 1.83758 
1.01209 0.0877707 0.0629161 1.83777 
1.01184 0.0872968 0.065134 1.83748 
1.01197 0.0870522 0.0635824 1.83747 
1.02297 0.204704 -0.0795063 1.87639 
0.947586 0.257608 -0.0921406 1.70989 
0.995737 0.122296 0.0941938 1.80282 
1.01559 0.200377 0.00628939 1.84935 
0.943763 0.192307 -0.117337 1.68794 
1.00726 0.0780599 0.092375 1.83146 
1.00722 0.0699957 0.102163 1.83366 
1.00788 0.065318 0.0907703 1.8327 
1.0078 0.0709473 0.0949341 1.8334 
1.01588 0.131811 0.0255327 1.84747 
1.01527 0.146598 0.0319623 1.8466 
1.01514 0.133229 0.0336652 1.84562 
1.01601 0.136966 0.0303303 1.84798 
1.0002 0.24725 0.0347287 1.81737 
1.01196 0.0860395 0.0614187 1.83659 
1.01208 0.0856118 0.0614467 1.83693 
1.01212 0.0855965 0.0616963 1.83716 
1.01212 0.0857009 0.0614786 1.83705 
0.999836 0.247886 0.0347056 1.81664 
0.999966 0.247609 0.0347817 1.81689 
0.959975 0.308203 0.0220367 1.74427 
0.988159 0.257446 0.00922518 1.79242 
0.981835 0.255015 0.0561948 1.78513 
0.979505 0.26496 0.0621864 1.7821 
0.98404 0.260096 0.0637408 1.79213 
0.983436 0.260585 0.059891 1.79056 
0.992161 0.263258 0.0581628 1.80482 
0.966135 0.30671 0.0365009 1.75816 
1.00045 0.246896 0.0343624 1.81791 
0.990113 0.124347 0.099408 1.78982 
0.981747 0.277255 0.0197358 1.78269 
0.998281 0.245796 0.0301541 1.813 
1.03259 0.107786 0.00173576 1.88705 
1.03297 0.103919 -0.0172884 1.88865 
1.03186 0.114524 -0.0081395 1.8847 
1.03213 0.10849 -0.00765331 1.88588 
1.01644 0.193375 0.0102634 1.8504 
0.974392 0.285819 0.000492592 1.76952 
1.01378 0.211167 0.00881102 1.84622 
1.0022 0.241179 0.0391218 1.8212 
1.02092 0.203419 -0.0443489 1.86633 
0.94599 0.164587 -0.112516 1.68796 
1.01361 0.202483 0.00965841 1.84632 
1.0136 0.202652 0.0104907 1.84583 
1.03351 0.101779 0.0182537 1.89037 
1.03328 0.0987986 0.0423995 1.89191 
1.03597 0.083394 0.0154403 1.89817 
1.03396 0.0938134 0.0246867 1.8926 
0.994104 0.218878 0.0476195 1.80819 
0.993742 0.227813 0.0626136 1.80957 
0.998776 0.209484 0.0602874 1.81937 
0.9952 0.218333 0.0559899 1.81132 
1.01857 0.211277 -0.0310294 1.86058 
0.976389 0.151336 0.114049 1.76224 
1.00974 0.101696 0.0648038 1.83218 
1.0099 0.10811 0.0628805 1.83282 
1.0092 0.108237 0.0659738 1.83142 
1.00957 0.106059 0.0645238 1.83204 
1.00452 0.147718 0.0680655 1.82308 
1.00033 0.246699 0.0352128 1.8176 
1.00384 0.227865 0.0882375 1.83011 
0.934996 0.298758 -0.0487066 1.69439 
0.933289 0.302745 -0.0364972 1.69168 
0.939465 0.302392 -0.0430897 1.7059 
0.937167 0.301033 -0.043506 1.70033 
0.974554 0.284173 0.0825954 1.77658 
0.973502 0.288026 0.089994 1.77578 
0.977591 0.284905 0.0885484 1.78466 
0.976485 0.286116 0.0865178 1.78218 
0.95965 0.28787 -0.0157286 1.73596 
0.999592 0.248116 0.0341545 1.81614 
0.987614 0.244432 2.2484e-05 1.78878 
1.01193 0.219459 0.0243642 1.84155 
1.00016 0.247346 0.0348287 1.81731 
1.01366 0.209165 0.0247402 1.84537 
0.95214 0.247719 -0.0984418 1.71901 
1.02371 0.194984 -0.0743767 1.87505 
0.962422 0.217567 -0.0900921 1.73454 
0.985354 0.277257 0.0664044 1.79415 
1.0133 0.210316 0.0134615 1.84494 
1.0007 0.246047 0.0363911 1.81842 
0.937441 0.279927 -0.083333 1.69427 
0.9437 0.27906 -0.0850207 1.70865 
0.960254 0.298214 -0.00213565 1.7408 
0.986068 0.270032 0.0309345 1.7904 
0.967185 0.272363 -0.0286065 1.74945 
0.974951 0.251668 -0.0278389 1.76238 
0.97556 0.252257 -0.0303405 1.76415 
0.998113 0.248152 0.0301099 1.81288 
1.00181 0.24567 0.0312445 1.82105 
0.936651 0.301783 0.09953 1.70976 
0.957557 0.292863 0.106189 1.75569 
0.948028 0.307394 0.079263 1.73448 
0.944669 0.303156 0.0937247 1.72712 
1.01416 0.191506 0.00908981 1.84744 
1.0138 0.195814 0.00809144 1.84686 
0.970858 0.303219 0.0435425 1.76804 
1.00978 0.134074 0.0629322 1.83453 
1.00795 0.134069 0.0587216 1.82938 
0.999763 0.247728 0.0342658 1.81645 
0.943769 0.245721 -0.10821 1.69978 
0.963682 0.285056 -0.0181299 1.74476 
0.999435 0.248854 0.03529 1.81596 
1.00094 0.243847 0.0393025 1.81867 
1.03457 0.0956649 -0.0173554 1.89339 
1.03333 0.100598 0.00472953 1.88961 
1.03558 0.0836627 -0.00147066 1.89679 
1.03471 0.0931402 -0.00487242 1.89371 
1.01459 0.202479 0.0149172 1.84814 
0.998533 0.250781 0.0334483 1.81435 
0.956414 0.232375 -0.0857716 1.72245 
0.999903 0.247795 0.0348468 1.81679 
0.977636 0.266549 -0.0150893 1.77164 
0.999939 0.24774 0.0351187 1.81687 
0.986615 0.228501 0.0876777 1.79863 
1.02677 0.182309 0.0538884 1.8781 
0.952869 0.211173 -0.104322 1.71194 
1.00321 0.246598 0.0203548 1.82644 
1.00737 0.185014 0.0595135 1.83215 
1.00667 0.241725 -0.00209094 1.83584 
0.999402 0.224325 -0.0171114 1.82148 
1.03655 0.0722288 0.022742 1.90099 
1.03273 0.0911078 0.0528259 1.89227 
1.03516 0.0655634 0.0575674 1.901 
1.03549 0.0763872 0.0451951 1.89962 
1.01374 0.214166 0.00515161 1.8463 
0.951348 0.130542 -0.100724 1.69606 
0.990551 0.269393 0.0796682 1.8062 
0.963454 0.275479 -0.0269229 1.74135 
1.02811 0.13659 0.0075767 1.8744 
1.02829 0.138634 -0.00233255 1.87474 
1.02668 0.145961 0.00527866 1.87089 
1.02827 0.140241 0.00339622 1.87471 
0.986722 0.255813 0.0793125 1.79857 
0.988528 0.245085 0.0715523 1.8003 
0.986079 0.256236 0.0704537 1.79659 
0.986667 0.252947 0.0737942 1.79749 
1.01334 0.214838 0.0242202 1.84477 
0.952543 0.2366 -0.0977193 1.71642 
1.00671 0.239374 0.0204218 1.83208 
0.980153 0.276173 0.10382 1.78932 
0.981562 0.281818 0.105938 1.79488 
1.01431 0.213834 0.0132524 1.8475 
1.00789 0.0581673 0.100724 1.83534 
1.01075 0.0429898 0.0838197 1.83979 
1.00992 0.0582803 0.0885848 1.83772 
1.00801 0.0525883 0.0912931 1.83378 
0.991759 0.130498 0.102728 1.79522 
0.965992 0.278824 -0.0234079 1.74844 
1.00414 0.114711 0.0754966 1.82055 
0.997737 0.243646 0.0289938 1.81167 
1.00717 0.231574 0.0277859 1.8314 
1.00185 0.247038 0.0293758 1.82179 
1.01563 0.18654 0.0087181 1.85083 
0.976889 0.238666 -0.0370056 1.7646 
0.975214 0.239339 -0.042505 1.76085 
0.97465 0.244346 -0.0388839 1.76047 
0.975347 0.240524 -0.0397872 1.76133 
1.00016 0.24761 0.033656 1.81763 
1.01572 0.176491 0.0138031 1.85 
1.00711 0.242183 0.00817243 1.83533 
0.999932 0.247459 0.0342455 1.81696 
1.00032 0.247 0.0346854 1.81762 
0.999079 0.248222 0.0325338 1.81504 
1.01716 0.164397 0.0139708 1.85296 
1.01632 0.165319 0.0082552 1.85127 
0.952561 0.262688 -0.0818801 1.72172 
0.966211 0.306096 0.026476 1.75776 
1.01899 0.194763 -0.0126965 1.8571 
1.00061 0.0378649 0.124664 1.82231 
1.00231 0.0639412 0.118259 1.82541 
0.994193 0.0782247 0.137135 1.80989 
1.00223 0.0590591 0.127399 1.82725 
1.02448 0.188835 -0.0609114 1.87451 
0.999906 0.24783 0.0350172 1.81681 
0.999844 0.247774 0.0346804 1.81663 
0.98834 0.269517 0.0708577 1.79934 
0.944154 0.262779 -0.0983864 1.70468 
1.00874 0.232526 0.0159197 1.8358 
0.952398 0.310666 0.0247759 1.73857 
0.96268 0.2998 0.0384275 1.75812 
0.959259 0.303675 0.0146429 1.75008 
0.956123 0.305625 0.026373 1.74429 
1.02605 0.18066 -0.0458997 1.87549 
1.02469 0.188341 -0.0540137 1.87417 
0.947528 0.290223 -0.0648391 1.71975 
0.951973 0.281354 -0.0683311 1.72615 
0.949249 0.28509 -0.0708585 1.7222 
1.00387 0.238373 0.0344396 1.82456 
1.00927 0.174721 0.0574994 1.83535 
0.999608 0.246578 0.0332788 1.81627 
0.999807 0.248067 0.0351403 1.81664 
1.0102 0.0963338 0.0636512 1.83284 
1.01104 0.0924384 0.062305 1.83456 
1.01082 0.0962038 0.06116 1.83417 
1.01093 0.0949233 0.0622963 1.83445 
0.975761 0.289292 0.0939796 1.78202 
0.978113 0.287534 0.100076 1.78774 
0.978714 0.285296 0.0933042 1.78791 
0.977061 0.287632 0.0956064 1.78481 
0.975905 0.291476 0.117107 1.78558 
0.97412 0.291761 0.11345 1.78089 
0.987078 0.271992 0.0945219 1.80159 
0.965879 0.299634 0.0122603 1.75411 
0.945796 0.229506 -0.112887 1.70093 
0.98609 0.266332 0.100986 1.79972 
0.986471 0.265466 0.103864 1.80126 
0.986393 0.263258 0.0997241 1.80024 
0.985881 0.264769 0.101301 1.79922 
1.02731 0.150066 -0.0125297 1.87285 
1.02853 0.141323 -0.0115682 1.87562 
1.02834 0.144791 -0.0197286 1.87564 
1.0283 0.145256 -0.0148045 1.87526 
1.02926 0.138247 -0.0504702 1.88113 
1.02944 0.137499 -0.0439071 1.88073 
1.02994 0.132588 -0.0488242 1.88267 
1.0299 0.136012 -0.0479975 1.88242 
1.0116 0.103422 0.0564406 1.83616 
1.01064 0.107048 0.0596276 1.83429 
1.0109 0.0999093 0.0592299 1.83442 
1.01149 0.103361 0.0584108 1.83606 
1.01816 0.0758231 0.0202667 1.8524 
1.01878 0.0577331 0.0292807 1.85439 
1.02008 0.0620348 0.0122022 1.85777 
1.01855 0.0649722 0.019748 1.85365 
0.991742 0.227827 0.0103288 1.7974 
1.00015 0.247344 0.0347518 1.81729 
1.0201 0.208711 -0.0605904 1.86765 
1.01401 0.211866 0.0105119 1.84682 
1.01341 0.100704 0.0525295 1.84033 
1.01432 0.0950297 0.0493753 1.84234 
1.01369 0.102122 0.0483814 1.8409 
1.01434 0.0992326 0.0501144 1.84253 
1.02815 0.138895 0.0136316 1.87475 
1.02702 0.148072 0.0107595 1.87199 
1.02664 0.146969 0.0206498 1.87155 
1.02709 0.14441 0.0151417 1.87225 
0.99737 0.248465 0.0284822 1.81128 
0.977352 0.272294 0.121344 1.78797 
0.972365 0.277841 0.120451 1.77867 
0.973658 0.265099 0.128149 1.78093 
0.975423 0.272308 0.123331 1.78501 
1.01381 0.213955 0.00775786 1.84644 
0.984621 0.276814 0.0290799 1.78946 
1.02306 0.191277 -0.0499385 1.8701 
0.978182 0.289919 0.0494509 1.77999 
1.00661 0.127996 0.0702831 1.82694 
1.01012 0.0913049 0.074591 1.83532 
1.01096 0.0856385 0.0734382 1.83675 
1.01112 0.0881236 0.0696438 1.83659 
1.01071 0.0881652 0.0726278 1.83613 
0.99813 0.249214 0.0313015 1.81305 
1.00568 0.234586 0.0302146 1.82828 
0.97495 0.281146 -0.000494101 1.769 
0.947033 0.213359 -0.116619 1.70039 
0.999925 0.247785 0.0355029 1.81687 
1.00312 0.239476 0.0323839 1.82289 
0.998724 0.152226 0.0905799 1.81318 
1.01274 0.210876 0.0423459 1.84532 
0.980709 0.223442 0.139874 1.79336 
0.983536 0.239971 0.130627 1.79894 
0.976436 0.247441 0.134995 1.78585 
0.981565 0.23761 0.135588 1.79619 
1.02326 0.197704 -0.0582188 1.87276 
0.994231 0.135784 0.098864 1.80134 
1.00014 0.247668 0.0342508 1.81743 
1.01336 0.0806964 0.0609688 1.84051 
1.01394 0.0784152 0.0568775 1.84178 
1.01359 0.0838951 0.0569687 1.84066 
1.01375 0.0807418 0.0583739 1.84129 
0.989823 0.261934 0.0847933 1.80302 
0.998765 0.247374 0.0317189 1.81418 
0.996308 0.14859 0.121597 1.81679 
0.998036 0.168426 0.110628 1.82064 
0.993509 0.178245 0.124018 1.81341 
0.997027 0.165477 0.118962 1.8197 
0.981068 0.269183 0.0662202 1.78724 
0.981878 0.271366 0.0753705 1.79034 
0.98419 0.264002 0.0689274 1.79374 
0.982017 0.26828 0.0698102 1.78954 
1.01312 0.215466 0.0308564 1.84423 
0.976961 0.271508 -0.00885889 1.77102 
1.00422 0.245072 0.0119616 1.82938 
0.949497 0.199564 -0.116588 1.70328 
1.01272 0.216032 0.0338149 1.84333 
1.01365 0.209657 0.0221413 1.84541 
1.0262 0.152685 0.0126849 1.87019 
1.02406 0.160194 0.0199006 1.86578 
1.02579 0.152058 0.0218571 1.86974 
1.02574 0.154887 0.0185407 1.86951 
1.01739 0.195853 0.00264608 1.85296 
1.01486 0.11995 0.0432281 1.84446 
1.01553 0.112213 0.0377678 1.84571 
1.015 0.124808 0.0378003 1.8449 
1.01515 0.119166 0.0395746 1.84507 
1.0165 0.20338 -0.00118848 1.8518 
0.988785 0.249584 0.0947567 1.80352 
0.987127 0.256717 0.088117 1.80023 
0.987179 0.259068 0.0953982 1.80122 
0.987454 0.25538 0.0924687 1.80104 
0.999462 0.247741 0.0334672 1.8158 
0.972258 0.29815 0.0348635 1.76859 
0.99547 0.146129 0.0978915 1.80557 
1.01517 0.194306 0.029595 1.84865 
1.00037 0.24547 0.0402248 1.81771 
1.0117 0.22276 0.031867 1.84133 
0.999654 0.247155 0.0339924 1.81616 
1.02922 0.142233 -0.0369197 1.87932 
1.02845 0.150141 -0.0356767 1.87747 
1.02875 0.144996 -0.0297341 1.87747 
1.02863 0.145534 -0.0337802 1.87756 
0.934611 0.311199 0.00152423 1.69857 
0.943655 0.313761 0.0119906 1.72026 
0.942768 0.311688 -0.00690202 1.7168 
0.939753 0.313042 0.00171954 1.71074 
0.974276 0.277035 -0.00828086 1.76643 
0.997725 0.250426 0.0316006 1.81236 
0.989362 0.259294 0.100712 1.80451 
1.01168 0.220118 0.0322854 1.84101 
0.999151 0.248141 0.0331027 1.81515 
0.954022 0.201312 -0.108517 1.71343 
0.963108 0.309406 0.0515079 1.75354 
1.00064 0.245619 0.0355026 1.81811 
1.001 0.244957 0.0361831 1.81889 
1.01575 0.183406 0.0159149 1.85028 
1.00803 0.103837 0.0698642 1.82864 
1.00921 0.100703 0.0666098 1.83097 
1.00843 0.106824 0.0671504 1.82955 
1.00885 0.103553 0.067852 1.83045 
0.999473 0.248123 0.0338399 1.81588 
1.01397 0.207056 0.0100764 1.84663 
1.01455 0.22646 -0.0576221 1.86036 
0.965571 0.293701 -0.00363184 1.75171 
1.00014 0.247393 0.0348441 1.81728 
1.02201 0.198355 -0.0625327 1.87027 
0.999296 0.249124 0.0358145 1.81572 
1.00144 0.243498 0.0366713 1.81968 
1.0271 0.157605 -0.0226948 1.87339 
1.02717 0.15397 -0.0157155 1.87286 
1.02806 0.149071 -0.0223871 1.87528 
1.02726 0.153446 -0.0199873 1.87331 
1.01266 0.219131 0.0141506 1.84366 
1.0202 0.184325 -0.00413957 1.85825 
0.962127 0.291071 -0.0117838 1.74295 
1.01315 0.212419 0.0264607 1.84419 
1.03217 0.107909 -0.0240536 1.88662 
1.03169 0.11995 -0.0258814 1.88491 
1.03154 0.117017 -0.0142283 1.88392 
1.03191 0.115048 -0.0213179 1.88538 
0.998522 0.250291 0.04529 1.81491 
1.02274 0.179859 -0.00438522 1.86394 
0.988774 0.243091 0.0644508 1.8001 
0.986243 0.24946 0.0551926 1.79469 
0.986286 0.255223 0.0648956 1.79658 
0.987425 0.249437 0.0609173 1.7979 
1.02954 0.126481 0.00961591 1.87828 
1.03116 0.114744 0.00914481 1.88307 
1.03038 0.119502 -0.00165758 1.88056 
1.031 0.120264 0.00544081 1.88218 
1.01345 0.202544 0.0101364 1.84589 
0.999803 0.247309 0.0343772 1.81649 
1.01564 0.212342 -0.00751792 1.85128 
1.00845 0.136825 0.0658297 1.83178 
1.02133 0.177683 0.0125581 1.86026 
1.02114 0.179307 0.00935244 1.85983 
1.02084 0.179593 0.0113573 1.85916 
1.0209 0.178881 0.0110743 1.85923 
0.999739 0.247159 0.0342147 1.81637 
1.00037 0.246825 0.0350168 1.81771 
0.958601 0.153846 -0.0911659 1.7152 
1.02404 0.187065 -0.0671731 1.87367 
0.985572 0.239242 -0.0153007 1.78424 
0.943555 0.296036 -0.0578282 1.71308 
0.938453 0.296906 -0.0549415 1.70201 
0.941864 0.300631 -0.0477627 1.71073 
0.9413 0.29819 -0.053553 1.70881 
0.983704 0.250651 -0.0115703 1.78158 
1.02506 0.183957 -0.0655054 1.87557 
0.961036 0.14067 -0.0704167 1.71844 
0.991973 0.200092 0.0958255 1.80631 
1.00233 0.244307 0.0299196 1.82202 
1.02246 0.208254 -0.0774771 1.87578 
0.974428 0.25668 -0.0163294 1.76416 
0.97523 0.257001 -0.027046 1.76568 
0.973711 0.259856 -0.0241968 1.76338 
0.999552 0.247576 0.0338112 1.81596 
1.01815 0.0629726 0.0351772 1.85248 
1.01794 0.0785045 0.025977 1.85163 
1.01752 0.076152 0.0366073 1.85037 
1.0171 0.0725359 0.0326994 1.84948 
0.996385 0.12906 0.0930948 1.80502 
1.01631 0.111563 0.0331447 1.84769 
1.01671 0.121388 0.0254104 1.84919 
1.01627 0.125486 0.033758 1.84812 
1.01602 0.119587 0.0307633 1.84727 
0.999187 0.246861 0.0321911 1.81512 
0.976304 0.262524 0.112127 1.78875 
0.989458 0.231894 0.111046 1.81038 
0.984708 0.251991 0.0920454 1.8005 
0.982391 0.249401 0.105641 1.79713 
1.01447 0.107783 0.0404174 1.84291 
1.0139 0.115 0.0450754 1.84187 
1.01365 0.10656 0.0455133 1.84088 
1.01501 0.109821 0.0437266 1.8444 
0.952361 0.142681 -0.104824 1.6999 
0.998516 0.252356 0.0370318 1.81488 
0.999787 0.24695 0.0325167 1.81696 
1.00044 0.246595 0.0358389 1.81787 
0.964055 0.291022 -0.00946088 1.74736 
1.02121 0.214219 -0.0757868 1.87434 
0.967569 0.292238 -0.00053208 1.75565 
1.02762 0.153764 -0.0331343 1.87534 
1.02688 0.157245 -0.0266997 1.87312 
1.02796 0.149041 -0.0268508 1.87537 
1.02738 0.153201 -0.029084 1.8743 
0.99603 0.254803 0.0429512 1.80991 
0.984456 0.26955 0.102841 1.79678 
0.985285 0.266335 0.100714 1.79734 
0.985262 0.270405 0.0981342 1.79777 
0.985016 0.268619 0.100506 1.79727 
0.961925 0.296886 0.0140974 1.7528 
0.964587 0.29092 0.036157 1.75802 
0.96924 0.282503 0.0196348 1.76421 
0.967569 0.290585 0.0235405 1.7641 
1.02809 0.150417 -0.0393318 1.87697 
1.02891 0.143281 -0.0404304 1.87896 
1.02885 0.147803 -0.0436534 1.87931 
1.0286 0.147046 -0.0413674 1.87835 
0.985132 0.256519 0.00139356 1.7854 
0.97863 0.288532 0.105895 1.78995 
0.976057 0.291946 0.108931 1.78513 
0.978362 0.28865 0.112861 1.79016 
0.977628 0.290016 0.109138 1.78836 
0.989582 0.153387 0.107173 1.79384 
0.99972 0.2482 0.0361917 1.81651 
1.01249 0.203529 0.0964231 1.84914 
1.00244 0.240451 0.0367775 1.82152 
1.02218 0.179986 0.000874953 1.86248 
1.02156 0.178762 -0.00111744 1.86076 
1.01377 0.216922 -0.0102048 1.84763 
1.02878 0.162419 -0.0557162 1.88144 
1.01398 0.203152 0.0103123 1.84665 
1.02476 0.184046 -0.0354786 1.87167 
1.02762 0.166302 -0.0580804 1.87909 
1.0022 0.24214 0.0359121 1.82124 
1.0211 0.185321 -0.000287819 1.86056 
1.02135 0.179045 0.006682 1.86029 
1.02198 0.175328 0.00670876 1.86138 
1.02152 0.178565 0.00396249 1.8606 
1.02178 0.177759 0.00586139 1.86117 
1.00322 0.241743 0.0292112 1.82362 
0.980267 0.277415 0.0814026 1.78845 
0.977658 0.281789 0.0794941 1.78321 
0.979141 0.282012 0.0868831 1.78744 
0.979093 0.280664 0.082409 1.7866 
0.99986 0.247297 0.0345371 1.81666 
1.01753 0.218333 -0.0443118 1.8615 
1.00012 0.247445 0.0347986 1.81722 
1.02939 0.141069 -0.0437471 1.88058 
1.02921 0.141383 -0.0497048 1.88094 
1.02883 0.146115 -0.0460418 1.87958 
1.029 0.14277 -0.0464168 1.87999 
0.959933 0.290207 0.093886 1.75635 
0.961947 0.295609 0.0641275 1.75766 
0.950686 0.305724 0.0708549 1.73755 
0.959345 0.298382 0.0775524 1.75549 
1.01638 0.225583 -0.0480491 1.86151 
1.00684 0.115573 0.069617 1.82639 
1.00893 0.12267 0.0688657 1.83217 
0.996811 0.165115 0.0893367 1.80983 
1.0117 0.179727 0.050542 1.84091 
1.00205 0.242266 0.0340736 1.82083 
0.969942 0.2871 -0.00528282 1.75963 
1.00109 0.244297 0.0379392 1.81905 
1.01504 0.187421 0.0132384 1.84897 
1.01304 0.231131 -0.0380748 1.85389 
1.0247 0.162411 0.0160814 1.86727 
1.02542 0.155979 0.0100876 1.86827 
1.02461 0.161858 0.0100533 1.86665 
1.02475 0.160015 0.0122392 1.86699 
0.970721 0.285022 0.0676614 1.77455 
0.969143 0.278628 0.0976973 1.77402 
0.978526 0.263769 0.0828323 1.7876 
0.972982 0.276433 0.0828892 1.77918 
0.963809 0.309486 0.0409995 1.75454 
1.00011 0.247422 0.0349094 1.81721 
0.99994 0.247667 0.03481 1.81684 
1.01407 0.205131 0.00986527 1.84684 
0.959196 0.138465 -0.0879936 1.71493 
0.99852 0.247067 0.0305285 1.81366 
0.999358 0.246306 0.0491283 1.81632 
1.02798 0.137009 0.033788 1.87602 
1.02833 0.13529 0.0192298 1.87555 
1.02743 0.144788 0.0263536 1.87398 
1.02781 0.139216 0.0261046 1.87482 
1.0263 0.170829 -0.031144 1.87332 
1.01484 0.186213 0.0210216 1.84784 
0.951432 0.156262 -0.109032 1.69964 
0.961553 0.306747 0.0199035 1.74696 
0.993157 0.110176 0.141085 1.81035 
0.994481 0.128568 0.131634 1.81275 
0.989153 0.140015 0.14206 1.80341 
0.993587 0.126526 0.138684 1.8122 
1.01433 0.0799535 0.0535471 1.84253 
1.01435 0.0873076 0.0506417 1.84237 
1.01393 0.0854745 0.0547407 1.8414 
1.014 0.0843838 0.0530123 1.84157 
0.955176 0.193127 -0.105735 1.71424 
1.00513 0.143054 0.0746334 1.82527 
0.989471 0.267419 0.036611 1.7978 
1.01106 0.227235 0.00672727 1.84126 
0.976915 0.292116 0.0395571 1.77736 
0.999659 0.248556 0.0364476 1.81648 
0.988952 0.268047 0.0240334 1.79691 
0.972305 0.281588 0.044497 1.77356 
0.979218 0.261492 0.0368186 1.78207 
0.97459 0.274189 0.0251506 1.77431 
0.973119 0.271924 0.0352438 1.77076 
1.01454 0.0864068 0.0479564 1.84278 
1.0147 0.0780618 0.0508328 1.84344 
1.01532 0.0802841 0.0440841 1.84478 
1.0149 0.0813873 0.0475061 1.84376 
0.986484 0.250783 -0.0026651 1.78768 
0.972078 0.261194 -0.0322789 1.7581 
0.970591 0.265425 -0.0302229 1.75558 
0.995039 0.180793 0.0946921 1.80937 
0.97826 0.284229 0.101111 1.78711 
0.980282 0.276547 0.099485 1.78947 
0.978466 0.281901 0.0945273 1.78634 
0.979576 0.281048 0.0982033 1.78906 
0.979696 0.256937 0.0486195 1.78298 
0.973128 0.278061 0.057387 1.7758 
0.981008 0.25916 0.0715108 1.79002 
0.979637 0.26477 0.059842 1.787 
1.00493 0.235579 0.0340197 1.82665 
1.01387 0.213925 0.011135 1.84651 
0.985119 0.167584 0.109066 1.78545 
1.01424 0.209427 0.0116805 1.84731 
1.00328 0.241153 0.0326694 1.82361 
0.978719 0.201193 -0.0347135 1.76478 
1.00131 0.241305 0.0476481 1.81974 
0.940495 0.28622 -0.0762068 1.70353 
0.944744 0.290535 -0.0677127 1.71423 
0.944299 0.283923 -0.0778404 1.71107 
0.942745 0.287561 -0.0742183 1.70885 
0.98386 0.245284 -0.0168804 1.78137 
0.99689 0.16873 0.0959333 1.81209 
1.01151 0.217173 0.0398034 1.8408 
0.995278 0.146166 0.12874 1.81577 
0.992103 0.175889 0.130316 1.81144 
0.99093 0.156571 0.138594 1.80877 
0.991561 0.159145 0.133013 1.80894 
1.01191 0.215507 0.0625245 1.84386 
1.00178 0.246464 0.0299195 1.8213 
0.996604 0.254749 0.0323301 1.81092 
0.976381 0.241505 -0.0346014 1.76388 
0.974988 0.247914 -0.034108 1.7619 
0.974704 0.245007 -0.0357821 1.76061 
1.00031 0.246613 0.0363316 1.81758 
1.03168 0.11931 -0.0328393 1.88556 
1.0337 0.107187 -0.0328653 1.89118 
1.03268 0.113454 -0.0426695 1.88923 
1.03206 0.113143 -0.0365756 1.88708 
0.99265 0.154545 0.101821 1.80046 
1.01143 0.218903 0.035001 1.84037 
1.00186 0.245463 0.0302592 1.82116 
0.999081 0.251552 0.0820847 1.82243 
1.02371 0.191143 -0.0577916 1.87263 
0.999799 0.247478 0.0345176 1.81646 
0.994039 0.206147 0.0820558 1.80972 
0.986761 0.225605 -0.0115287 1.78497 
0.936016 0.304917 -0.0304809 1.69893 
0.941938 0.308459 -0.023363 1.71349 
0.941698 0.304479 -0.0366527 1.71167 
0.939 0.306414 -0.0304694 1.70609 
1.00138 0.24671 0.0307975 1.8203 
1.01406 0.196123 0.0252916 1.84604 
0.987382 0.275595 0.12076 1.8091 
1.00987 0.113406 0.0628648 1.83313 
1.00832 0.122114 0.0657671 1.83024 
1.00867 0.112736 0.0665511 1.83047 
1.00934 0.115931 0.0648415 1.83221 
1.01209 0.172877 0.046883 1.84095 
1.02274 0.203351 -0.0748509 1.87469 
0.998601 0.192414 0.0842187 1.8183 
1.01393 0.205702 0.0260682 1.84596 
0.944407 0.308343 -0.0234217 1.71833 
0.949005 0.303594 -0.0330738 1.72636 
0.943323 0.304502 -0.0373274 1.71475 
0.946835 0.305717 -0.0315187 1.723 
0.999742 0.248326 0.037162 1.81666 
1.01489 0.201282 0.0238593 1.84831 
1.00743 0.23578 0.0169723 1.83319 
0.999799 0.247435 0.0344523 1.81646 
0.998175 0.244909 0.0284993 1.81278 
0.962465 0.304407 0.0121189 1.74825 
1.00007 0.247439 0.0372261 1.81723 
1.02128 0.20857 -0.0749556 1.87244 
0.989671 0.222514 0.126494 1.81256 
0.974119 0.256475 0.129577 1.78637 
0.9836 0.216841 0.156144 1.80589 
0.983726 0.232365 0.138312 1.80463 
0.962876 0.298107 0.00110897 1.74684 
0.984628 0.242103 0.0931108 1.79888 
0.981129 0.288008 0.122798 1.79799 
0.99936 0.247668 0.0330507 1.81557 
0.996502 0.221124 -0.0246184 1.81497 
0.991229 0.184357 0.101814 1.80221 
0.95347 0.131327 -0.0926161 1.70064 
1.02879 0.154933 -0.0429098 1.87933 
1.02991 0.152646 -0.044899 1.88238 
1.01767 0.215 -0.0253068 1.85846 
0.968647 0.273747 -0.0254088 1.7532 
0.95356 0.274946 -0.0790773 1.72878 
0.946094 0.311199 -0.00624962 1.72338 
0.947796 0.312422 0.0136261 1.72834 
0.95388 0.307053 0.00412119 1.73873 
0.950721 0.310763 0.00373236 1.7339 
0.981294 0.283188 0.051504 1.78479 
1.02544 0.156093 0.00564098 1.8682 
1.02502 0.161985 0.00191452 1.86755 
1.02472 0.161664 0.00738313 1.86681 
1.02502 0.159918 0.00498016 1.8674 
0.998319 0.24929 0.0322618 1.81344 
0.966346 0.286473 -0.0138993 1.75144 
0.966624 0.278187 -0.0220643 1.74953 
1.00048 0.246149 0.0354996 1.81786 
1.00038 0.246738 0.0347888 1.81771 
0.999863 0.247364 0.0346512 1.81665 
0.979114 0.287447 0.0308627 1.78039 
0.971265 0.268194 -0.0265737 1.75777 
0.985732 0.277817 0.0585773 1.79423 
1.00034 0.247065 0.0343585 1.81768 
0.96919 0.294232 0.00638675 1.75999 
1.00416 0.245592 0.0223646 1.8276 
0.997408 0.253474 0.0347575 1.81246 
0.987256 0.262655 0.013719 1.79141 
0.953595 0.303305 -0.0256822 1.73647 
0.948638 0.309027 -0.0155604 1.72815 
0.956247 0.304706 -0.00644888 1.74297 
0.951262 0.306247 -0.015901 1.7322 
0.999591 0.183849 0.109446 1.82561 
0.996426 0.205597 0.113858 1.82057 
0.994215 0.192766 0.121802 1.81608 
0.995429 0.194433 0.11543 1.81752 
0.96049 0.301374 0.0508899 1.75533 
0.949537 0.312061 0.0351448 1.73362 
0.950842 0.3093 0.0577978 1.7382 
0.953459 0.308548 0.0469356 1.74212 
0.983839 0.123184 0.158411 1.79289 
0.990261 0.106292 0.148268 1.80466 
0.988866 0.140213 0.147818 1.80446 
0.986135 0.123885 0.151691 1.79699 
1.00025 0.247022 0.0350364 1.81745 
0.992343 0.225787 0.0710733 1.80633 
0.995817 0.214416 0.0823119 1.81446 
0.997205 0.208207 0.0699514 1.81602 
0.997245 0.215701 0.0745675 1.81736 
0.96975 0.271863 -0.0241868 1.7551 
1.02969 0.133282 -0.00518177 1.87831 
1.02965 0.13076 0.00509375 1.87829 
1.03108 0.124178 -0.0048956 1.88213 
1.02951 0.129285 -0.00144496 1.87792 
1.0001 0.247467 0.0348782 1.81719 
0.982052 0.269478 0.0791273 1.79047 
0.984396 0.262354 0.0808637 1.79446 
0.983896 0.262081 0.0727476 1.79275 
0.984182 0.264705 0.0775904 1.79436 
0.998206 0.251406 0.0364056 1.81376 
1.01493 0.192224 0.0213539 1.84821 
0.977511 0.278497 0.00586573 1.77374 
0.999205 0.247136 0.032754 1.81515 
1.02082 0.182448 0.00158265 1.85944 
0.988886 0.188448 0.134078 1.80602 
0.984268 0.195415 0.142133 1.79843 
0.9875 0.167778 0.142195 1.80266 
0.987322 0.184411 0.139641 1.80352 
0.993621 0.258315 0.0427778 1.80516 
0.991547 0.264149 0.0934772 1.80968 
1.00364 0.244236 0.00949624 1.82861 
0.954683 0.128047 -0.0773582 1.70239 
1.0016 0.242166 0.0438985 1.8203 
0.952402 0.217974 -0.109388 1.71337 
0.948324 0.228219 -0.106731 1.70555 
0.993052 0.260795 0.0664541 1.80741 
0.99764 0.25256 0.0333552 1.81274 
1.01279 0.217864 0.0294304 1.84356 
0.963052 0.290032 -0.0172565 1.75143 
0.955756 0.298967 -0.0265994 1.73896 
0.958906 0.299289 -0.00676864 1.74618 
0.960788 0.296516 -0.0169255 1.74937 
1.0029 0.242177 0.03103 1.8229 
0.950532 0.300369 -0.0417722 1.72901 
0.946714 0.296936 -0.0542213 1.72002 
0.944961 0.301673 -0.0441957 1.71783 
0.946668 0.299873 -0.0472365 1.72053 
0.96751 0.285055 -0.00742414 1.75988 
0.964106 0.294968 0.00302594 1.75671 
0.970155 0.281178 0.00947638 1.7653 
0.966483 0.287339 0.00178421 1.75873 
0.981822 0.284448 0.108448 1.79672 
0.979513 0.284279 0.113664 1.79168 
0.980052 0.282749 0.117642 1.79297 
0.968335 0.265579 0.0906105 1.76496 
1.02411 0.267193 0.00997035 1.89795 
0.976227 0.269271 0.0720201 1.78331 
1.00797 0.269676 0.0335096 1.85894 
1.04122 0.24142 0.00451013 1.93423 
1.05713 0.203864 0.00729133 1.96536 
1.0501 0.178594 0.019456 1.93952 
1.0347 0.193906 0.00988311 1.90389 
1.09276 0.139103 0.0408183 2.04479 
1.05967 0.152933 0.0355857 1.95886 
1.08777 0.148395 0.0760163 2.03669 
1.08075 0.156721 0.11289 2.02348 
1.07515 0.165091 0.143467 2.01323 
1.07163 0.175345 0.164924 2.00744 
1.00953 0.218989 0.143059 1.85388 
1.03025 0.195373 0.136702 1.90005 
1.00566 0.230779 0.142757 1.8467 
1.00253 0.253513 0.136166 1.8432 
1.002 0.243473 0.136501 1.83928 
0.995301 0.266239 0.134391 1.82843 
0.9894 0.279926 0.130604 1.81705 
0.979548 0.170817 -0.0209365 1.76719 
1.01277 0.228612 -0.0505305 1.85781 
0.99904 0.24973 0.0343249 1.81526 
0.998427 0.250104 0.0334499 1.81387 
0.988252 0.262955 0.0205326 1.7935 
0.995361 0.237154 0.0219465 1.80596 
0.993256 0.232506 0.0138059 1.80058 
0.994587 0.242339 0.0206514 1.80414 
0.992296 0.233955 0.00844423 1.79829 
1.01025 0.226236 0.0473813 1.8392 
1.00733 0.224268 0.0403669 1.83114 
1.00763 0.230915 0.0503816 1.83365 
1.00851 0.225784 0.0356669 1.83394 
1.0012 0.24403 0.0627215 1.82213 
0.998443 0.24142 0.0247593 1.81438 
1.00767 0.203861 0.0539201 1.83517 
0.99736 0.228705 -0.00578061 1.81508 
1.00095 0.237738 0.0041093 1.82309 
0.963054 0.241818 -0.0727195 1.73876 
1.00124 0.219931 0.0668341 1.82814 
0.986821 0.267099 0.102721 1.80175 
0.987377 0.270338 0.103426 1.80472 
0.98945 0.232426 -0.00148989 1.79157 
0.971069 0.164741 -0.0338745 1.74387 
0.998974 0.249191 0.0339278 1.81493 
1.01081 0.230547 -0.0435913 1.85144 
0.999146 0.236932 0.0124148 1.81753 
