1.00011 0.24733 0.034729 1.81717 
0.996788 0.254252 0.0629803 1.81226 
0.998273 0.253301 0.0624122 1.81564 
0.996597 0.258683 0.0507666 1.81225 
0.997522 0.251843 0.0567237 1.81304 
0.998882 0.25136 0.0548165 1.81616 
1.00382 0.229897 0.0499283 1.82292 
0.999377 0.249837 0.0483797 1.81663 
1.00523 0.225319 0.0361854 1.82483 
1.0031 0.234415 0.0447304 1.82191 
1.00461 0.23573 0.0292149 1.8254 
1.0035 0.238734 0.0403469 1.82371 
1.00219 0.241071 0.038132 1.82091 
1.00621 0.224958 0.0285955 1.82694 
1.00987 0.213784 0.0354332 1.83392 
1.00486 0.229436 0.0441415 1.82512 
1.00673 0.221788 0.0425157 1.82804 
1.00772 0.221434 0.0373508 1.83022 
1.00752 0.217664 0.0314005 1.82872 
1.00955 0.210461 0.0282215 1.83223 
1.00662 0.216189 0.0428033 1.8266 
1.00877 0.20476 0.0438724 1.82966 
1.00664 0.220213 0.0491351 1.82778 
1.00531 0.227411 0.0391383 1.82559 
1.00478 0.226064 0.044843 1.82422 
1.00533 0.223827 0.0583929 1.82582 
1.00171 0.239432 0.050262 1.81992 
1.00471 0.225582 0.0548269 1.82446 
1.00199 0.236214 0.0591869 1.82042 
1.00208 0.241563 0.0387696 1.82079 
1.00385 0.231279 0.0420162 1.82295 
1.00196 0.235418 0.0428558 1.81925 
1.01582 0.145458 0.107955 1.84311 
1.00331 0.179338 0.166878 1.82681 
1.00926 0.17861 0.13645 1.83541 
0.999047 0.240475 0.0688835 1.81484 
1.00276 0.240265 0.0258883 1.8218 
1.0068 0.229974 -0.00457273 1.82967 
1.00363 0.238681 0.00782594 1.82371 
1.00271 0.244394 0.00551896 1.82296 
1.00306 0.243321 0.015068 1.8234 
1.00129 0.24656 0.0153572 1.82016 
1.00018 0.241307 0.00755739 1.81785 
1.00214 0.2424 -0.00642803 1.82192 
1.00181 0.243054 0.0322316 1.82025 
1.00157 0.244683 0.0299231 1.82002 
1.00379 0.237984 0.0294321 1.8239 
1.00475 0.23831 0.0234121 1.82623 
1.00475 0.235205 0.0341112 1.82577 
1.01543 0.179136 0.00627706 1.84199 
1.01496 0.181757 0.00708359 1.8412 
1.01583 0.179087 0.00290381 1.84251 
1.01533 0.182753 0.0044681 1.84194 
1.01515 0.186454 0.00448884 1.8419 
1.01681 0.170569 0.00697348 1.84405 
1.01593 0.172477 0.0114779 1.84275 
1.0162 0.170108 0.012447 1.84301 
1.01633 0.170166 0.0149265 1.84337 
1.01598 0.171154 0.0128435 1.84273 
1.01585 0.171119 0.0123684 1.84239 
1.01622 0.173209 0.00849901 1.84318 
1.01558 0.176241 0.00818778 1.84222 
1.0154 0.177259 0.00976715 1.84198 
1.01527 0.180309 0.00866656 1.84184 
1.01494 0.177864 0.0100858 1.84116 
1.01491 0.183095 0.00886507 1.84136 
1.01603 0.176525 0.00663555 1.84311 
1.01508 0.184068 0.00729648 1.84159 
1.01458 0.184014 0.00825567 1.84057 
1.01564 0.184942 0.00100653 1.8428 
1.01477 0.186818 0.00544408 1.84117 
1.01447 0.192023 0.00308071 1.84087 
1.01465 0.192128 0.00120904 1.84138 
1.01408 0.194449 0.00209119 1.84029 
1.01415 0.196331 -0.00246998 1.84083 
1.01284 0.202082 3.34242e-05 1.83858 
1.01482 0.190843 -0.0179871 1.84187 
1.01265 0.203888 -0.00692239 1.83855 
1.01393 0.196358 -0.0352951 1.84163 
1.01573 0.179062 -0.0507799 1.84455 
1.01668 0.176684 -0.0431388 1.84575 
1.01852 0.158468 -0.0385643 1.84754 
1.01746 0.178641 -0.0288523 1.84706 
1.01474 0.186664 -0.0404328 1.84206 
1.01567 0.185806 -0.0229943 1.84341 
1.0165 0.178142 -0.0372941 1.84489 
1.01715 0.176005 -0.0241142 1.84557 
1.01823 0.163898 -0.030256 1.8468 
1.01824 0.16834 -0.0404803 1.84807 
1.02101 0.144384 -0.0359875 1.85201 
1.01777 0.177441 -0.0191112 1.84727 
1.0182 0.167954 -0.00749687 1.84673 
1.0187 0.15849 -0.00796576 1.84676 
1.01673 0.17274 0.00297354 1.84387 
1.01354 0.198961 -0.00726884 1.83986 
1.01657 0.179743 -0.00828952 1.84431 
1.0146 0.189065 -0.00426959 1.8407 
1.01023 0.210243 -0.0268787 1.83449 
1.0155 0.186424 -0.0336379 1.84363 
1.01209 0.204702 -0.021204 1.83776 
1.0136 0.197477 -0.0251995 1.84023 
1.01418 0.194434 -0.0253121 1.8413 
1.01559 0.18296 -0.0160383 1.8425 
1.01484 0.184409 -0.0296602 1.84129 
1.01568 0.183519 -0.00463168 1.84266 
1.01566 0.184938 -0.0107719 1.84278 
1.015 0.190449 -0.00869836 1.84205 
1.0166 0.178169 -0.0171914 1.84428 
1.01699 0.172606 -0.0102456 1.84435 
1.01205 0.205156 -0.0131595 1.83744 
1.0182 0.162458 -0.0202395 1.84609 
1.01586 0.171814 0.0117021 1.84254 
1.01653 0.170164 0.0100644 1.84365 
1.01666 0.168478 0.0210306 1.84399 
1.0169 0.179365 0.0208998 1.84479 
1.0177 0.16722 0.0281832 1.84496 
1.01637 0.17656 0.0252465 1.84301 
1.01458 0.19174 0.0291345 1.84124 
1.0131 0.197281 0.0257758 1.83849 
1.01391 0.195447 0.0189076 1.84006 
1.01069 0.211241 0.0249934 1.83516 
1.01367 0.196579 0.00955036 1.83965 
1.01529 0.183064 0.00981875 1.84192 
1.01551 0.177028 0.00821879 1.842 
1.01538 0.181608 0.0109462 1.84173 
1.01597 0.179489 0.012702 1.84269 
1.01632 0.182826 0.0170032 1.84394 
1.01573 0.183246 0.0162245 1.8425 
1.0163 0.180011 0.0206485 1.8434 
1.01733 0.171777 0.0193361 1.84466 
1.01735 0.175517 0.0151082 1.8454 
1.01823 0.166325 0.0128827 1.84635 
1.01583 0.185275 0.0273309 1.84319 
1.01471 0.192906 0.0225977 1.84165 
1.01576 0.184779 0.0146052 1.84289 
1.01346 0.18722 0.0109921 1.83893 
1.01361 0.189161 0.0106015 1.83918 
1.01377 0.191375 0.0102771 1.83953 
1.01378 0.188606 0.0107564 1.83951 
1.01357 0.186651 0.0110602 1.83907 
1.01339 0.193169 0.0526764 1.83943 
1.01179 0.201258 0.0524216 1.83694 
1.01278 0.198202 0.0466236 1.83852 
1.01155 0.203383 0.0317524 1.83592 
1.01092 0.198852 0.0411383 1.83377 
1.01055 0.201675 0.035168 1.83317 
1.01548 0.186455 0.0359145 1.84275 
1.01534 0.18516 0.0138041 1.84191 
1.01536 0.188926 0.0177687 1.84254 
1.01497 0.189457 0.0175983 1.84166 
1.01531 0.186186 0.0127835 1.84211 
1.01442 0.19146 0.0145524 1.84065 
1.015 0.186626 0.0112394 1.84143 
1.01457 0.189187 0.0122219 1.84101 
1.01404 0.183106 0.00887692 1.83981 
1.01644 0.174682 0.00833572 1.84358 
1.01504 0.178887 0.00861509 1.84121 
1.01486 0.183449 0.00897954 1.84099 
1.01451 0.178596 0.00746075 1.84052 
1.01457 0.170939 0.00190591 1.84044 
1.01483 0.175738 0.00641425 1.84099 
1.01515 0.177681 0.00686877 1.84131 
1.01475 0.17969 0.00753583 1.84066 
1.01424 0.177129 0.00544377 1.84011 
1.01793 0.157837 0.00525876 1.84563 
1.01713 0.164263 0.0069448 1.84404 
1.01659 0.171913 0.0112897 1.84343 
1.01754 0.167408 0.012995 1.84476 
1.01665 0.176494 0.0155223 1.84381 
1.0164 0.158118 -0.00207196 1.84338 
1.01614 0.168305 0.00438295 1.84275 
1.01553 0.170768 0.00363539 1.84222 
1.01646 0.167835 0.00369451 1.84345 
1.0137 0.179573 0.00648672 1.83913 
1.00899 0.213088 0.038833 1.83169 
1.01169 0.201935 0.0168682 1.83571 
1.01375 0.193043 0.038639 1.83966 
1.01296 0.194915 0.0305883 1.83777 
1.01138 0.199999 0.0229734 1.83463 
1.01242 0.199416 0.0218276 1.83712 
1.0143 0.191624 0.0240134 1.84039 
1.01187 0.198288 0.0490465 1.83638 
1.01257 0.193137 0.0547745 1.83747 
1.01385 0.186509 0.0534374 1.8394 
1.01359 0.189019 0.0580867 1.83945 
1.01107 0.202166 0.0564389 1.83554 
1.00474 0.213811 0.0718088 1.82316 
1.01074 0.195376 0.0659212 1.83399 
1.01162 0.194655 0.060331 1.8357 
1.01299 0.18918 0.0593417 1.83804 
1.013 0.183251 0.0650536 1.83742 
1.01542 0.165063 0.0635588 1.84042 
1.01291 0.171346 0.0739915 1.83611 
1.02758 0.0555616 -0.00934937 1.86874 
1.01226 0.185686 0.0722193 1.83651 
1.01427 0.177245 0.0610527 1.83949 
1.01257 0.182412 0.0721684 1.83677 
1.01656 0.180989 0.0108688 1.85016 
1.01229 0.191261 0.0640269 1.83733 
1.01377 0.180111 0.072429 1.83942 
1.01298 0.183444 0.0654585 1.83743 
1.01347 0.186551 0.0648772 1.83926 
1.01275 0.184639 0.0675013 1.83724 
1.00716 0.205371 0.0562294 1.8314 
0.99622 0.25936 0.0724622 1.81293 
0.997211 0.24302 0.0698059 1.81102 
0.994832 0.264761 0.0584373 1.81 
1.00341 0.23237 0.0698034 1.82377 
1.00009 0.238136 0.0739937 1.81726 
1.00171 0.232878 0.0657062 1.81939 
0.999176 0.239647 0.0603048 1.81435 
1.00046 0.2384 0.0595139 1.81717 
1.00245 0.230967 0.0724587 1.82128 
1.00031 0.247016 0.0337562 1.81757 
1.00012 0.247713 0.0340182 1.81731 
1.00008 0.247705 0.033876 1.81729 
1.00013 0.247683 0.0344974 1.8173 
1.00812 0.201974 -0.07167 1.83305 
1.00569 0.223061 -0.0701728 1.83101 
1.01752 0.148268 -0.0517847 1.84763 
1.00856 0.218794 -0.0416745 1.83342 
1.00676 0.22662 -0.0479262 1.83146 
1.00516 0.227646 -0.0460584 1.82767 
1.00579 0.224996 -0.058861 1.83008 
1.00876 0.216719 -0.0531777 1.83464 
1.00992 0.205887 -0.058112 1.83569 
1.01109 0.202603 -0.0510643 1.83736 
1.01047 0.208546 -0.00302792 1.83396 
1.01114 0.212125 -0.00717114 1.83646 
1.01254 0.203035 0.00682778 1.83799 
1.01324 0.200175 0.0154161 1.83922 
1.01305 0.200936 0.0126159 1.83887 
1.01293 0.200595 0.00570836 1.83848 
1.01396 0.195047 0.00946078 1.84022 
1.01371 0.196158 0.00970557 1.83972 
1.01378 0.19705 0.00858445 1.84002 
1.01394 0.194347 0.01157 1.84015 
1.01048 0.213471 -0.0148876 1.83531 
1.0101 0.212992 -0.0129456 1.83414 
1.01145 0.20596 -0.0201921 1.83627 
1.01183 0.202801 -0.0102472 1.83631 
1.00504 0.238894 0.0121702 1.82713 
1.00501 0.233544 0.000114085 1.82597 
1.004 0.241618 -0.00360662 1.82552 
1.00801 0.225223 -0.0114429 1.83163 
1.00567 0.236407 -0.00918598 1.82849 
1.00587 0.232382 -0.0116363 1.82816 
1.00656 0.22997 0.00529791 1.82881 
1.0093 0.219259 0.00253402 1.8333 
1.00907 0.217163 0.00518765 1.8322 
1.01514 0.186967 0.0207256 1.84165 
1.01434 0.194621 0.0184027 1.841 
1.01499 0.190242 0.0166051 1.84188 
1.01343 0.196238 0.0139214 1.83895 
1.01495 0.189702 0.0140339 1.84181 
1.00591 0.233929 0.0176618 1.82808 
1.003 0.243257 0.0161369 1.82311 
1.00188 0.243841 0.0104708 1.82083 
1.00464 0.235494 0.0138728 1.82525 
0.995413 0.218093 0.00568528 1.80559 
0.995435 0.242983 -0.0078552 1.8069 
0.992767 0.262162 -0.00739139 1.80386 
0.992982 0.254144 -0.0101314 1.80297 
0.994581 0.254562 -0.00320029 1.80631 
0.995533 0.253622 0.00644881 1.80796 
0.994352 0.256131 0.00991445 1.80555 
0.988595 0.273668 -0.0106574 1.79689 
0.990544 0.270832 -0.00102215 1.80033 
0.988604 0.272208 -0.000578906 1.79595 
0.992563 0.185134 -0.0229952 1.79837 
0.994846 0.204142 -0.0214944 1.80326 
0.994093 0.20094 -0.0202214 1.802 
0.99593 0.211563 0.000404871 1.80786 
0.995307 0.224698 -0.00663943 1.80443 
0.994678 0.230535 -0.0195516 1.8042 
0.993098 0.22751 -0.0289947 1.80104 
0.98169 0.178392 -0.08067 1.7784 
0.98982 0.226877 -0.0447735 1.79541 
0.990062 0.199943 -0.0512116 1.79515 
0.991734 0.225668 -0.0430578 1.7999 
0.978399 0.207927 -0.0772126 1.77381 
0.981431 0.207342 -0.0656925 1.7782 
0.986848 0.228224 -0.0581779 1.79117 
0.985391 0.23473 -0.0534057 1.78861 
0.983111 0.238864 -0.0613853 1.78575 
0.988504 0.200472 -0.0535727 1.79127 
0.971772 0.283561 -0.0497071 1.76963 
0.986932 0.274698 -0.022579 1.79446 
0.984001 0.263421 -0.0349582 1.78658 
0.985807 0.262084 -0.036434 1.79071 
0.981627 0.258189 -0.0563175 1.78485 
0.987471 0.256729 -0.0319913 1.7925 
0.985606 0.252578 -0.0422012 1.78868 
0.984101 0.258051 -0.0459022 1.78784 
0.987893 0.241517 -0.0443006 1.79279 
0.990213 0.24705 -0.0299162 1.7971 
0.98561 0.275582 -0.0215718 1.79145 
0.983699 0.275949 -0.0224183 1.78775 
0.98662 0.267278 -0.0265116 1.79237 
1.00884 0.206698 -0.0583866 1.83319 
1.01117 0.203469 -0.0500915 1.8372 
1.0103 0.211267 -0.0446803 1.83624 
1.01166 0.192405 -0.056923 1.83726 
1.01268 0.202012 -0.0451297 1.8404 
1.01351 0.196333 -0.0330036 1.84027 
1.00707 0.223524 -0.029488 1.82973 
1.00694 0.218644 -0.0376362 1.82894 
1.00726 0.220436 -0.0439255 1.83067 
1.00852 0.217117 -0.0386753 1.83253 
1.00831 0.2209 -0.0266849 1.83212 
1.00273 0.237456 -0.0163274 1.82235 
1.00368 0.22675 -0.0530791 1.82498 
1.00234 0.231775 -0.046171 1.82319 
0.999932 0.230827 -0.0325348 1.81782 
0.996021 0.191188 -0.0306788 1.80701 
0.99326 0.168254 -0.019706 1.80049 
1.00031 0.2163 -0.051197 1.81845 
0.99569 0.193421 -0.0244031 1.80669 
0.994115 0.180012 -0.0180691 1.80284 
0.989887 0.119098 -0.0230161 1.78996 
0.990411 0.134634 -0.0353215 1.79185 
0.986649 0.129477 -0.0533718 1.78374 
1.0011 0.220836 -0.0494427 1.82014 
1.0008 0.221823 -0.0473903 1.8195 
0.988926 0.103474 -0.0409696 1.7876 
1.00953 0.215301 -0.0193199 1.83344 
1.00711 0.229179 -0.0184355 1.83057 
1.00608 0.213786 -0.0645865 1.82895 
1.00921 0.212414 -0.0484423 1.83396 
1.00706 0.218066 -0.0531925 1.83072 
1.00124 0.248231 0.0185402 1.8203 
0.997564 0.240351 0.0213525 1.81208 
1.00218 0.246718 0.0139328 1.82216 
1.00033 0.244072 0.0147089 1.81818 
1.00069 0.244922 0.0104677 1.81924 
1.00051 0.24113 0.000522796 1.81856 
0.996217 0.240856 -0.000711855 1.80796 
0.995134 0.216918 -0.011613 1.80463 
0.996368 0.239333 0.00163325 1.80906 
0.997922 0.232577 0.0140056 1.81284 
0.997795 0.235284 0.0227712 1.81261 
0.997497 0.238786 0.0159058 1.81064 
0.996911 0.239143 0.00457665 1.80947 
0.993776 0.227134 -0.019536 1.80257 
0.996048 0.217958 -0.00154615 1.8072 
0.994534 0.204228 -0.00617483 1.80373 
0.996457 0.211179 -0.00110235 1.80915 
0.993626 0.25733 -0.000436348 1.80455 
0.995568 0.242317 -0.00394281 1.8074 
0.995237 0.253081 0.00449778 1.80759 
0.997805 0.229268 0.0174364 1.81215 
0.997953 0.239666 0.012846 1.81245 
0.997674 0.241822 0.0212076 1.81171 
0.997785 0.246094 0.0228338 1.81154 
0.995764 0.257561 0.0194244 1.80912 
0.997506 0.24938 0.0183358 1.81171 
0.997591 0.25298 0.0237495 1.81242 
0.993307 0.263545 0.00265177 1.80503 
1.00421 0.237616 -0.00699201 1.82518 
1.0037 0.242592 -0.00712728 1.82531 
1.00253 0.242141 0.002434 1.82209 
1.00089 0.242887 0.00281678 1.81953 
0.99543 0.216249 -0.00497883 1.80474 
0.997192 0.222496 0.00921617 1.81124 
0.996089 0.222802 0.00873939 1.80847 
1.00043 0.230602 -0.00865092 1.81784 
1.00488 0.238305 -0.0152913 1.82729 
1.0028 0.240822 -0.0124134 1.82318 
1.00165 0.239459 -0.00894833 1.82049 
0.9997 0.231088 -0.00798878 1.81655 
1.00223 0.236554 -0.0301422 1.82215 
1.00154 0.237489 -0.0208929 1.82053 
1.00444 0.234142 -0.0248499 1.826 
1.00195 0.240016 -0.0163835 1.82201 
0.99768 0.217177 -0.0103004 1.81209 
0.994172 0.189444 -0.00167928 1.80321 
0.992425 0.172752 -0.0149277 1.79903 
0.992883 0.169587 -0.013628 1.79963 
1.00544 0.231178 0.0067599 1.82632 
1.00377 0.241802 0.00994054 1.82471 
1.0048 0.237056 0.00245202 1.82617 
0.997453 0.2173 -0.0105274 1.81158 
1.0039 0.240909 0.0188038 1.82477 
1.00731 0.227106 0.00306174 1.83015 
1.00632 0.231772 -0.00278525 1.8288 
1.00918 0.221782 -0.00605701 1.8337 
1.00841 0.221525 -0.00389916 1.83162 
1.00476 0.233733 0.0284224 1.82529 
1.00383 0.238309 0.0204 1.8239 
0.999838 0.247441 0.0343396 1.81657 
0.999787 0.247886 0.0343651 1.8165 
0.999807 0.247261 0.0337998 1.81652 
1.00175 0.246928 0.0262461 1.82101 
1.00071 0.246197 0.0322609 1.8183 
1.00078 0.246966 0.0290461 1.81865 
1.00038 0.24806 0.0324075 1.81797 
0.999756 0.24689 0.0338289 1.81644 
0.999525 0.246749 0.0321789 1.81583 
0.999148 0.245542 0.0295511 1.8151 
0.999651 0.24851 0.0337006 1.8163 
0.999082 0.245057 0.0294577 1.81532 
0.999969 0.247551 0.0346026 1.81695 
1.00008 0.246238 0.0240235 1.8177 
1.00245 0.24463 0.0198867 1.82215 
1.0005 0.248165 0.026176 1.81878 
1.00051 0.24674 0.0333414 1.81797 
0.999304 0.245483 0.0322296 1.81551 
1.00026 0.248119 0.0290335 1.81811 
0.99888 0.250653 0.0413839 1.81525 
0.991638 0.277295 0.0517155 1.8053 
0.992945 0.266081 0.0623132 1.80596 
0.989115 0.284262 0.0372342 1.8006 
0.997655 0.256166 0.0372405 1.81349 
0.996209 0.255084 0.0208498 1.80942 
0.999702 0.248566 0.0352344 1.81649 
0.998065 0.252333 0.0368304 1.81348 
0.998147 0.250086 0.0254271 1.81292 
0.999848 0.247753 0.0345812 1.81663 
0.999825 0.248047 0.0346665 1.81665 
0.999839 0.247937 0.0348523 1.81666 
0.999898 0.247835 0.034757 1.81678 
1.00001 0.247559 0.035098 1.817 
0.99435 0.260083 0.0169797 1.80624 
0.996563 0.260991 0.027216 1.81182 
0.999063 0.249772 0.0336038 1.81517 
0.998828 0.247088 0.030023 1.81398 
0.999225 0.249328 0.0313186 1.81541 
0.999604 0.248517 0.0347502 1.81622 
0.998058 0.253909 0.0322943 1.81372 
0.9995 0.248025 0.0331309 1.81582 
0.993032 0.270748 0.0364101 1.80613 
0.988992 0.278809 0.0499103 1.79917 
0.991506 0.272771 0.0363598 1.803 
0.986126 0.285518 0.0343166 1.79361 
0.983943 0.296281 0.0184694 1.79141 
0.980485 0.241815 -0.0595548 1.77988 
0.986048 0.248045 -0.0508806 1.79162 
0.984056 0.250053 -0.0493241 1.78714 
0.987648 0.250981 -0.0399608 1.79319 
0.981198 0.267944 -0.0198446 1.7831 
0.982575 0.271716 -0.0275357 1.78553 
0.982909 0.27464 -0.0239589 1.78638 
0.982187 0.257669 -0.0279053 1.78336 
0.982489 0.257213 -0.0204807 1.78379 
0.982142 0.265736 -0.0257919 1.78438 
0.982492 0.27517 -0.0239725 1.78542 
0.982947 0.258605 -0.0247737 1.78541 
0.980197 0.280092 0.0197578 1.78906 
0.999841 0.247186 0.0343051 1.8166 
0.999793 0.24791 0.0342665 1.81652 
0.997291 0.252239 0.0298565 1.81138 
0.993198 0.191872 -0.00878456 1.80183 
0.996436 0.21054 0.000420027 1.80855 
0.995517 0.23009 -0.0174529 1.80627 
0.994004 0.206872 -0.0289384 1.80274 
0.992203 0.176282 -0.0109936 1.79781 
0.993974 0.20042 -0.0219122 1.80255 
0.991061 0.253279 -0.0292356 1.79959 
0.994282 0.25026 -0.0134069 1.80547 
0.988135 0.265141 -0.0297003 1.79562 
0.98891 0.249569 -0.0377002 1.7948 
0.989628 0.258771 -0.0233934 1.79708 
0.992265 0.259804 -0.0191555 1.80287 
0.994639 0.24756 -0.00477402 1.8056 
0.991031 0.264402 -0.00461752 1.80014 
0.989758 0.268425 -0.0206242 1.79917 
0.992036 0.249531 -0.0209866 1.80076 
0.990999 0.23876 -0.0343354 1.79789 
0.989655 0.241247 -0.0394837 1.79689 
0.992346 0.220995 -0.035237 1.79934 
0.993259 0.245293 -0.024435 1.80299 
0.992805 0.213536 -0.025792 1.79973 
0.994106 0.242246 -0.0136159 1.80418 
0.982059 0.265778 -0.0369816 1.78434 
0.9885 0.227087 -0.0479091 1.79452 
0.992501 0.234199 -0.0248336 1.80012 
1.00319 0.243695 0.0240744 1.82367 
1.00124 0.246943 0.0281185 1.81972 
1.00227 0.246044 0.0217258 1.82197 
0.989329 0.130496 -0.041149 1.78859 
0.989931 0.173431 -0.0474118 1.79286 
0.991966 0.197274 -0.0437782 1.79828 
0.9825 0.174921 -0.0668203 1.77825 
0.986274 0.190414 -0.0638861 1.78668 
0.984913 0.198984 -0.0574565 1.7841 
0.987964 0.130985 -0.0508324 1.78612 
0.98816 0.109087 -0.0431602 1.78556 
0.988364 0.107757 -0.0431146 1.78643 
0.988818 0.130846 -0.0491351 1.78836 
0.987022 0.102087 -0.0509441 1.78273 
0.985235 0.127725 -0.0580929 1.78011 
0.98539 0.103272 -0.069467 1.78032 
0.982828 0.14418 -0.0666092 1.77721 
0.984451 0.0970516 -0.0642413 1.778 
0.987124 0.0803952 -0.0602216 1.78287 
0.986427 0.10472 -0.0647797 1.78283 
0.985208 0.0822777 -0.0700257 1.7791 
0.992881 0.216787 -0.0376909 1.8009 
0.992321 0.238001 -0.0332712 1.80098 
0.990938 0.199217 -0.0437225 1.79573 
0.988828 0.174405 -0.0555442 1.79119 
0.990965 0.149887 -0.0298261 1.79353 
0.991304 0.166087 -0.0404605 1.79546 
0.990608 0.170308 -0.0488029 1.79449 
0.989986 0.136009 -0.0295702 1.79042 
0.990034 0.132068 -0.0303644 1.79071 
0.988807 0.105987 -0.0369671 1.78725 
0.996075 0.210259 0.00312425 1.8082 
0.983574 0.202169 -0.0700823 1.78295 
0.979778 0.207814 -0.0713047 1.77679 
0.986462 0.160279 -0.0606467 1.78562 
0.991115 0.166921 -0.0269471 1.7947 
0.991824 0.1976 -0.0308395 1.79756 
0.991044 0.170196 -0.0392181 1.7946 
0.988417 0.111779 -0.040839 1.78656 
0.984881 0.129093 -0.0664696 1.7809 
0.999984 0.215895 -0.0531049 1.81764 
0.997417 0.203783 -0.0547481 1.81231 
1.00492 0.215813 -0.0730952 1.82821 
0.992059 0.171621 -0.025747 1.79702 
0.99206 0.185418 -0.0344654 1.79766 
0.991254 0.155444 -0.0168233 1.79469 
0.99012 0.135755 -0.0202958 1.79102 
0.98967 0.126247 -0.0253085 1.78978 
0.989864 0.123022 -0.0315353 1.79035 
0.992604 0.162946 -0.0340861 1.79906 
0.994313 0.178977 -0.0216712 1.80275 
1.00421 0.23691 -0.0344323 1.82687 
1.00458 0.236604 -0.0180508 1.82643 
0.99838 0.224874 -0.0204605 1.81422 
1.00256 0.238827 -0.0265584 1.82309 
0.998929 0.225705 -0.0191385 1.81517 
0.993199 0.171646 -0.011976 1.79991 
1.00049 0.232065 -0.0297101 1.81917 
0.988036 0.269888 -0.0188377 1.79529 
0.982512 0.290156 -0.0178028 1.78763 
0.983798 0.295879 -0.003227 1.79131 
0.976724 0.313299 0.00182628 1.77994 
0.979165 0.299537 -0.00288362 1.78149 
0.977919 0.302433 0.00600198 1.77909 
0.979957 0.18168 -0.0781588 1.77439 
0.975304 0.178 -0.0854656 1.76481 
0.97072 0.152391 -0.0929265 1.75284 
0.977841 0.155548 -0.0863965 1.76828 
0.980817 0.15549 -0.0766167 1.77436 
0.98145 0.142694 -0.0834472 1.77492 
0.979114 0.114233 -0.082914 1.76758 
0.981803 0.11473 -0.0688033 1.77328 
0.983891 0.166392 -0.0737195 1.78116 
0.987453 0.159027 -0.0472367 1.7872 
0.987322 0.190354 -0.0499121 1.78863 
0.984641 0.164915 -0.0583882 1.78158 
0.989508 0.100562 -0.035893 1.78867 
0.984744 0.270374 -0.0292719 1.7896 
0.96462 0.180872 -0.101356 1.74426 
0.972947 0.200656 -0.0860541 1.76169 
0.963741 0.19988 -0.0901704 1.74438 
0.983576 0.127149 -0.0744702 1.7779 
0.981678 0.0977591 -0.0747565 1.77181 
0.9702 0.199635 -0.0882628 1.75665 
0.969952 0.175139 -0.091279 1.75418 
0.975326 0.201609 -0.0785274 1.76719 
0.975653 0.130104 -0.088534 1.76159 
0.979519 0.128681 -0.0788327 1.76987 
0.977357 0.178512 -0.0804267 1.7696 
0.953796 0.291166 -0.029283 1.7339 
0.980067 0.262357 -0.0472658 1.78158 
0.975811 0.253631 -0.0589653 1.7719 
0.969338 0.268588 -0.062995 1.76283 
0.974896 0.23196 -0.0807788 1.77053 
0.978745 0.248537 -0.067666 1.77862 
0.979828 0.267993 -0.0253443 1.7799 
0.981736 0.259173 -0.0141779 1.78285 
0.977852 0.275034 -0.0232065 1.77807 
0.973182 0.2929 -0.0060762 1.77515 
0.962002 0.288672 -0.0338506 1.75057 
0.961956 0.278254 -0.0560786 1.74887 
0.981901 0.259519 -0.0444028 1.78277 
0.977864 0.273257 -0.0385404 1.77797 
0.975803 0.272344 -0.0327405 1.77264 
0.977042 0.270875 -0.0429065 1.77666 
0.978253 0.268438 -0.0523385 1.77948 
0.97602 0.149463 -0.0849137 1.76467 
0.971977 0.17498 -0.0877852 1.75886 
0.955833 0.207875 -0.0969859 1.72722 
0.959435 0.233686 -0.078582 1.7395 
0.949267 0.241147 -0.0758526 1.7162 
0.980663 0.266588 -0.036149 1.78116 
0.981231 0.270281 -0.0282732 1.78308 
0.97268 0.289164 -0.0317749 1.77251 
0.968188 0.274434 -0.0548155 1.76105 
0.953876 0.262358 -0.0602711 1.73119 
0.967549 0.232302 -0.0780828 1.7545 
0.976921 0.223499 -0.0666207 1.77166 
0.971559 0.235759 -0.0773797 1.76294 
0.97336 0.265969 -0.06732 1.77224 
0.963763 0.23548 -0.0765211 1.74583 
0.966459 0.202862 -0.0874846 1.74801 
0.981734 0.248827 0.0015031 1.78202 
0.972248 0.284443 0.00564966 1.77126 
0.977218 0.268301 -0.0152427 1.77537 
0.998812 0.234054 0.0895706 1.81452 
0.994979 0.24288 0.109883 1.80944 
0.988923 0.253519 0.122331 1.79889 
0.98468 0.269506 0.119384 1.79245 
0.996889 0.248661 0.0799041 1.81248 
0.994223 0.250423 0.0983304 1.80819 
0.994478 0.253182 0.0764962 1.80744 
0.984981 0.21735 -0.0407705 1.78433 
0.981966 0.2429 -0.0338727 1.78161 
0.982036 0.233596 -0.0431872 1.78073 
0.984179 0.228605 -0.0352631 1.78456 
0.985377 0.243079 -0.0209071 1.78926 
0.982584 0.258493 -0.0179796 1.78481 
0.980778 0.266446 -0.00854184 1.7835 
0.982228 0.265355 -0.0241107 1.78399 
0.983677 0.249056 -0.0263846 1.78597 
0.981954 0.265898 -0.0218925 1.7837 
0.982011 0.257521 -0.0300044 1.78364 
0.983754 0.242535 -0.0309171 1.78584 
0.984426 0.24005 -0.0276363 1.78621 
0.982357 0.248816 -0.0338779 1.78285 
0.950991 0.315533 -0.00356701 1.73069 
0.981523 0.246085 -0.039204 1.7815 
0.981274 0.275993 -0.0256321 1.78311 
0.979044 0.275117 -0.0298635 1.77898 
0.979915 0.2665 -0.0318642 1.78004 
0.979077 0.288738 -0.0207213 1.78015 
0.978105 0.283204 -0.0280009 1.77795 
0.98042 0.28734 -0.0225776 1.78306 
0.980926 0.279622 -0.0233878 1.78296 
0.983421 0.287139 -0.0142497 1.7888 
0.981949 0.281585 -0.0224016 1.785 
0.982745 0.281015 -0.0224389 1.78679 
0.983032 0.278833 -0.0196933 1.78662 
0.979765 0.280663 -0.0257752 1.78048 
0.98139 0.285056 -0.0195761 1.78437 
0.977317 0.292601 -0.0232623 1.77753 
0.980256 0.29564 -0.0172321 1.78404 
0.97896 0.297815 -0.0125173 1.78145 
0.976854 0.283888 -0.0297803 1.77601 
0.981257 0.239135 -0.0390436 1.77993 
0.981055 0.257557 -0.0328234 1.78139 
0.980879 0.266199 -0.0297154 1.78226 
0.981382 0.265811 -0.0277304 1.78258 
0.98014 0.274341 -0.029715 1.78144 
0.979296 0.259011 -0.0356892 1.77817 
0.978361 0.249976 -0.0443458 1.77595 
0.979376 0.252455 -0.040683 1.77813 
0.980274 0.258415 -0.0350554 1.7804 
0.97761 0.257072 -0.040898 1.77521 
0.97873 0.260363 -0.0376444 1.77762 
0.977679 0.261317 -0.0371877 1.77526 
0.976938 0.260833 -0.0380282 1.77429 
0.977184 0.255945 -0.0410536 1.77443 
0.97938 0.267887 -0.0338623 1.77977 
0.980669 0.271346 -0.0255379 1.7816 
0.977165 0.276536 -0.0317561 1.77602 
0.976019 0.276262 -0.0330317 1.77424 
0.976406 0.269423 -0.0369766 1.77424 
0.978275 0.27472 -0.0308424 1.77821 
0.97697 0.26817 -0.0352773 1.77478 
0.97773 0.267712 -0.0345422 1.77649 
0.980408 0.248988 -0.036413 1.77926 
0.979155 0.246353 -0.0411064 1.77667 
0.979967 0.243121 -0.0439899 1.778 
0.976469 0.261812 -0.039831 1.77347 
0.97694 0.252041 -0.042317 1.77289 
0.978577 0.25487 -0.0382187 1.77664 
0.974899 0.263433 -0.0399102 1.77088 
0.973776 0.264452 -0.0407163 1.76859 
0.974829 0.261174 -0.0413847 1.77017 
0.972939 0.269656 -0.0380916 1.76785 
0.97451 0.26641 -0.0380828 1.77004 
0.974686 0.270512 -0.0364496 1.77116 
0.973827 0.266935 -0.0390451 1.76932 
0.972605 0.272827 -0.0367954 1.76726 
0.972826 0.267756 -0.0394226 1.76711 
0.97393 0.271108 -0.0362516 1.76946 
0.972375 0.2823 -0.0322573 1.76796 
0.972318 0.278231 -0.0343718 1.76731 
0.97472 0.281857 -0.0323419 1.77209 
0.975435 0.281074 -0.0304417 1.77351 
0.975679 0.270458 -0.0355612 1.77267 
0.977458 0.28327 -0.028868 1.77728 
0.973048 0.294951 -0.0264202 1.76976 
0.971753 0.288965 -0.0300751 1.76727 
0.974141 0.289759 -0.0280807 1.77121 
0.976144 0.286527 -0.0265931 1.77467 
0.978504 0.291855 -0.0239384 1.78022 
0.971676 0.282911 -0.0333815 1.76648 
0.973645 0.277084 -0.0340774 1.76952 
0.974097 0.29398 -0.0252652 1.77195 
0.973139 0.283538 -0.0318327 1.76928 
0.975311 0.288692 -0.029395 1.77379 
0.979227 0.282357 -0.0273279 1.78043 
0.975422 0.301751 -0.0196885 1.77505 
0.971073 0.296881 -0.0251913 1.76659 
0.969182 0.297712 -0.0256034 1.7634 
0.967651 0.291594 -0.0281936 1.76024 
0.972719 0.287212 -0.0287688 1.76897 
0.974397 0.305106 -0.0150874 1.77343 
0.971898 0.270474 -0.0387188 1.76574 
0.974184 0.276607 -0.0343466 1.77072 
0.975401 0.2767 -0.0331029 1.77285 
0.974366 0.283076 -0.0309327 1.77152 
0.97135 0.273075 -0.0374337 1.76507 
0.973011 0.277625 -0.034943 1.76885 
0.971434 0.278309 -0.035204 1.76611 
0.971977 0.272604 -0.0372519 1.76646 
0.969692 0.274597 -0.0361011 1.7618 
0.970588 0.273404 -0.0377295 1.76371 
0.970321 0.28242 -0.033544 1.76418 
0.970918 0.28199 -0.0333833 1.7655 
0.977789 0.275524 -0.0330355 1.77731 
0.973263 0.272106 -0.0376774 1.76871 
0.978587 0.268456 -0.0339693 1.77798 
0.975901 0.263811 -0.0377407 1.77243 
0.975886 0.260116 -0.0401495 1.77236 
0.975304 0.265198 -0.0395503 1.77174 
0.975826 0.257065 -0.0419002 1.77149 
0.968205 0.284916 -0.0321236 1.76049 
0.968781 0.277867 -0.0343742 1.76044 
0.970457 0.286839 -0.0303624 1.76502 
0.970816 0.278747 -0.0352354 1.76473 
0.969059 0.279995 -0.0331798 1.76169 
0.969966 0.277059 -0.0350047 1.76312 
0.969786 0.287327 -0.0314471 1.76356 
0.964364 0.313693 -0.015538 1.75679 
0.964921 0.308821 -0.0183426 1.75714 
0.965773 0.312907 -0.014234 1.7584 
0.964722 0.305243 -0.0209316 1.75603 
0.969428 0.313406 -0.0138498 1.76532 
0.970121 0.291655 -0.028323 1.76492 
0.966713 0.284301 -0.030477 1.75758 
0.964234 0.285355 -0.0286808 1.75247 
0.965108 0.284119 -0.0303795 1.75429 
0.966214 0.299131 -0.0248443 1.75829 
0.966061 0.291416 -0.0275062 1.75705 
0.975528 0.313382 0.0042846 1.77707 
0.97597 0.309294 -0.00376227 1.77693 
0.972716 0.321079 5.5273e-05 1.7734 
0.974458 0.312252 -0.0061429 1.77517 
0.973205 0.315604 -0.00860696 1.77332 
0.970209 0.308648 -0.0179446 1.76617 
0.972183 0.305562 -0.0176427 1.76945 
0.976186 0.293301 -0.0246927 1.77589 
0.978065 0.301827 -0.0167778 1.78063 
0.97501 0.294063 -0.0243048 1.77324 
0.974343 0.298322 -0.0206382 1.77263 
0.97312 0.307771 -0.0167279 1.77143 
0.972672 0.300871 -0.0213314 1.76981 
0.972092 0.293934 -0.0269428 1.76855 
0.973651 0.300262 -0.022438 1.77202 
0.971552 0.302292 -0.0231781 1.76836 
0.971339 0.307899 -0.019335 1.76871 
0.968488 0.305947 -0.0188274 1.763 
0.96799 0.296303 -0.0257423 1.76172 
0.968453 0.302429 -0.0228882 1.76228 
0.96674 0.298226 -0.0235961 1.75921 
0.972372 0.288369 -0.0307286 1.76862 
0.979774 0.301574 -0.000278344 1.78334 
0.977253 0.305078 -0.0106176 1.77945 
0.975537 0.309281 -0.0131662 1.77696 
0.976764 0.29939 -0.0179613 1.77749 
0.980469 0.29581 -0.00908568 1.78365 
0.982895 0.289943 -0.00767341 1.78762 
0.981721 0.292161 -0.0139307 1.7862 
0.984359 0.287712 -0.0123375 1.79062 
0.984157 0.283995 -0.0184408 1.78983 
0.984189 0.275712 -0.0228601 1.78889 
0.982937 0.274254 -0.0226665 1.78629 
0.983909 0.27078 -0.0266097 1.78759 
0.985262 0.282267 -0.0162918 1.79199 
0.98776 0.27812 -0.0139547 1.79637 
0.987608 0.278677 0.00886972 1.79506 
0.982 0.295223 -0.0114694 1.78723 
0.986374 0.27914 -0.0139127 1.79326 
0.9827 0.271557 -0.0237948 1.78569 
0.988063 0.281644 -0.00525466 1.79754 
0.985276 0.28419 -0.00818043 1.79179 
0.990334 0.272417 -0.0112731 1.80082 
0.967586 0.30685 -0.0195867 1.76112 
0.966508 0.310597 -0.0175034 1.75969 
0.965503 0.30405 -0.0229923 1.75765 
0.964244 0.296357 -0.0258972 1.7544 
0.963186 0.298561 -0.023865 1.75265 
0.962215 0.290646 -0.0256837 1.7493 
0.965089 0.292247 -0.0280492 1.7555 
0.964162 0.298164 -0.0237853 1.75454 
0.963336 0.287987 -0.0273497 1.75116 
0.965988 0.302273 -0.0208147 1.75807 
0.96307 0.301297 -0.0210853 1.75297 
0.962347 0.30196 -0.0216618 1.75146 
0.961067 0.293221 -0.0234165 1.74738 
0.963259 0.289918 -0.025637 1.7515 
0.959836 0.29622 -0.0211073 1.7453 
0.959943 0.298276 -0.0188884 1.74614 
0.963244 0.314415 -0.015059 1.75431 
0.963867 0.319175 -0.0107265 1.75659 
0.960275 0.311736 -0.0134532 1.74872 
0.959722 0.31896 -0.00986697 1.74827 
0.957381 0.301561 -0.0169412 1.74127 
0.956666 0.315888 -0.0108044 1.74218 
0.955698 0.304898 -0.0145441 1.73845 
0.958876 0.300826 -0.0172359 1.74439 
0.958788 0.299194 -0.019049 1.74371 
0.961413 0.309064 -0.0151021 1.75074 
0.957262 0.303762 -0.0145268 1.74162 
0.960739 0.310004 -0.0162176 1.74943 
0.958375 0.311786 -0.0138604 1.74509 
0.940125 0.333926 0.0389761 1.71327 
0.964884 0.334031 0.0200429 1.75949 
0.943801 0.331528 0.0298736 1.72051 
0.948753 0.334642 0.0176929 1.73035 
0.945991 0.340126 0.0319892 1.72607 
0.948317 0.339923 0.0303455 1.73096 
0.949139 0.336743 0.0230083 1.732 
0.955432 0.346056 0.0281805 1.74417 
0.949466 0.346744 0.0404762 1.73307 
0.95843 0.348544 0.0457733 1.75059 
0.945335 0.347052 0.0495546 1.72748 
0.95004 0.351922 0.0560322 1.73644 
0.950148 0.349725 0.0469903 1.73578 
0.95321 0.351117 0.055658 1.74146 
0.955674 0.350284 0.0451244 1.74652 
0.957793 0.348662 0.0693077 1.7503 
0.945302 0.349481 0.061953 1.72852 
0.96058 0.348761 0.065126 1.75646 
0.952156 0.353143 0.0681559 1.74115 
0.958927 0.347609 0.0587705 1.75196 
0.936911 0.337938 0.088851 1.71123 
0.944457 0.34536 0.0820312 1.72593 
0.945536 0.345291 0.0911724 1.72912 
0.94532 0.328735 0.0231131 1.72293 
0.975304 0.318315 0.0130806 1.77783 
0.969318 0.325585 0.000472169 1.76742 
0.965367 0.327451 0.00224777 1.75964 
0.964963 0.322954 -0.00319066 1.75775 
0.968696 0.315707 -0.0101257 1.76416 
0.967316 0.309343 -0.0159429 1.761 
0.963924 0.309515 -0.018791 1.75506 
0.961084 0.295302 -0.0211744 1.748 
0.962441 0.305151 -0.0185784 1.75231 
0.961063 0.318156 -0.0105877 1.75125 
0.961576 0.305874 -0.018898 1.75047 
0.962202 0.292684 -0.0237781 1.74983 
0.96116 0.342098 0.09174 1.75746 
0.954782 0.336354 0.10873 1.74509 
0.953797 0.345709 0.0916274 1.74348 
0.951618 0.347202 0.037441 1.73803 
0.943122 0.329289 0.0246988 1.71798 
0.948553 0.350562 0.0618742 1.73272 
0.94828 0.34916 0.0500451 1.73149 
0.954358 0.350624 0.0672989 1.74415 
0.960652 0.346997 0.0791646 1.757 
0.954341 0.350958 0.0819857 1.74588 
0.958996 0.34719 0.0347647 1.75136 
0.954488 0.339787 0.0183196 1.74182 
0.9587 0.340002 0.013621 1.74919 
0.97202 0.31708 -0.00437474 1.77088 
0.974352 0.316227 0.0101086 1.77499 
0.967413 0.325874 0.0041307 1.76292 
0.972242 0.326041 0.00746838 1.77357 
0.969947 0.326286 0.0131294 1.76814 
0.972939 0.319183 0.0193888 1.77246 
0.967821 0.3311 0.0115642 1.7654 
0.961931 0.326412 -0.00511178 1.75317 
0.958748 0.328066 0.000437602 1.74806 
0.958053 0.328592 0.000470491 1.74657 
0.955202 0.321251 -0.00594459 1.74015 
0.956589 0.320297 -0.00604959 1.74311 
0.979186 0.309286 0.021766 1.78412 
0.981498 0.299024 0.0330736 1.78657 
0.977261 0.310933 0.0242591 1.78006 
0.97808 0.309311 0.0419229 1.78199 
0.980495 0.308014 0.0535353 1.78784 
0.975896 0.306333 0.0826589 1.77836 
0.967208 0.329284 0.0411112 1.76292 
0.96457 0.33449 0.0627212 1.75978 
0.971251 0.325232 0.0644197 1.77229 
0.971113 0.317506 0.0740012 1.76997 
0.974548 0.316154 0.0632968 1.77689 
0.972052 0.309585 0.0952887 1.77143 
0.963197 0.340728 0.0382318 1.75791 
0.960188 0.345231 0.0272101 1.75332 
0.951023 0.344626 0.0321876 1.73564 
0.957472 0.346095 0.0259392 1.74846 
0.96788 0.330861 0.0225956 1.76486 
0.962331 0.342472 0.0270953 1.75686 
0.97451 0.321658 0.0248667 1.77715 
0.973459 0.322463 0.0417272 1.77532 
0.970691 0.329905 0.0194024 1.77117 
0.963181 0.331726 0.0106557 1.7555 
0.963626 0.339633 0.0168163 1.75889 
0.96074 0.338778 0.0137723 1.75295 
0.971025 0.321905 0.00229699 1.76958 
0.971635 0.310544 -0.0121026 1.76858 
0.969704 0.319742 -0.00700139 1.76708 
0.97048 0.312676 -0.0139225 1.76763 
0.96672 0.317097 -0.0117013 1.76105 
0.966653 0.282464 -0.0321467 1.75696 
0.967536 0.281889 -0.0322424 1.75884 
0.967526 0.280474 -0.0336871 1.75846 
0.968601 0.28429 -0.0310735 1.76124 
0.966685 0.290867 -0.0282244 1.75842 
0.967721 0.286288 -0.0307549 1.7596 
0.968251 0.291112 -0.0288864 1.76158 
0.968673 0.28026 -0.0333163 1.76083 
0.969403 0.292187 -0.028947 1.76338 
0.966125 0.284728 -0.0307506 1.75628 
0.971602 0.294628 -0.0280469 1.7676 
0.96946 0.301727 -0.0229106 1.76451 
0.969971 0.297189 -0.0261273 1.76517 
0.970623 0.30296 -0.0226217 1.7663 
0.9647 0.295654 -0.0249017 1.75527 
0.964356 0.287599 -0.0277426 1.7534 
0.967188 0.296842 -0.0255793 1.75993 
0.991351 0.271529 0.0300993 1.80213 
0.983226 0.290691 0.0494171 1.78875 
0.986483 0.282997 -0.00565413 1.79406 
0.989309 0.277417 0.00484261 1.79886 
0.985224 0.287758 0.00168486 1.79225 
0.986018 0.289769 0.00409398 1.79455 
0.988358 0.282051 0.0138972 1.79772 
0.990072 0.270481 0.0178524 1.7986 
0.986967 0.28683 0.0281994 1.79587 
0.985894 0.28235 0.0196817 1.79186 
0.982156 0.304434 0.00918983 1.78977 
0.978023 0.307797 -0.00845161 1.78149 
0.992219 0.272772 0.0222595 1.80445 
0.983652 0.290633 0.0118299 1.78905 
0.99055 0.271805 0.00942598 1.80036 
0.992343 0.269999 0.0738245 1.80646 
0.997311 0.240947 0.0904038 1.81256 
0.987538 0.276721 0.0837664 1.79747 
0.960594 0.350359 0.0512995 1.75655 
0.965945 0.338912 0.0576544 1.7643 
0.975681 0.322243 0.0535445 1.78115 
0.95096 0.350513 0.0759189 1.73786 
0.958089 0.34876 0.0784072 1.75167 
0.964595 0.325691 0.116435 1.76308 
0.958978 0.338298 0.105702 1.75352 
0.966148 0.336001 0.0896714 1.76644 
0.946532 0.34934 0.0756824 1.73175 
0.935434 0.33733 0.0723236 1.70564 
0.954968 0.352659 0.0588275 1.74584 
0.940297 0.338022 0.0531552 1.71604 
0.943606 0.34749 0.0673422 1.72409 
0.936636 0.336472 0.0593387 1.70724 
0.953851 0.349147 0.0486193 1.74204 
0.97852 0.306561 0.0169276 1.78166 
0.981878 0.297121 0.00229057 1.78698 
0.981892 0.296915 0.0209221 1.78667 
0.989772 0.273765 0.0626183 1.80037 
0.979815 0.313646 0.0337817 1.78732 
0.984299 0.297741 0.0353909 1.79302 
0.979472 0.302039 0.0631054 1.78399 
0.960553 0.349187 0.0381193 1.75561 
0.964599 0.340095 0.0282035 1.76078 
0.963644 0.338077 0.0507964 1.75834 
0.98012 0.304979 0.0116218 1.78501 
0.955521 0.333199 0.00682981 1.74236 
0.953145 0.325819 0.000358852 1.73745 
0.95779 0.330942 0.0057358 1.74619 
0.954828 0.326521 -0.000170763 1.74046 
0.955522 0.32615 -0.00058732 1.742 
0.952438 0.311314 -0.0079702 1.73274 
0.959867 0.323186 -0.00570878 1.74959 
0.955321 0.307313 -0.011288 1.73825 
0.966504 0.322369 -0.00568515 1.76129 
0.963325 0.325489 -0.00535228 1.75623 
0.965527 0.318222 -0.00921114 1.7585 
0.990659 0.262581 -0.0152021 1.7995 
0.991498 0.267201 0.0107404 1.80118 
0.99169 0.264759 0.00356771 1.80138 
0.992991 0.263338 0.0145233 1.80388 
0.996102 0.251975 0.011278 1.80901 
0.99639 0.249656 0.0147574 1.80889 
0.990444 0.271098 0.0751568 1.80221 
0.990125 0.275005 0.0829633 1.80325 
0.98976 0.279529 0.0669306 1.80236 
0.995526 0.25945 0.0357201 1.80909 
0.992718 0.265455 0.0451782 1.80423 
0.993461 0.263905 0.0265997 1.80517 
1.00048 0.241011 0.0429191 1.8169 
1.00101 0.239421 0.0474812 1.81806 
0.999988 0.249767 0.0425759 1.81783 
0.998655 0.24998 0.0490524 1.81492 
0.994977 0.264137 0.0481029 1.80956 
0.996156 0.258385 0.04228 1.81062 
0.997977 0.25141 0.0413193 1.81321 
0.997619 0.255767 0.0474272 1.81376 
0.996385 0.259738 0.039556 1.8114 
0.958046 0.314647 -0.0104239 1.74503 
0.962796 0.319816 -0.0101826 1.75421 
0.968268 0.32076 -0.00415208 1.76392 
0.963919 0.327916 0.00354341 1.75631 
0.956782 0.332753 0.00435652 1.74522 
0.960886 0.33251 0.000738486 1.75202 
0.962216 0.336941 0.00785204 1.75582 
0.962048 0.331454 0.00102921 1.75445 
0.965552 0.332012 0.0132753 1.76034 
0.953151 0.314828 -0.00580359 1.73558 
0.954023 0.308914 -0.0116297 1.73584 
0.958554 0.323996 -0.00534898 1.74671 
0.951471 0.318524 -0.000899337 1.73282 
0.949912 0.321243 0.00369295 1.73032 
0.957043 0.343748 0.020372 1.74656 
0.955916 0.336282 0.0118814 1.74405 
0.958933 0.342694 0.019635 1.75061 
0.960784 0.33736 0.00946797 1.75254 
0.962127 0.340088 0.022102 1.75553 
0.946722 0.3265 0.0157009 1.72508 
0.950542 0.332923 0.0130333 1.73339 
0.947866 0.336947 0.0243105 1.72908 
0.9506 0.334867 0.0163801 1.73411 
0.953141 0.340364 0.0186081 1.73934 
0.951298 0.329658 0.00843627 1.73424 
0.948622 0.324008 0.00831116 1.72841 
0.952144 0.328342 0.00483687 1.73591 
0.94934 0.318704 0.000751743 1.7281 
0.952773 0.327405 0.00533459 1.73701 
0.947497 0.326739 0.0124761 1.72673 
0.947875 0.321515 0.00566287 1.72576 
0.951963 0.341824 0.023578 1.7371 
0.951738 0.332696 0.011659 1.73604 
0.954453 0.336781 0.0126474 1.74098 
0.944483 0.326722 0.0173062 1.72013 
0.946813 0.324607 0.0106522 1.72434 
0.956576 0.348877 0.0344514 1.74791 
0.954584 0.348093 0.0387507 1.74302 
0.953083 0.345453 0.0276687 1.74051 
0.941324 0.331022 0.0320139 1.7149 
0.944334 0.342836 0.0422303 1.72367 
0.969844 0.30564 0.125427 1.77069 
0.95644 0.329646 0.120299 1.74798 
0.968979 0.322752 0.116658 1.77235 
0.964832 0.332882 0.0741307 1.76055 
0.970599 0.313463 0.109307 1.77105 
0.972396 0.318832 0.0865209 1.77455 
0.966776 0.326725 0.103399 1.76593 
0.968885 0.32269 0.0867069 1.7676 
0.981305 0.298429 0.0798299 1.78868 
0.939205 0.33929 0.0659602 1.71478 
0.964225 0.335339 0.107365 1.76458 
0.938529 0.32667 0.123902 1.71594 
0.941917 0.340772 0.104141 1.72294 
0.944739 0.332668 0.124205 1.72834 
0.973048 0.294153 0.111762 1.77533 
0.978203 0.219589 0.0809881 1.77211 
0.971745 0.297154 0.113528 1.77188 
0.946452 0.34377 0.0392196 1.72852 
0.938529 0.335139 0.0487655 1.71056 
0.941541 0.336623 0.0415886 1.71772 
0.94338 0.34543 0.054029 1.72263 
0.975152 0.244784 0.0602599 1.76912 
0.970693 0.297678 0.126433 1.77246 
0.950396 0.344457 0.0935023 1.73716 
0.946213 0.341618 0.110567 1.73342 
0.942459 0.34317 0.0934565 1.72406 
0.932713 0.331825 0.0961888 1.70078 
0.934712 0.336607 0.0840654 1.70508 
0.938018 0.339387 0.0783533 1.71299 
0.937285 0.332625 0.104162 1.7128 
0.972562 0.302557 0.120042 1.77482 
0.995051 0.245833 0.0878004 1.80798 
0.982182 0.186354 0.223587 1.79508 
0.99841 0.234743 0.100865 1.81486 
0.987548 0.267423 0.116938 1.79859 
0.993477 0.25768 0.0874597 1.80716 
0.99149 0.251686 0.100708 1.80204 
0.991405 0.257083 0.110415 1.80436 
0.990584 0.26106 0.0959787 1.80185 
0.989933 0.266858 0.0949993 1.80169 
1.00703 0.204405 0.108252 1.83055 
1.00347 0.220865 0.102048 1.82435 
0.996289 0.23281 0.135371 1.81383 
1.00101 0.209088 0.15606 1.82383 
1.00439 0.17674 0.142635 1.82388 
0.996151 0.175677 0.182874 1.8116 
0.993826 0.231982 0.149294 1.80972 
0.992548 0.244279 0.111003 1.80393 
1.00192 0.20605 0.13175 1.82133 
0.989177 0.252006 0.143995 1.80267 
1.00554 0.214848 0.10075 1.82803 
1.00641 0.209282 0.0950304 1.82853 
1.00915 0.188831 0.0941004 1.83122 
1.01012 0.182541 0.110569 1.83447 
1.00327 0.218932 0.115207 1.82498 
1.0022 0.228914 0.0933176 1.82206 
0.999872 0.231982 0.102482 1.81803 
1.00062 0.220731 0.116696 1.819 
0.995997 0.239523 0.0991062 1.8099 
1.00024 0.230218 0.0899315 1.81717 
1.00431 0.220331 0.062497 1.82284 
1.00866 0.21061 0.0604947 1.83145 
1.00678 0.206032 0.0685392 1.82643 
1.00799 0.20748 0.0623876 1.82928 
1.00631 0.215078 0.0623637 1.82667 
1.00697 0.217189 0.0612784 1.82864 
1.01067 0.202621 0.0626486 1.835 
1.00969 0.209759 0.0606362 1.83385 
1.00986 0.206305 0.0537214 1.8332 
1.00804 0.2015 0.0746542 1.82911 
1.00415 0.226883 0.0756423 1.82485 
1.00406 0.222294 0.0819188 1.82416 
1.0015 0.224301 0.102706 1.8203 
1.00115 0.232422 0.0846534 1.81942 
0.999884 0.23669 0.0672606 1.8159 
1.00092 0.232202 0.0795525 1.81836 
0.998759 0.236879 0.0803958 1.81421 
0.980893 0.218001 0.0453574 1.77719 
0.965014 0.302509 0.107731 1.75943 
0.969969 0.27415 0.0911934 1.7657 
0.969918 0.297923 0.108906 1.76844 
0.971847 0.295386 0.111877 1.7727 
0.974196 0.28877 0.117 1.77665 
0.972413 0.296193 0.121425 1.77422 
0.972784 0.302568 0.119155 1.77525 
0.967055 0.282064 0.0871634 1.7604 
0.974086 0.1355 0.246325 1.77937 
0.960103 0.198777 0.239336 1.75397 
1.00258 0.136238 0.130929 1.818 
0.999789 0.141554 0.165057 1.8181 
0.98722 0.181213 0.163342 1.79858 
0.9402 0.313242 0.144402 1.71848 
0.933162 0.326037 0.11501 1.70183 
0.949674 0.330927 0.130724 1.74017 
0.934954 0.27139 0.187715 1.70122 
0.972507 0.228394 0.148182 1.7705 
0.967413 0.224547 0.182656 1.76224 
0.963686 0.278118 0.159115 1.76303 
0.965703 0.29998 0.137821 1.76456 
0.967894 0.277632 0.14304 1.76613 
0.96138 0.315843 0.13323 1.75882 
0.95438 0.32161 0.123395 1.74265 
0.961784 0.326093 0.118748 1.75806 
0.968024 0.310872 0.121261 1.76748 
0.972904 0.287625 0.130183 1.77544 
0.973694 0.246088 0.128099 1.77085 
0.962669 0.25334 0.166378 1.75593 
0.961295 0.234541 0.208684 1.7567 
0.956496 0.264087 0.186354 1.74835 
0.969032 0.23993 0.177274 1.76973 
0.98016 0.216018 0.152795 1.78712 
0.954277 0.254569 0.190553 1.74155 
0.973448 0.207402 0.194106 1.77507 
0.978742 0.181919 0.196848 1.78152 
0.94184 0.243132 0.214296 1.71548 
0.93966 0.2998 0.15771 1.71496 
0.975795 0.299766 0.103085 1.77816 
0.970187 0.323358 0.102191 1.77257 
0.974891 0.307665 0.0976629 1.77791 
0.97395 0.311122 0.111169 1.7786 
0.978136 0.304586 0.0853746 1.78345 
0.979858 0.293246 0.101693 1.78569 
0.9777 0.298588 0.0903052 1.78106 
0.985589 0.274608 0.100048 1.79385 
0.982943 0.286119 0.0922563 1.78992 
0.986231 0.282836 0.0883833 1.7966 
0.972844 0.305604 0.117073 1.77592 
0.975305 0.301066 0.119071 1.77961 
0.974248 0.30248 0.121823 1.77836 
0.974644 0.298644 0.129751 1.7791 
0.980908 0.277509 0.127376 1.78677 
0.972842 0.302397 0.132801 1.77746 
0.974627 0.293346 0.149507 1.78103 
0.978228 0.281333 0.140654 1.78382 
0.982123 0.227222 0.185477 1.78865 
0.94889 0.286355 0.171844 1.72939 
0.973189 0.282639 0.156295 1.77563 
0.981268 0.256805 0.182859 1.79313 
0.967098 0.294162 0.166725 1.7684 
0.97713 0.277821 0.165528 1.78521 
0.974069 0.3024 0.1161 1.77675 
0.971347 0.3027 0.120305 1.77314 
0.970652 0.305623 0.11859 1.77163 
0.978596 0.207902 0.108037 1.77424 
0.973633 0.253583 0.150289 1.77793 
0.94616 0.284962 0.172161 1.72744 
0.956407 0.308426 0.149912 1.75297 
0.962049 0.301617 0.140279 1.7567 
0.966972 0.267992 0.14235 1.76419 
0.957774 0.281793 0.165666 1.75121 
0.975069 0.288807 0.12157 1.77986 
0.981598 0.216694 0.0965962 1.78224 
0.975987 0.252602 0.109926 1.77457 
0.977193 0.261141 0.102324 1.77907 
0.979907 0.235474 0.0702171 1.77939 
0.976944 0.250919 0.117981 1.77868 
0.988692 0.178534 0.0838853 1.79307 
0.990503 0.134872 0.21127 1.80662 
0.979973 0.135307 0.230253 1.78584 
0.988819 0.179762 0.182412 1.80275 
0.952586 0.169103 0.237516 1.73117 
0.981277 0.202788 0.156633 1.78742 
0.935009 0.314181 0.137938 1.70543 
0.948555 0.314694 0.142121 1.73515 
0.964297 0.315316 0.128663 1.76163 
0.950927 0.338671 0.107486 1.73768 
0.958659 0.344302 0.0953338 1.75393 
0.97257 0.27807 0.127966 1.77488 
0.933202 0.291701 0.161391 1.69863 
0.946647 0.298458 0.1625 1.7312 
0.955355 0.287847 0.158139 1.74613 
0.952356 0.28059 0.174686 1.74122 
0.941657 0.286593 0.176139 1.71981 
0.943621 0.267075 0.203408 1.72379 
0.994353 0.188074 0.128682 1.81183 
0.954361 0.234475 0.222024 1.74529 
1.01124 0.130174 0.0916638 1.83385 
1.01028 0.0981796 0.14042 1.8336 
1.00317 0.0859879 0.184918 1.82455 
0.973972 0.1944 0.223265 1.78133 
0.993341 0.133358 0.188884 1.80588 
1.00538 0.0874212 0.158934 1.82348 
1.01618 0.0692039 0.114127 1.84148 
0.996107 0.0745326 0.208216 1.81154 
1.01303 0.049251 0.146065 1.8381 
0.995872 0.0102229 0.215754 1.81236 
0.965614 0.142783 0.256371 1.76238 
1.00752 0.136696 0.12354 1.82944 
1.01492 0.110388 0.077672 1.83911 
1.01197 0.0941545 0.111339 1.83304 
1.01637 0.0714841 0.0954626 1.83993 
1.0172 0.0803888 0.0891529 1.84201 
1.02146 0.0556733 0.0778272 1.84945 
0.980999 0.0743901 0.251176 1.78892 
1.01439 0.0959163 0.105694 1.83861 
0.990811 0.0718537 0.236927 1.80937 
1.0154 0.0971659 0.0817478 1.83917 
1.00907 0.0272739 0.165135 1.8311 
1.01467 0.0919211 0.0901357 1.83749 
1.0126 0.11277 0.0998041 1.83572 
1.01555 0.0956431 0.0823784 1.83928 
1.01644 0.0982556 0.0700987 1.84098 
1.01644 0.0906718 0.0716093 1.84035 
1.01892 0.0444563 0.100494 1.8452 
1.01831 0.00591346 0.12139 1.84634 
1.0141 0.0551068 0.124625 1.83686 
1.01794 0.0866444 0.0698176 1.84279 
1.01667 0.0884297 0.0662347 1.84065 
1.00531 0.0138523 0.203115 1.83327 
1.02395 0.0180655 0.0546007 1.85404 
1.02147 -0.0346659 0.139902 1.86179 
1.0222 0.0218184 0.0903446 1.85194 
1.01997 0.0410919 0.104514 1.84835 
1.0185 -0.00062295 0.121292 1.84907 
1.00777 -0.0379724 0.151252 1.82902 
1.01973 0.0676734 0.0876693 1.84688 
1.01759 0.0922348 0.0679715 1.84229 
1.01802 0.0919392 0.0675623 1.84314 
1.01687 0.0880326 0.0666725 1.84088 
1.01669 0.0890723 0.0708448 1.84064 
1.0168 0.0885168 0.0663382 1.84072 
1.01826 0.0835404 0.0767541 1.84386 
1.01724 0.0810274 0.0786106 1.8414 
1.01687 0.0915281 0.0666237 1.8412 
1.01337 0.100055 0.0710809 1.83411 
1.01668 0.0986329 0.0729916 1.84111 
1.02011 0.108688 0.0594074 1.8469 
1.02207 0.114883 0.0470257 1.85109 
1.02255 0.0899113 0.0505998 1.85152 
1.01692 0.0977637 0.0654188 1.84079 
1.01934 0.0921851 0.0663896 1.84555 
1.01699 0.0876668 0.07102 1.84125 
1.02141 0.0791412 0.0664053 1.84965 
1.01645 0.086266 0.0829181 1.84065 
1.01902 0.0819993 0.0737013 1.84496 
1.01896 0.069133 0.082945 1.84475 
1.01875 0.107069 0.0608466 1.84477 
1.01731 0.119314 0.0651883 1.84247 
1.01677 0.12021 0.0762011 1.84249 
1.01818 0.137561 0.0622351 1.84458 
1.0204 0.129621 0.053565 1.84828 
1.0186 0.12513 0.0661771 1.84467 
1.01726 0.151722 0.0563954 1.84315 
1.02378 0.0916537 0.0339791 1.85386 
1.02115 0.132415 0.0423848 1.85011 
1.02378 0.097134 0.0381561 1.85402 
1.02554 0.0270385 0.0241749 1.8569 
1.02636 -0.0160593 0.0169091 1.86117 
1.02335 -0.0385822 0.0723464 1.85689 
1.01541 0.0886947 0.0683364 1.83797 
1.01608 0.175164 0.0482311 1.84282 
1.01982 0.127408 0.0547032 1.84737 
1.01419 0.168777 0.0767264 1.83908 
1.01494 0.165609 0.0654706 1.83968 
1.01604 0.155645 0.0689268 1.84142 
1.01695 0.136344 0.0714326 1.84197 
1.01442 0.139085 0.0823439 1.83759 
1.01626 0.139373 0.0769376 1.84185 
1.01599 0.122064 0.0756766 1.84067 
1.01786 0.106774 0.0699275 1.84316 
1.01601 0.0999781 0.0731762 1.83936 
1.01629 0.0883445 0.0666476 1.83969 
1.01495 0.0941984 0.0670171 1.8372 
1.01389 0.0936795 0.0725253 1.83493 
1.01176 0.100385 0.0802336 1.8311 
1.00288 0.11905 0.092744 1.81211 
1.01402 0.122215 0.0817333 1.8376 
1.00894 0.110412 0.092878 1.82636 
1.02419 0.0668994 0.0562663 1.85466 
1.02299 0.0899101 0.0484707 1.85217 
1.02136 0.0876477 0.0601494 1.84883 
1.02145 0.105757 0.0419949 1.8492 
1.02483 0.0667939 -0.00423669 1.85711 
1.02581 0.0421704 0.00526758 1.85866 
1.02537 0.0533437 0.0109961 1.8567 
1.02438 0.05581 0.0298982 1.8538 
1.02501 0.0752648 0.0117837 1.85633 
1.02487 0.0831334 0.0164517 1.8562 
1.02307 0.112848 0.0234588 1.85321 
1.0235 0.0970928 0.00603928 1.85481 
1.02287 0.0699238 0.0543559 1.85139 
1.02026 0.0914961 0.0655309 1.84762 
1.0213 0.108135 0.058168 1.84979 
1.02459 0.0729797 0.0374117 1.85505 
1.02023 0.0794343 0.0714675 1.84709 
1.0245 0.0475322 0.0433291 1.8544 
1.02288 0.0544209 0.0727888 1.85247 
1.02363 0.0470365 0.06392 1.85301 
1.02324 -0.0127846 0.0756192 1.85551 
1.01045 0.146277 0.0844134 1.8315 
1.0116 0.132608 0.0917855 1.8336 
1.00544 0.163412 0.0839567 1.82299 
1.00955 0.176309 0.086088 1.83038 
1.02481 0.0282847 0.0575043 1.85585 
1.02401 0.0662159 0.052509 1.85422 
1.02589 0.0160206 0.0294787 1.85881 
1.02549 0.0447719 0.0349461 1.85687 
1.0255 0.045038 0.00589864 1.85696 
1.02693 0.0179574 -0.00630496 1.86159 
1.0148 0.180353 0.0541085 1.84073 
1.02158 0.115311 -0.00592141 1.85202 
1.01979 0.13207 -0.00651778 1.84887 
1.02102 0.122002 -0.0159653 1.85158 
1.02204 0.124453 -0.00367733 1.85258 
1.02468 0.10503 -0.0158043 1.85905 
1.0212 0.138128 0.0128631 1.85069 
1.02241 0.114207 0.0246093 1.85118 
1.02292 0.11789 0.036972 1.85327 
1.02084 0.131841 0.0372652 1.84882 
1.02002 0.154323 0.0360758 1.8493 
1.0177 0.165508 0.0408277 1.84506 
1.01846 0.168566 0.0324148 1.84723 
1.01931 0.147604 0.000929041 1.84838 
0.993735 0.173917 0.0895712 1.79657 
1.02296 0.115723 0.00815267 1.8534 
1.02403 0.104567 0.016136 1.85525 
1.02479 0.0662171 -0.0157283 1.85707 
1.02605 0.0437034 -0.0148977 1.85962 
1.01604 0.175435 0.034875 1.84223 
1.01815 0.171712 0.0211889 1.84677 
1.01897 0.150653 0.0441373 1.84635 
1.01795 0.166744 0.0442208 1.84602 
1.0203 0.14253 0.0271957 1.84859 
1.01865 0.154972 0.00777522 1.84633 
1.01777 0.16376 0.00771218 1.84558 
1.01852 0.157214 0.00456499 1.84704 
1.02162 0.134236 0.0320833 1.85115 
1.02393 0.0904293 -0.00395482 1.85569 
1.01927 0.154482 0.0110713 1.84784 
1.01988 0.158917 0.0265771 1.84937 
1.0188 0.154128 0.0514221 1.84682 
1.01975 0.139183 0.0486828 1.84743 
1.0185 0.139866 0.0615758 1.84511 
1.01498 0.175055 0.0590612 1.84058 
1.01758 0.153921 0.0557621 1.84387 
1.017 0.154859 0.0686818 1.84369 
1.01581 0.177064 0.0475575 1.84238 
1.01533 0.174161 0.0572031 1.84119 
1.01684 0.165309 0.0511549 1.84331 
1.01677 0.165109 0.0529816 1.84326 
1.0149 0.182591 0.045256 1.84095 
1.01914 0.132699 -0.00630201 1.84728 
1.00488 0.186899 0.0166551 1.82216 
1.01497 0.185851 0.0543578 1.84278 
1.01278 0.131558 0.0791395 1.83511 
1.01031 0.107812 0.07812 1.82804 
1.01391 0.160826 0.0790055 1.83805 
1.01239 0.164909 0.0886028 1.83611 
1.00686 0.151878 0.0957372 1.82596 
1.01161 0.174626 0.080726 1.8348 
1.01174 0.192071 0.0711269 1.83661 
1.01315 0.182148 0.0664466 1.83776 
1.0149 0.160158 0.0785263 1.84037 
1.0139 0.181529 0.0608954 1.83905 
1.01238 0.191698 0.0626966 1.83719 
1.01455 0.18497 0.0543303 1.84091 
1.0152 0.171138 0.00290498 1.84149 
1.01455 0.173026 0.00415996 1.84057 
1.01479 0.170372 0.00263095 1.84089 
1.01762 0.142021 -0.0101746 1.8448 
1.01561 0.187226 0.0223922 1.84291 
1.01696 0.177623 0.0300377 1.84479 
1.01938 0.154452 0.0322079 1.84752 
1.01647 0.178199 0.0405614 1.84397 
1.0152 0.185422 0.0280898 1.84164 
1.01445 0.186032 0.0378212 1.84014 
1.01439 0.188829 0.0464069 1.84082 
1.01204 0.199144 0.0390189 1.83653 
1.01214 0.196436 0.0307202 1.83603 
1.01366 0.191591 0.0305134 1.83894 
1.01275 0.193885 0.0391547 1.83735 
1.01349 0.189829 0.0466588 1.83876 
1.01034 0.204853 0.0404633 1.83347 
1.01525 0.173848 0.00566667 1.84181 
1.02087 0.143627 0.00593935 1.85109 
1.02212 0.116736 0.00778383 1.85131 
1.02207 0.137365 0.0138789 1.85286 
1.01712 0.17077 0.00982492 1.8446 
1.01655 0.178969 0.0129092 1.84406 
1.01582 0.175457 0.00911122 1.84213 
1.02095 0.126425 -0.00120953 1.85002 
1.02032 0.149283 0.0157804 1.84959 
1.021 0.133463 0.0211963 1.84927 
1.01828 0.159399 0.012014 1.84595 
1.01876 0.15955 0.0178597 1.8466 
1.01848 0.162371 0.0198366 1.84629 
1.01984 0.144492 0.00535668 1.8486 
1.01936 0.150931 0.0165773 1.84732 
1.01974 0.140419 -0.0117919 1.84994 
1.01855 0.148117 -0.00126084 1.84656 
1.01794 0.150885 -0.00446275 1.8462 
1.01764 0.160983 0.00239489 1.84579 
1.01678 0.164421 0.00023673 1.84454 
1.01691 0.166453 0.00569214 1.84428 
1.01613 0.168165 0.00295553 1.84341 
1.01739 0.155449 -0.00576939 1.84551 
1.01732 0.151956 -0.00173276 1.84477 
1.01597 0.159899 -0.00373374 1.84259 
1.01698 0.161578 0.00220508 1.84425 
1.01568 0.163096 -0.000440183 1.84222 
1.01614 0.16502 -0.000271134 1.84309 
1.01561 0.168853 0.0017228 1.84228 
1.01522 0.167046 0.00145081 1.84157 
1.0154 0.164149 -0.00164012 1.84168 
1.01494 0.174464 0.00443641 1.84115 
1.01496 0.168017 0.000223491 1.84107 
1.01391 0.175734 0.00406948 1.83941 
1.01436 0.181344 0.00831167 1.84014 
1.01438 0.176387 0.00594938 1.84014 
1.01466 0.1809 0.00883957 1.84051 
1.01344 0.182655 0.00864133 1.83879 
1.01341 0.180142 0.00668504 1.83867 
1.01363 0.180821 0.00721565 1.83903 
1.01348 0.178928 0.00612949 1.83872 
1.01437 0.184286 0.0100403 1.84031 
1.01421 0.184904 0.00892791 1.84004 
1.01397 0.18158 0.00744454 1.83955 
1.01458 0.186211 0.00977242 1.84067 
1.01427 0.179013 0.00680802 1.84002 
1.01486 0.185739 0.0109779 1.84126 
1.01348 0.185686 0.00967673 1.83889 
1.01322 0.125499 0.144672 1.8399 
1.01405 0.180923 0.011447 1.83973 
1.01383 0.181846 0.011376 1.8394 
1.01396 0.182206 0.0112803 1.83957 
1.01371 0.177607 0.00588532 1.83911 
1.01384 0.176672 0.00530216 1.83931 
1.01405 0.177295 0.0053267 1.83967 
1.01427 0.190639 0.0121411 1.84049 
1.01353 0.185454 0.00935099 1.83897 
1.01338 0.18587 0.00941018 1.8387 
1.01328 0.183663 0.0091209 1.83854 
1.01345 0.179642 0.00711947 1.8387 
1.01437 0.191655 0.00650624 1.84068 
1.01442 0.184496 0.00893299 1.84051 
1.01431 0.190792 0.00828208 1.84062 
1.01379 0.185077 0.0106031 1.83943 
1.01371 0.182519 0.0114596 1.83921 
1.01355 0.18409 0.0112738 1.83897 
1.014 0.193246 0.00960984 1.8401 
1.01399 0.190972 0.00971415 1.83999 
1.01391 0.19097 0.0107282 1.8398 
1.01407 0.192531 0.0115587 1.84016 
1.01387 0.194852 0.0101027 1.83994 
1.01407 0.19401 0.0085152 1.84032 
1.01411 0.192293 0.00827576 1.84025 
1.01421 0.192549 0.0124956 1.84038 
1.01391 0.196429 0.0167172 1.84023 
1.01398 0.192539 0.011231 1.83994 
1.0141 0.195729 0.0141222 1.84063 
1.01367 0.196496 0.0147269 1.83963 
1.01361 0.196876 0.0119862 1.83952 
1.01379 0.195991 0.0114954 1.8399 
1.01292 0.183457 0.00947292 1.83783 
1.01304 0.184031 0.0101737 1.83812 
1.01312 0.184625 0.00941733 1.83825 
1.01324 0.185448 0.0104192 1.83853 
1.01315 0.183839 0.00888931 1.83828 
1.01354 0.187415 0.0105658 1.8391 
1.01329 0.186225 0.0104523 1.83858 
1.01293 0.182347 0.00822812 1.83779 
1.01349 0.187842 0.010542 1.83899 
1.01292 0.183127 0.00898014 1.83782 
1.01406 0.192724 0.00999951 1.84025 
1.0075 0.226799 0.0105751 1.83042 
1.01202 0.205051 0.0128628 1.83711 
1.00813 0.218864 0.0211828 1.83028 
1.01023 0.216569 0.00944872 1.83498 
1.00855 0.218093 0.0219334 1.83118 
1.01858 0.164615 0.0018082 1.84733 
1.0173 0.170218 0.00599491 1.84523 
1.01655 0.175719 0.00491223 1.84406 
1.01691 0.17564 -0.00224094 1.8446 
1.00377 0.23851 -0.0119881 1.82458 
1.00487 0.233211 -0.0242207 1.82643 
1.00413 0.231303 -0.0412237 1.82562 
1.0064 0.225718 -0.038644 1.82947 
1.005 0.230666 -0.0430931 1.82759 
1.00227 0.23453 -0.0422049 1.82335 
1.00429 0.232217 -0.0482117 1.82731 
1.00935 0.211756 -0.0335634 1.83319 
1.00746 0.22607 -0.0202428 1.83086 
1.00667 0.227112 -0.0310407 1.82991 
1.00606 0.23144 -0.0227465 1.82881 
1.00515 0.229782 -0.032794 1.82693 
1.00837 0.223093 -0.0125604 1.83217 
1.0085 0.222712 -0.0256721 1.8328 
1.00988 0.219889 -0.0223096 1.83549 
1.01339 0.197102 -0.00150513 1.839 
1.01459 0.187433 0.00752621 1.84084 
1.01519 0.185031 0.00178327 1.84168 
1.01576 0.177164 0.00802629 1.84257 
1.01558 0.180841 0.00622928 1.84234 
1.01618 0.176289 0.00623579 1.84322 
1.01582 0.180327 0.00424495 1.84284 
1.01733 0.171746 -0.00274632 1.8452 
1.01628 0.178776 0.000336862 1.84359 
1.01642 0.17634 -0.00224002 1.84342 
1.01356 0.199099 0.00352735 1.83982 
1.01401 0.195272 0.00602797 1.84026 
1.01365 0.196283 0.00571515 1.83952 
1.01409 0.181446 0.00771744 1.83982 
1.01375 0.180638 0.0075059 1.83925 
1.01383 0.179361 0.00669801 1.83936 
1.0136 0.177889 0.00560602 1.83889 
1.01377 0.176975 0.00499726 1.83919 
1.0142 0.186398 0.010921 1.84014 
1.01382 0.184208 0.00953354 1.83948 
1.01422 0.181476 0.00786411 1.8398 
1.01385 0.183406 0.00839991 1.83946 
1.01356 0.178612 0.00638503 1.83886 
1.01381 0.190276 0.0104164 1.83958 
1.01393 0.193538 0.0107793 1.84007 
1.01396 0.193622 0.0101669 1.84017 
1.01375 0.190373 0.0108619 1.83944 
1.01353 0.188386 0.0103774 1.83905 
1.01381 0.19144 0.0106098 1.83966 
1.01366 0.189444 0.0110754 1.8393 
1.01361 0.189342 0.0111573 1.83924 
1.01346 0.187429 0.0108385 1.83891 
1.01343 0.187483 0.0111063 1.83887 
1.01326 0.185485 0.0108097 1.83853 
1.01308 0.185026 0.0103862 1.8382 
1.01321 0.185889 0.0107642 1.83843 
1.01305 0.184565 0.0105558 1.83815 
1.01304 0.184557 0.010547 1.83814 
1.01375 0.190046 0.0107635 1.83945 
1.01388 0.189974 0.0112173 1.83968 
1.01354 0.18844 0.0107504 1.83909 
1.01362 0.181589 0.00811379 1.83907 
1.01363 0.184615 0.00887604 1.83915 
1.01345 0.181878 0.00774289 1.83877 
1.01463 0.190281 0.0122264 1.84111 
1.01476 0.191099 0.01453 1.84144 
1.01433 0.192185 0.0137152 1.84062 
1.01407 0.192479 0.0119163 1.84002 
1.01393 0.195277 0.0112548 1.84019 
1.01404 0.195159 0.0124029 1.84045 
1.01372 0.195707 0.0118467 1.83964 
1.01388 0.195927 0.0123896 1.84011 
1.01349 0.197698 0.0124327 1.83938 
1.01345 0.198498 0.00920462 1.83941 
1.01388 0.19464 0.0103563 1.84005 
1.01388 0.192128 0.0106736 1.83977 
1.01402 0.191161 0.0108276 1.83996 
1.01396 0.188544 0.0111194 1.83989 
1.01438 0.189791 0.0109567 1.84066 
1.01418 0.191114 0.0112068 1.84035 
1.01392 0.192092 0.0114254 1.83987 
1.01383 0.191302 0.0109365 1.83967 
1.01371 0.190077 0.0101908 1.83941 
1.0138 0.190039 0.0109119 1.83957 
1.0138 0.188703 0.0103911 1.83952 
1.0137 0.188066 0.0102711 1.83938 
1.01389 0.18708 0.00969128 1.83957 
1.01375 0.188021 0.0105968 1.83952 
1.01405 0.187005 0.0101122 1.83993 
1.01363 0.185312 0.0097018 1.83914 
1.01314 0.182277 0.00782917 1.8383 
1.0133 0.180694 0.00756125 1.83846 
1.01329 0.182933 0.00828155 1.83853 
1.01327 0.181276 0.00715388 1.83849 
1.01319 0.18457 0.00949969 1.83838 
1.01302 0.183092 0.0088625 1.83806 
1.01315 0.18171 0.00809256 1.83822 
1.01297 0.183466 0.0093699 1.83796 
1.01321 0.185463 0.0107512 1.83843 
1.01302 0.184197 0.0100064 1.83811 
1.0132 0.185832 0.0104316 1.83841 
1.01311 0.18498 0.0106944 1.83827 
1.01328 0.186157 0.0103992 1.83858 
1.0132 0.185605 0.00995048 1.83845 
1.01358 0.188562 0.0106215 1.83912 
1.01346 0.188034 0.0101365 1.83896 
1.01327 0.186121 0.0105009 1.83856 
1.0135 0.187547 0.0101487 1.83903 
1.01375 0.190038 0.010706 1.83949 
1.01301 0.184069 0.0100845 1.83804 
1.01295 0.184206 0.0103135 1.83794 
1.01324 0.185332 0.010963 1.8385 
1.01346 0.1865 0.0110515 1.83887 
1.01316 0.184244 0.0109975 1.83831 
1.01304 0.184406 0.0107066 1.83809 
1.01309 0.184275 0.0110039 1.83817 
1.00753 0.212575 -0.0642922 1.83226 
1.00845 0.206988 -0.0808473 1.83566 
1.00845 0.202626 -0.0704311 1.83316 
1.0106 0.194863 -0.0767127 1.83844 
1.0114 0.187955 -0.0690984 1.8385 
1.01363 0.188719 0.0108745 1.83925 
1.01325 0.183949 0.0111999 1.83845 
1.01315 0.184 0.0111858 1.83823 
1.01311 0.184424 0.010853 1.83824 
1.01337 0.185027 0.0110408 1.8387 
1.01348 0.187186 0.01065 1.83895 
1.01374 0.188723 0.0106788 1.83941 
1.01215 0.184937 -0.0650073 1.83879 
1.01336 0.183337 0.0114091 1.83859 
1.01322 0.183667 0.011354 1.83835 
1.01361 0.186751 0.0106795 1.83918 
1.01337 0.184767 0.0112918 1.83869 
1.01326 0.185287 0.0107693 1.83851 
1.01349 0.186474 0.0109535 1.83896 
1.01327 0.184998 0.0110319 1.83852 
1.01326 0.177334 -0.0689222 1.84174 
1.01307 0.173322 -0.0636609 1.84019 
1.01332 0.184258 -0.063216 1.84147 
1.01419 0.190699 0.00912142 1.84032 
1.01432 0.187201 0.00928666 1.84031 
1.01452 0.18712 0.00765104 1.84078 
1.01417 0.183963 0.00994087 1.84006 
1.01363 0.185208 0.011195 1.83918 
1.01417 0.186887 0.0103111 1.84015 
1.01375 0.183594 0.0110509 1.83924 
1.01392 0.18545 0.01064 1.83964 
1.01389 0.182967 0.0107095 1.83948 
1.01401 0.185282 0.00995017 1.83981 
1.01421 0.186511 0.00917228 1.84017 
1.01432 0.184808 0.0101427 1.84033 
1.01461 0.183809 0.00942968 1.84088 
1.01435 0.181748 0.0107067 1.84031 
1.01383 0.183229 0.0114954 1.83942 
1.01405 0.182123 0.0112079 1.8398 
1.01398 0.189627 0.0103314 1.83987 
1.01371 0.18507 0.0109856 1.83922 
1.01356 0.185314 0.0111731 1.83899 
1.01376 0.18704 0.0106719 1.83938 
1.01381 0.188513 0.0100804 1.83954 
1.01404 0.184181 0.0108 1.83979 
1.01385 0.186615 0.00985374 1.83953 
1.01408 0.187349 0.00986779 1.83989 
1.01339 0.184687 0.0110189 1.83874 
1.01383 0.186922 0.0107483 1.83954 
1.01406 0.189787 0.00900451 1.84008 
1.01362 0.183571 0.0111965 1.8391 
1.01343 0.184178 0.0114136 1.83877 
1.0134 0.183098 0.011711 1.83866 
1.01329 0.183539 0.0115716 1.8385 
1.01666 0.167118 -0.0529825 1.84575 
1.01488 0.170855 -0.0649035 1.8444 
1.01594 0.162508 -0.0621527 1.84584 
1.01913 0.138558 -0.0467183 1.85027 
1.0203 0.152564 -0.0123864 1.84998 
1.0194 0.154124 -0.0444924 1.85047 
1.01932 0.153022 -0.0408288 1.84891 
1.01802 0.161555 -0.0458987 1.84743 
1.01334 0.181527 -0.0593443 1.84007 
1.01128 0.20553 -0.0354555 1.83677 
1.00984 0.201458 -0.0655896 1.83603 
1.0146 0.167718 -0.0592468 1.84278 
1.01514 0.171475 -0.0599487 1.84333 
1.01573 0.168747 -0.0520887 1.84363 
1.01517 0.186976 -0.0419358 1.84357 
1.01481 0.179437 -0.051957 1.84237 
1.01575 0.176629 -0.0455302 1.84353 
1.01703 0.174521 -0.0367249 1.84581 
1.01406 0.189629 -0.0490974 1.84184 
1.01398 0.195873 -0.0159176 1.84063 
1.01406 0.194958 -0.00920716 1.84042 
1.01324 0.199546 -0.0160856 1.83938 
1.0186 0.166677 -0.0152873 1.84767 
1.01903 0.164512 -0.0278353 1.84885 
1.01977 0.1523 -0.0289106 1.84909 
1.02231 0.139857 -0.0045624 1.85367 
1.01144 0.208329 -0.0286193 1.83716 
1.01213 0.200398 -0.0297876 1.83753 
1.00944 0.214247 -0.0328737 1.83364 
1.01027 0.206497 -0.0391409 1.8346 
1.01275 0.197411 -0.0403903 1.83912 
1.01168 0.17812 -0.0712046 1.83806 
1.01257 0.192047 -0.0547402 1.83935 
1.01415 0.181151 -0.055279 1.84177 
1.01319 0.189935 -0.0501352 1.83977 
1.01025 0.189363 -0.0679539 1.83583 
1.01155 0.195749 -0.0626001 1.83847 
1.01044 0.197203 -0.0602503 1.83585 
1.01365 0.182578 0.011753 1.83909 
1.01348 0.18292 0.0115657 1.8388 
1.01357 0.183704 0.0116035 1.839 
1.01818 0.158421 -0.0532737 1.84906 
1.01556 0.186899 -0.00371065 1.84281 
1.01594 0.160287 -0.0553309 1.84505 
1.01706 0.151393 -0.0597879 1.84743 
1.0169 0.159411 -0.0538596 1.84605 
1.01849 0.154231 -0.0463807 1.84824 
1.01728 0.163502 -0.0442106 1.84577 
1.01352 0.182681 0.0118735 1.83885 
1.01877 0.140445 -0.0552715 1.85011 
1.01369 0.182084 0.0118408 1.83908 
1.02006 0.126119 -0.0507562 1.85199 
1.01485 0.186742 0.00478718 1.84116 
1.0143 0.189566 0.0062441 1.84033 
1.01452 0.19127 0.00320539 1.84098 
1.01474 0.180474 0.0103928 1.84093 
1.01485 0.183191 0.00886259 1.84121 
1.01488 0.179663 0.00929044 1.84102 
1.01522 0.176375 0.0112475 1.84165 
1.01443 0.179136 0.0114475 1.84032 
1.01422 0.180184 0.0115404 1.84 
1.01424 0.179589 0.0120932 1.83997 
1.01405 0.180491 0.0119447 1.83966 
1.02225 0.104981 -0.0454473 1.85577 
1.01452 0.179668 0.0113146 1.84049 
1.02527 0.0707577 -0.0369074 1.86172 
1.02376 0.110672 -0.0297194 1.85629 
1.02153 0.145106 -0.0207552 1.85276 
1.02097 0.154933 -0.022779 1.85232 
1.01993 0.154111 -0.032846 1.85025 
1.02104 0.142594 -0.0369671 1.85301 
1.02097 0.124251 -0.0400519 1.85349 
1.02172 0.128774 -0.0404136 1.85353 
1.01982 0.141943 -0.0471945 1.85058 
1.01443 0.180266 0.010617 1.84033 
1.01468 0.17707 0.0121113 1.84057 
1.02355 0.114896 0.000639505 1.85441 
1.02243 0.134608 -0.0239819 1.85385 
1.02516 0.116986 -0.0086895 1.85949 
1.02309 0.102963 -0.0278882 1.85686 
1.02401 0.0676777 0.0038666 1.85677 
1.01529 0.175359 0.0100334 1.84159 
1.01613 0.171757 0.0106405 1.84303 
1.01555 0.172241 0.0122425 1.84184 
1.01492 0.176545 0.0112575 1.84105 
1.01411 0.193212 0.00578807 1.84024 
1.01434 0.181637 0.0104687 1.84029 
1.01451 0.180949 0.00992389 1.84039 
1.01505 0.17911 0.0100541 1.84142 
1.01477 0.178302 0.0112698 1.84085 
1.01445 0.178398 0.0120939 1.84024 
1.01467 0.179211 0.0104555 1.84072 
1.01467 0.177933 0.0114072 1.84067 
1.01384 0.181259 0.0119249 1.83932 
1.0142 0.181859 0.0107485 1.83998 
1.01431 0.180652 0.0115489 1.84013 
1.01602 0.174081 0.00915383 1.843 
1.0163 0.171601 0.0114115 1.84343 
1.01551 0.174771 0.0109362 1.84205 
1.01567 0.174182 0.00989463 1.84231 
1.01561 0.173463 0.011341 1.84219 
1.01514 0.178209 0.00854835 1.84144 
1.01581 0.174503 0.00975486 1.84256 
1.01578 0.172757 0.0107527 1.84242 
1.01528 0.174334 0.0122333 1.84155 
1.01505 0.176583 0.0109956 1.84124 
1.01523 0.17493 0.0114453 1.84152 
1.01496 0.17557 0.0121819 1.841 
1.0244 0.0776991 0.0665095 1.85855 
1.02006 0.152659 0.0105414 1.84961 
1.02039 0.137747 0.0165471 1.84886 
1.01816 0.162943 0.0138389 1.84648 
1.02303 0.130778 -0.0248086 1.85606 
1.02991 0.047536 0.000130156 1.87306 
1.02587 0.00643895 0.0746354 1.86486 
1.01511 0.154764 0.0515382 1.83958 
1.01546 0.173579 0.0113788 1.84185 
1.01446 0.190052 0.0179394 1.84257 
1.01608 0.165982 0.0239316 1.84225 
1.01585 0.173344 0.0136667 1.84277 
1.01593 0.1721 0.0148122 1.84278 
1.02013 0.156081 -0.00701955 1.85007 
1.0209 0.142095 -0.00505776 1.85028 
1.02208 0.132832 0.0267772 1.8528 
1.01836 0.15348 0.0335612 1.84634 
1.01788 0.165276 0.00173163 1.84567 
1.01909 0.155312 0.0053953 1.84749 
1.01654 0.172957 0.00892758 1.84394 
1.01755 0.16478 0.00897092 1.84516 
1.0168 0.169367 0.0132066 1.84422 
1.00454 0.152724 0.185145 1.84335 
0.96913 0.180473 0.175468 1.75931 
1.01632 0.158372 0.0832179 1.84685 
1.01651 0.168577 0.0139685 1.84347 
1.02098 0.0855114 0.0473413 1.84813 
1.01617 0.16856 0.0327765 1.84325 
1.01777 0.159835 0.0159733 1.84517 
1.01604 0.171099 0.012824 1.84287 
1.01511 0.178031 0.0252677 1.84204 
1.00958 0.199146 0.0510214 1.83416 
0.940603 0.283799 0.109709 1.70612 
0.970876 0.27927 0.137349 1.77987 
0.990992 0.227966 0.0729226 1.80163 
0.988091 0.224933 0.00826539 1.79469 
0.994415 0.177047 0.0219633 1.80166 
1.00582 0.192829 0.0627281 1.82434 
1.01042 0.142045 0.103087 1.83208 
0.988849 0.255725 0.0896013 1.80367 
0.963122 0.308118 0.00820325 1.76026 
0.983386 0.24804 0.0586491 1.78987 
0.939921 0.268887 -0.0529812 1.7005 
0.931032 0.291092 -0.00144506 1.68414 
0.94754 0.295737 -0.0304914 1.72496 
0.976616 0.263563 0.0352024 1.77681 
0.966475 0.282447 0.0464765 1.76047 
0.968319 0.292001 -0.0281732 1.76374 
0.983248 0.249734 -0.0254508 1.78465 
0.983754 0.252425 -0.0146187 1.78652 
0.982475 0.265661 -0.0226063 1.78494 
0.957478 0.312382 0.055177 1.75383 
0.984685 0.247518 -0.00395511 1.78895 
0.984729 0.240185 -0.0143192 1.78666 
0.988749 0.187628 -0.032634 1.78801 
0.986541 0.22708 -0.0209813 1.78908 
0.984149 0.230417 -0.0345085 1.78437 
1.00395 0.207249 0.120046 1.83068 
0.999382 0.221861 0.0562404 1.81987 
0.98779 0.222209 0.00358105 1.79145 
0.987619 0.222645 -0.0223001 1.79094 
0.988549 0.209974 -0.0221007 1.79117 
1.01432 0.173228 0.00453857 1.84002 
1.01403 0.175114 0.00451015 1.83961 
1.01443 0.174483 0.00338894 1.8405 
1.01453 0.176264 0.00584301 1.84047 
1.01583 0.181215 0.01114 1.84278 
1.01561 0.173809 0.00611553 1.84211 
1.01625 0.173065 0.00770879 1.84358 
1.0139 0.179137 0.00628049 1.8395 
1.0141 0.178823 0.00669694 1.83987 
0.999928 0.24763 0.0349454 1.81681 
0.963161 0.264773 0.0681992 1.74511 
0.971179 0.259253 0.0547965 1.76249 
0.971988 0.265191 0.0940825 1.76635 
0.969491 0.302048 0.123384 1.76883 
0.961509 0.296841 0.104763 1.75275 
0.95808 0.287193 0.094172 1.74073 
0.96617 0.304894 0.122883 1.76431 
0.962854 0.302462 0.128114 1.7562 
0.95319 0.296786 0.112931 1.7342 
0.989538 0.249677 0.1393 1.80193 
0.999811 0.248164 0.0349075 1.81665 
0.999912 0.247767 0.0353148 1.81681 
1.001 0.244828 0.0362153 1.81882 
1.00006 0.247147 0.0366958 1.81707 
1.00032 0.245317 0.0366963 1.81728 
0.999789 0.248224 0.0355856 1.81664 
1.00028 0.246922 0.0346483 1.81749 
1.0001 0.246758 0.0356039 1.81704 
1.00012 0.2473 0.0351489 1.81722 
0.999265 0.250337 0.0352013 1.81586 
0.999944 0.247726 0.0350394 1.81687 
1.00016 0.247279 0.0347356 1.81729 
1.00008 0.247338 0.0349946 1.81712 
1.00008 0.247499 0.0348879 1.81716 
0.986943 0.26896 0.0960286 1.79505 
0.982064 0.28826 0.0957436 1.7889 
0.990631 0.260441 0.0865434 1.80081 
0.983404 0.279986 0.109303 1.79122 
0.987824 0.266455 0.106503 1.7977 
0.988525 0.260673 0.107701 1.79796 
0.979206 0.287776 0.112382 1.78376 
0.992019 0.269584 0.0575329 1.80438 
0.993514 0.2671 0.0666408 1.80797 
0.987751 0.283193 0.0710749 1.79881 
0.98571 0.286294 0.0617349 1.79416 
0.98758 0.281048 0.0508766 1.79649 
0.985485 0.290726 0.0566459 1.79461 
0.982636 0.300431 0.0696069 1.7916 
0.965242 0.34169 0.0418745 1.76307 
0.967216 0.332641 0.0299217 1.76401 
0.971921 0.321918 0.0451447 1.77159 
0.968712 0.331933 0.0317708 1.76715 
0.972278 0.319747 0.0322873 1.77133 
0.978219 0.309648 0.0521425 1.78282 
0.967776 0.324528 0.0557063 1.76323 
0.969499 0.330134 0.0459323 1.76883 
0.976215 0.312236 0.0745352 1.78046 
0.969 0.3301 0.0761305 1.76962 
0.977412 0.315324 0.0697345 1.78391 
0.995818 0.260326 0.0290282 1.80986 
0.981276 0.285318 0.115095 1.78832 
0.983282 0.292026 0.0765049 1.79107 
0.987272 0.289037 0.0772445 1.79995 
1.00692 0.227709 0.0214708 1.82919 
1.00862 0.217908 0.029532 1.83149 
1.00657 0.225977 0.0317142 1.82817 
1.00149 0.243214 0.0309175 1.81947 
1.00242 0.240558 0.0360404 1.82129 
1.00369 0.234977 0.0362373 1.82314 
1.00243 0.239532 0.0408563 1.82128 
1.00142 0.240896 0.0454934 1.8193 
1.00115 0.243118 0.0402684 1.81893 
1.00072 0.24398 0.0382049 1.81801 
0.999987 0.246785 0.0396746 1.81693 
0.999741 0.249223 0.0369087 1.81682 
0.999186 0.249711 0.036039 1.81554 
0.999961 0.248066 0.0356859 1.81702 
0.998959 0.251791 0.037567 1.81556 
1.00018 0.24722 0.03464 1.81731 
1.00021 0.24739 0.0343441 1.81743 
1.0004 0.245603 0.0345721 1.81746 
1.0011 0.242595 0.0337792 1.81845 
1.00019 0.246928 0.0347782 1.81727 
0.999394 0.249834 0.0382299 1.81618 
1.00113 0.24237 0.0374699 1.8186 
1.00311 0.239284 0.0298796 1.82253 
1.00342 0.2397 0.0357762 1.82356 
1.00229 0.237957 0.031683 1.82023 
0.983752 0.264131 0.135207 1.79102 
0.980976 0.266183 0.151977 1.78803 
0.980843 0.286832 0.118456 1.78829 
0.979248 0.288263 0.137638 1.78779 
0.976608 0.295626 0.127791 1.78234 
0.983642 0.275495 0.128379 1.793 
0.976866 0.297405 0.115564 1.78165 
0.979539 0.296994 0.106368 1.78674 
0.983784 0.27788 0.105985 1.79104 
1.00586 0.229671 0.0222182 1.82702 
1.0074 0.223123 0.0136639 1.82933 
1.00855 0.222423 0.0155847 1.83205 
1.01279 0.196183 0.0199413 1.83739 
1.01224 0.200045 0.0167597 1.8367 
1.01035 0.210808 0.0222535 1.83416 
1.01105 0.205883 0.00724814 1.83483 
1.01082 0.213193 0.0168491 1.83576 
1.00989 0.213112 0.0138282 1.83339 
1.01279 0.200353 0.0111176 1.8381 
1.01147 0.205415 0.00759355 1.8358 
1.01114 0.208914 0.00280651 1.8357 
1.01235 0.202963 0.000401601 1.83752 
1.01394 0.194468 0.00834736 1.84002 
1.01302 0.200708 0.0101787 1.83874 
1.01353 0.198336 0.00596929 1.83958 
1.00848 0.214973 0.0418254 1.83092 
1.00292 0.230652 0.0782312 1.82284 
1.00553 0.219468 0.0661736 1.8259 
1.00367 0.227218 0.0570833 1.82238 
1.00656 0.222275 0.0565315 1.82842 
1.00503 0.222018 0.0861514 1.82687 
1.00887 0.199591 0.0710782 1.83054 
1.01055 0.194622 0.0660657 1.83341 
1.01228 0.194295 0.0574654 1.83713 
1.01215 0.187853 0.0605298 1.8365 
1.01215 0.187038 0.0655776 1.83599 
1.0142 0.175458 0.0640085 1.839 
1.01438 0.159722 0.0696405 1.83765 
0.997796 0.238846 0.0800028 1.81227 
1.01143 0.193914 0.0615168 1.83518 
1.00894 0.196012 0.0684679 1.82985 
1.00918 0.205707 0.0656048 1.8321 
1.00619 0.213091 0.0744098 1.82682 
1.00725 0.204825 0.0773306 1.82803 
1.00604 0.207092 0.0799971 1.82569 
1.00778 0.201132 0.0845973 1.82924 
1.01089 0.192552 0.0757463 1.83458 
1.00552 0.204696 0.128731 1.82956 
1.00552 0.20867 0.109561 1.82782 
1.00889 0.188779 0.0955963 1.83083 
1.01045 0.176113 0.0814613 1.83119 
1.00846 0.184489 0.113101 1.83109 
1.01308 0.159903 0.087409 1.83598 
1.01904 0.112358 0.0656242 1.84463 
1.01286 0.170805 0.0860749 1.83669 
1.01068 0.192069 0.0759778 1.83404 
1.00921 0.193167 0.0767018 1.83066 
1.00951 0.194056 0.0745713 1.83133 
1.01236 0.184378 0.0622178 1.83582 
1.01329 0.181713 0.0640384 1.83777 
1.01367 0.180763 0.061218 1.8384 
1.01347 0.181809 0.0682728 1.83862 
1.01281 0.187437 0.0668254 1.83792 
1.01245 0.183611 0.0657482 1.83617 
1.0111 0.189758 0.0698298 1.83419 
1.01085 0.185314 0.081041 1.83364 
1.01103 0.187591 0.0675928 1.83344 
1.03345 0.0623954 0.0935962 1.88668 
1.01711 0.158395 0.0672383 1.84419 
1.01735 0.150871 0.0415508 1.84281 
1.00406 0.217252 0.0914591 1.82393 
1.01088 0.204706 0.0474899 1.83508 
1.01084 0.200136 0.0569267 1.8346 
1.00995 0.205453 0.0520467 1.83313 
1.00723 0.211683 0.0675811 1.8286 
1.00823 0.212081 0.0542338 1.83028 
1.00815 0.215041 0.0565314 1.83087 
1.00701 0.214292 0.051511 1.82756 
0.986785 0.261902 0.135323 1.79784 
0.984843 0.258431 0.159297 1.79646 
0.98219 0.27539 0.148541 1.79286 
0.978074 0.29162 0.123588 1.78376 
0.985798 0.247975 0.161952 1.79677 
0.973121 0.24185 0.213486 1.78293 
0.961592 0.282344 0.190223 1.76202 
0.973853 0.268743 0.17228 1.77659 
0.957311 0.303096 0.127333 1.74768 
0.970963 0.295647 0.14075 1.77189 
0.962579 0.29555 0.153222 1.75627 
0.99071 0.180736 0.205558 1.8108 
0.961167 0.250111 0.209083 1.75509 
0.99165 0.218929 0.186723 1.81024 
0.993407 0.239381 0.165501 1.81383 
0.96893 0.275005 0.179726 1.76963 
0.94938 0.297902 0.13937 1.72881 
0.966079 0.303374 0.143822 1.76564 
0.955847 0.300805 0.156409 1.74764 
0.998631 0.235764 0.119258 1.81789 
0.999892 0.220399 0.137581 1.82012 
0.995489 0.235488 0.132152 1.81184 
1.00016 0.247548 0.0345912 1.81734 
1.00008 0.247769 0.0344325 1.81723 
1.00007 0.24783 0.0329647 1.81724 
1.00333 0.23029 0.0510129 1.82188 
1.00132 0.237408 0.0551571 1.81877 
1.00289 0.231571 0.0467045 1.82085 
1.00563 0.220929 0.0498364 1.82546 
1.00071 0.239904 0.0545324 1.81784 
1.00869 0.210391 0.0492862 1.83085 
1.00991 0.203237 0.0626711 1.83323 
1.00021 0.247381 0.0342489 1.81742 
1.00074 0.245746 0.0339575 1.81832 
1.00031 0.246602 0.0356956 1.81753 
1.00532 0.112377 0.201071 1.83607 
0.998207 0.230751 0.108531 1.8143 
0.993007 0.247414 0.127804 1.80819 
0.992483 0.249965 0.12423 1.80695 
1.0108 0.124207 0.163792 1.84306 
1.01381 0.149892 0.111018 1.83926 
1.0233 0.111816 0.0512477 1.85527 
1.01689 0.0378824 0.117819 1.84662 
0.995055 0.209154 0.162345 1.81018 
1.00685 0.193014 0.0877396 1.82568 
