0.916956 0.421626 -0.174615 1.74366 
1.00034 0.494831 0.0693914 1.91136 
1.04735 0.426039 -0.0418436 1.99623 
0.910641 0.464376 0.266143 1.75662 
0.929601 0.46768 0.233918 1.79108 
0.902036 0.516095 0.246989 1.75708 
0.912478 0.467883 0.245291 1.75475 
1.04298 0.419107 0.106379 1.98588 
0.99813 0.497809 0.0729102 1.90785 
1.06372 0.446188 0.117587 2.05427 
0.7697 0.583995 0.215135 1.52261 
0.801621 0.584011 0.219283 1.58005 
0.763013 0.595638 0.19234 1.50863 
0.778104 0.588888 0.2077 1.53689 
1.043 0.439765 -0.0353497 1.99083 
1.06063 0.133489 0.101248 2.00753 
1.06181 0.129461 0.0969497 2.00956 
1.06243 0.143551 0.101706 2.01195 
1.06168 0.13392 0.0958828 2.00967 
1.01438 0.479581 0.0523544 1.93676 
1.1003 0.283702 0.130933 2.09776 
1.08408 0.307761 0.18369 2.07168 
1.1023 0.250992 0.166418 2.10097 
1.09628 0.256322 0.157367 2.08513 
1.00975 0.484305 0.0368694 1.92791 
0.965767 0.531854 0.0783141 1.85143 
1.08178 0.346868 -0.111893 2.06544 
1.00415 0.492277 0.0528213 1.9189 
1.05972 0.39173 0.110312 2.01766 
1.07163 0.372723 -0.0464136 2.03939 
1.04691 0.432241 -0.0466212 1.99881 
1.08837 0.340584 -0.0949288 2.07722 
0.716277 0.515908 0.274998 1.40689 
0.732207 0.491825 0.308527 1.43629 
0.776507 0.514483 0.304483 1.52758 
0.754948 0.513669 0.294427 1.48879 
1.07402 0.301759 0.135309 2.04146 
1.07982 0.33657 0.145377 2.05742 
1.02114 0.454299 0.06062 1.94219 
1.00045 0.495449 0.0688609 1.91189 
1.0815 0.341737 -0.10455 2.06103 
0.967271 0.522064 0.0336405 1.84953 
0.552311 0.558468 0.229377 1.13682 
0.521952 0.516367 0.296612 1.08385 
0.681352 0.566646 0.281628 1.36679 
0.644266 0.566526 0.264201 1.30373 
1.00034 0.494968 0.0695884 1.91143 
1.0056 0.487216 0.0685524 1.92013 
0.961391 0.528596 0.0597639 1.8387 
1.06488 0.38872 0.108931 2.02925 
1.06851 0.139046 0.197215 2.03012 
1.06848 0.147025 0.161769 2.02799 
1.06407 0.148565 0.181033 2.02116 
1.06705 0.135663 0.175694 2.02511 
0.907836 0.462353 -0.117406 1.71904 
1.05907 0.377825 0.0846323 2.00889 
1.07119 0.376853 0.0360056 2.04233 
1.07079 0.377405 0.052007 2.04234 
1.07472 0.369202 0.039381 2.04868 
1.07226 0.376445 0.0381569 2.04498 
1.07575 0.268689 0.152537 2.04988 
1.07882 0.260761 0.151375 2.05454 
1.07897 0.289506 0.15058 2.05676 
1.07726 0.267302 0.146641 2.051 
0.83215 0.559476 -0.0559723 1.61064 
0.825569 0.557266 -0.112459 1.60247 
0.808459 0.58968 -0.0780588 1.58304 
0.816395 0.558866 -0.0719221 1.5779 
1.03361 0.437264 -0.166152 1.98795 
1.052 0.413751 0.0268856 2.00104 
1.05436 0.256447 0.143743 2.00572 
1.05848 0.427793 0.1292 2.03025 
1.00658 0.483154 0.0681402 1.92051 
0.988716 0.510021 0.0886984 1.89332 
0.93135 0.400296 -0.131908 1.75408 
1.06259 0.407792 0.0183268 2.02811 
1.04625 0.416687 0.0432648 1.98813 
0.966553 0.514448 0.136761 1.8512 
1.10664 0.209339 -0.0150251 2.10685 
1.10511 0.247036 0.0153773 2.10139 
1.11098 0.201564 0.025779 2.11086 
1.10794 0.205334 -0.0061633 2.10402 
1.05994 0.403578 0.0197801 2.02183 
0.996182 0.487565 0.0558801 1.90173 
1.06615 0.402458 0.0192655 2.03457 
1.0643 0.395548 0.0184292 2.02915 
1.09167 0.317543 -0.0957118 2.07995 
0.876656 0.577465 0.194123 1.70543 
1.00118 0.494992 0.0660767 1.91323 
1.08649 0.332336 -0.013971 2.07531 
1.08981 0.298684 -0.0310324 2.08062 
0.998148 0.494172 0.0641535 1.90657 
1.00357 0.488401 0.069459 1.91591 
1.07021 0.383663 0.0333547 2.04225 
1.06349 0.404626 0.0362666 2.03367 
1.0662 0.389836 0.0480178 2.03518 
1.06571 0.388082 0.04363 2.03301 
1.10512 0.221677 -0.0416911 2.1066 
1.09782 0.264137 -0.0358911 2.09476 
1.10171 0.252925 -0.0111216 2.09444 
1.09961 0.253367 -0.019153 2.0961 
1.00747 0.492898 0.0356395 1.92766 
1.05925 0.410275 0.0151906 2.02669 
1.00032 0.49536 0.0676518 1.91154 
1.04809 0.430374 -0.0108914 1.99833 
1.07706 0.364033 -0.0478998 2.05059 
1.0005 0.495236 0.0689917 1.91192 
0.905123 0.581737 0.108164 1.75148 
0.919543 0.525099 -0.0443697 1.75748 
1.04896 0.428903 0.146452 2.00976 
1.01277 0.465567 0.116021 1.93206 
1.06979 0.384497 0.0135181 2.0392 
1.03121 0.457668 0.0175993 1.96753 
0.999219 0.49623 0.0689432 1.90936 
1.05725 0.410441 0.14196 2.02183 
0.994851 0.278496 0.203721 1.87869 
1.01211 0.259607 0.151208 1.90786 
0.995941 0.308753 0.137206 1.8719 
1.0018 0.300712 0.155628 1.89164 
0.964443 0.424102 -0.0893925 1.82551 
0.951594 0.407155 -0.0515166 1.79432 
0.944268 0.441859 -0.0210371 1.79017 
0.959233 0.406053 -0.00561831 1.81201 
0.950626 0.400318 -0.0295061 1.78856 
1.04115 0.417155 0.157554 1.98844 
0.971995 0.527502 0.0446579 1.862 
0.842078 0.524336 -0.097843 1.61183 
0.845505 0.533243 -0.0501799 1.61921 
0.870557 0.522634 -0.0621045 1.66413 
0.854741 0.536817 -0.0679338 1.64273 
0.973949 0.507723 0.021526 1.85846 
0.999584 0.494109 0.0675909 1.91007 
0.859271 0.545962 0.228517 1.66339 
0.874706 0.541534 0.229911 1.694 
1.05195 0.421576 0.00208555 2.00405 
1.07866 0.357643 0.143043 2.05951 
1.00304 0.490845 0.0691714 1.91581 
1.13194 0.103871 -0.0661161 2.15236 
1.12767 0.147468 -0.0837878 2.14669 
1.12591 0.15511 -0.047282 2.13609 
1.127 0.146789 -0.050767 2.14203 
0.9026 0.369058 -0.232296 1.71029 
1.08192 0.352828 -0.00190384 2.05877 
1.08594 0.341745 -0.000703857 2.06569 
1.08458 0.347235 -0.0123036 2.06379 
1.08421 0.351656 -0.00508758 2.06422 
0.938276 0.419967 0.224794 1.7866 
0.919817 0.419332 0.270396 1.75742 
0.945705 0.383037 0.24912 1.79689 
0.937927 0.421045 0.249098 1.7942 
1.04376 0.433138 -0.089394 1.99706 
1.05997 0.407418 0.0183989 2.02182 
1.06234 0.399217 -0.0390049 2.02389 
0.978687 0.515455 0.0527117 1.87103 
0.904909 0.515902 -0.0605115 1.72993 
0.998433 0.497563 0.06962 1.90821 
1.07464 0.376599 0.0148329 2.04877 
1.07409 0.372283 0.0104638 2.04586 
1.07413 0.372458 0.0186733 2.04728 
1.071 0.377575 0.0180788 2.04142 
1.073 0.371952 0.0233046 2.04473 
1.07332 0.375649 0.0211236 2.04666 
0.720387 0.595641 0.129878 1.4191 
1.04242 0.439577 0.00473509 1.98769 
1.10489 0.244183 0.0231833 2.09742 
1.10489 0.239286 0.056943 2.09642 
1.10973 0.196771 0.0349912 2.10516 
1.10754 0.244439 0.0464718 2.10482 
0.963606 0.328802 -0.0497584 1.79758 
0.948007 0.38523 -0.0546559 1.77767 
0.967854 0.362778 -0.0137277 1.81703 
0.967392 0.377829 -0.0388161 1.82129 
1.04198 0.445596 -0.058847 1.99345 
1.06596 0.394888 0.128231 2.03621 
0.948582 0.440798 -0.0848832 1.79367 
0.930602 0.456442 -0.0358606 1.76309 
0.926389 0.459813 -0.0508721 1.75518 
0.92274 0.478526 -0.0438296 1.75329 
0.925933 0.456785 -0.040696 1.75222 
0.970562 0.21827 -0.16265 1.81975 
0.922506 0.476472 0.0164947 1.75731 
0.933201 0.460501 0.072504 1.78012 
0.950096 0.426704 0.0332959 1.80098 
0.933008 0.434888 0.0408761 1.76411 
1.06808 0.145677 0.133464 2.02574 
1.06815 0.150769 0.120452 2.02527 
1.06597 0.138028 0.116079 2.02021 
1.06761 0.145611 0.122788 2.02393 
0.898321 0.504163 -0.0816324 1.71106 
1.11751 0.0982455 -0.0344824 2.12552 
1.1117 0.167477 -0.0419012 2.11666 
1.11369 0.148795 0.00416592 2.11311 
1.11312 0.156425 -0.00597362 2.11709 
1.01066 0.452871 0.185774 1.93335 
0.754074 0.449021 0.355804 1.47522 
0.79194 0.377696 0.408503 1.5403 
0.830429 0.433766 0.384837 1.62728 
0.808355 0.429378 0.389503 1.59337 
1.00225 0.494793 0.0629021 1.91552 
0.949476 0.365996 -0.169013 1.80403 
1.06755 0.390224 0.0036879 2.03378 
1.0081 0.480707 -0.00458101 1.93235 
1.00793 0.423854 -0.12001 1.93095 
0.897224 0.507839 -0.0560712 1.70855 
1.01736 0.468269 0.0472319 1.93862 
1.05638 0.399648 0.0460708 2.00738 
0.996925 0.499793 0.0697939 1.90577 
1.13528 -0.00420998 0.0152775 2.15792 
1.1344 0.053923 -0.0362465 2.15535 
1.1316 0.0669467 0.0347647 2.14453 
1.13343 0.0716453 0.0197843 2.15145 
1.02636 0.463912 0.161655 1.98331 
0.923135 0.555199 0.00763977 1.77097 
0.885156 0.533256 0.186957 1.71327 
0.904711 0.513157 0.172109 1.74242 
0.890434 0.521803 0.16659 1.71338 
0.890753 0.51867 0.17194 1.71406 
1.09815 0.332951 0.0588136 2.09428 
1.10414 0.290893 0.0644571 2.10122 
1.10332 0.29117 0.039894 2.0999 
1.10199 0.290097 0.0461125 2.09469 
1.08028 0.258203 0.143397 2.05527 
1.08462 0.27427 0.13469 2.06382 
1.0798 0.284564 0.138244 2.05522 
1.0826 0.277729 0.143919 2.06139 
0.986911 0.467177 0.029277 1.87657 
0.888032 0.493367 -0.0716214 1.68672 
1.00667 0.485332 0.0728304 1.92206 
0.799552 0.611192 0.14794 1.56899 
1.00076 0.494607 0.0684377 1.91219 
1.00052 0.494738 0.0693958 1.91173 
0.999863 0.494463 0.0675189 1.91064 
1.00362 0.495845 0.0597885 1.91937 
0.946869 0.430361 0.192493 1.80378 
0.963273 0.393948 0.179547 1.82579 
0.953461 0.426259 0.159693 1.81102 
0.953096 0.408316 0.182785 1.80726 
1.05305 0.431093 0.138333 2.01892 
1.09313 0.288568 -0.0137444 2.0858 
1.0935 0.321631 0.0122779 2.0848 
1.09965 0.288311 0.0130922 2.09404 
1.09585 0.29595 -0.00802541 2.08669 
1.04838 0.167861 0.132051 1.98453 
1.00008 0.495144 0.0708794 1.91101 
1.11797 0.0834519 0.0224289 2.12342 
1.11558 0.147643 0.0471262 2.11788 
1.11711 0.0837485 0.0799785 2.11976 
1.11731 0.0836723 0.0264418 2.11889 
1.05889 0.40801 0.0155936 2.01738 
1.00214 0.490863 0.0720049 1.91387 
1.10882 0.260747 -0.0461215 2.10574 
1.10524 0.273655 -0.058457 2.09994 
1.10348 0.282219 -0.0440032 2.09626 
1.10594 0.27565 -0.0437856 2.10141 
1.10261 0.260252 -0.114443 2.10185 
1.0993 0.273958 -0.115913 2.09629 
1.10151 0.272258 -0.105514 2.09708 
1.1002 0.271433 -0.109419 2.09728 
1.01994 0.463614 0.0615287 1.94333 
0.999205 0.496177 0.0687328 1.90928 
0.997333 0.498539 0.0695399 1.90609 
0.904466 0.499478 0.178607 1.73593 
0.885564 0.523774 0.190655 1.70978 
0.903435 0.507909 0.196309 1.74219 
0.902296 0.517146 0.191554 1.74364 
0.962267 0.350042 -0.112557 1.81966 
0.901552 0.583139 0.0865852 1.74295 
0.954518 0.309403 -0.151033 1.7982 
1.08548 0.349182 0.00736618 2.06695 
1.08193 0.357782 0.00387223 2.06047 
1.08245 0.357929 0.014306 2.06231 
1.08317 0.350716 0.00825455 2.06158 
1.11473 0.2151 0.0794202 2.11502 
1.10616 0.249646 0.105292 2.10187 
1.11041 0.20551 0.132823 2.10826 
1.11155 0.245096 0.107697 2.11506 
1.06347 0.404287 0.0215102 2.02863 
1.00103 0.493977 0.069159 1.91257 
1.09283 0.308142 -0.118446 2.08608 
1.07342 0.371205 0.0521877 2.04681 
1.08025 0.352259 0.0469223 2.05733 
1.07647 0.364227 0.0376444 2.0513 
1.07692 0.362482 0.0519133 2.05261 
0.923983 0.544742 -0.0357159 1.77374 
1.08814 0.354645 0.0916412 2.07579 
1.08753 0.35619 0.0718454 2.07361 
1.06777 0.150123 0.1167 2.02441 
1.06583 0.135752 0.102956 2.01923 
1.06591 0.137377 0.109487 2.0197 
1.06628 0.137485 0.109516 2.02043 
1.00087 0.488624 0.0384825 1.91546 
1.06946 0.368946 0.16527 2.04435 
0.892953 0.520109 0.211533 1.71023 
1.04714 0.422924 -0.00281948 1.99271 
0.977315 0.344535 0.17971 1.84292 
0.986433 0.304862 0.207353 1.86364 
0.986067 0.328912 0.145687 1.8538 
0.983013 0.306854 0.168019 1.84351 
0.990532 0.24443 0.349099 1.89951 
1.01274 0.187893 0.34705 1.93811 
1.01328 0.223242 0.299797 1.93507 
1.00768 0.222696 0.352204 1.93762 
1.0313 0.439553 0.0750326 1.9619 
1.00323 0.490727 0.0672481 1.91609 
1.06421 0.392425 -0.064037 2.02863 
0.714673 0.428706 0.428792 1.41812 
0.832791 0.306553 0.493524 1.6329 
0.89503 0.376582 0.431548 1.74597 
0.853443 0.388651 0.473942 1.7058 
1.10535 0.27883 -0.00902883 2.09931 
1.10918 0.264878 -0.0280631 2.10682 
1.10355 0.285239 -0.0281102 2.09651 
1.10594 0.272779 -0.0290448 2.09997 
1.00016 0.495488 0.0684858 1.91126 
0.901074 0.568267 0.200456 1.75366 
1.06704 0.386203 -0.00167861 2.03076 
0.920601 0.481138 -0.00706812 1.75122 
0.929169 0.457986 -0.0192179 1.7603 
0.921299 0.478899 -0.034665 1.74985 
0.924588 0.473263 -0.0271305 1.75626 
1.06627 0.372725 0.0796468 2.02486 
0.960446 0.531655 0.0862461 1.84016 
1.08547 0.351713 0.0611695 2.06619 
1.0533 0.429212 0.132869 2.01809 
0.776636 0.597612 0.188271 1.52864 
0.806231 0.592394 0.202458 1.58488 
1.05215 0.417815 0.0126531 2.00298 
1.07789 0.361395 0.0360695 2.05378 
1.08173 0.351758 0.043457 2.06057 
1.08051 0.35826 0.028332 2.0586 
1.07976 0.354574 0.0318189 2.05598 
1.09783 0.216689 0.202942 2.09007 
1.07508 0.286422 0.220805 2.05135 
1.07523 0.25183 0.273812 2.05833 
1.08341 0.275667 0.229089 2.07226 
1.07099 0.144164 0.160024 2.03202 
1.07251 0.126047 0.190368 2.03607 
1.07716 0.144135 0.170486 2.04428 
1.07354 0.145854 0.172568 2.03794 
1.05888 0.407643 0.0181685 2.01723 
1.03599 0.444774 0.146265 1.98376 
0.999454 0.495699 0.074246 1.91004 
1.027 0.176856 0.344353 1.97093 
1.04272 0.181618 0.27691 1.99212 
1.02544 0.209901 0.300365 1.96293 
1.03279 0.175897 0.293092 1.97049 
0.914499 0.520224 -0.049378 1.74951 
1.0324 0.452313 -0.0676869 1.9741 
1.07107 0.382263 0.0216711 2.04348 
1.07156 0.373996 0.0262832 2.04195 
1.07295 0.375879 0.0258577 2.04608 
1.07182 0.376773 0.0259636 2.04354 
1.08895 0.331648 -0.0728604 2.07361 
1.08675 0.345683 -0.0131031 2.06884 
1.08847 0.339587 8.43212e-05 2.07147 
1.09148 0.328894 -0.00818652 2.07604 
1.08881 0.332592 -0.0104771 2.07032 
1.1048 0.188573 0.102201 2.09641 
1.10374 0.237106 0.0928345 2.09591 
1.09895 0.221635 0.117215 2.08644 
1.10196 0.225543 0.0930052 2.09317 
0.901676 0.550156 0.214609 1.74694 
1.06293 0.144858 0.0958259 2.01281 
1.0628 0.129794 0.0926248 2.01172 
1.06412 0.136669 0.0949541 2.01501 
1.06348 0.136238 0.0974811 2.01362 
0.995114 0.498069 0.0955479 1.90296 
0.999318 0.496129 0.0686898 1.90953 
0.998418 0.493847 0.0652193 1.90682 
1.07235 0.37248 0.0271917 2.04345 
1.07258 0.373142 0.0283879 2.04427 
1.07337 0.373747 0.0283699 2.04648 
1.07291 0.372861 0.0283893 2.04503 
1.06435 0.380049 -0.144366 2.03853 
1.05778 0.383039 0.178365 2.02678 
1.05285 0.253403 0.165664 2.004 
1.10649 0.24239 0.0764902 2.10319 
1.10816 0.192472 0.0869875 2.10473 
1.11161 0.199715 0.0624046 2.11176 
1.10895 0.193098 0.0762768 2.10411 
1.07973 0.365071 -0.0991047 2.06342 
1.00109 0.490192 0.0797586 1.91166 
1.00114 0.494082 0.0686329 1.91284 
0.864214 0.41303 0.406946 1.70075 
0.824557 0.361697 0.438323 1.61837 
0.883747 0.363102 0.434251 1.73333 
0.85963 0.378378 0.42138 1.68093 
1.00044 0.495118 0.0686151 1.91168 
0.999664 0.495503 0.0730817 1.91035 
0.999967 0.495038 0.0704568 1.91065 
1.05732 0.408724 0.0232359 2.01922 
1.0548 0.398336 -0.146037 2.02039 
1.07618 0.12459 0.198409 2.04336 
1.08777 0.110526 0.180218 2.06351 
1.08066 0.142406 0.171928 2.05068 
1.08089 0.117795 0.193533 2.05246 
0.583168 0.60563 0.0196578 1.18676 
0.563345 0.600465 0.0553602 1.1533 
0.635011 0.618014 0.0384053 1.27665 
0.617847 0.614367 0.0337158 1.25147 
1.00101 0.494177 0.0529285 1.91544 
1.03674 0.456112 -0.0204932 1.98215 
1.07182 0.381012 -0.00249876 2.05067 
1.06262 0.398076 0.015693 2.02567 
1.02063 0.467199 0.0500779 1.94615 
1.00057 0.494623 0.0691552 1.91178 
1.05918 0.407803 0.0196972 2.02004 
0.93553 0.369014 -0.184003 1.77378 
1.07165 0.360345 0.149418 2.04362 
0.910733 0.472057 0.0750904 1.73336 
0.906272 0.487386 0.0262017 1.72572 
0.885714 0.508267 0.0489989 1.69446 
0.906001 0.497206 0.0480796 1.73468 
0.995684 0.499784 0.0737046 1.90311 
1.07836 0.364939 0.100691 2.05471 
0.767576 0.547231 -0.185408 1.49324 
1.07268 0.358996 -0.136014 2.05134 
0.99266 0.505872 0.0915358 1.90069 
0.976042 0.296522 0.193454 1.84476 
1.00025 0.495382 0.0685971 1.91139 
1.05854 0.404889 0.00909636 2.01527 
1.08593 0.339181 0.0579731 2.06841 
1.08532 0.333751 0.0833686 2.06764 
1.09198 0.321779 0.0660561 2.07939 
1.08788 0.332291 0.0753187 2.07256 
1.06816 0.386998 0.0175217 2.03606 
1.06032 0.137969 0.10022 2.00718 
1.06154 0.1493 0.0998843 2.01 
1.05905 0.151292 0.105109 2.00508 
1.06031 0.148151 0.105419 2.00808 
0.963696 0.351611 -0.0942912 1.81602 
1.02504 0.254551 0.216121 1.95706 
1.02306 0.234363 0.256471 1.95422 
1.03291 0.221835 0.22017 1.96843 
1.02746 0.234949 0.21553 1.95658 
1.0158 0.471647 0.106456 1.94073 
1.07635 0.363994 0.0974141 2.04871 
0.999297 0.496086 0.0689403 1.90947 
0.998268 0.491504 0.0651266 1.90753 
1.0937 0.303279 -0.103634 2.08178 
0.999837 0.495151 0.0711279 1.91044 
0.995916 0.48681 0.0596943 1.90096 
1.00107 0.495102 0.0635623 1.91298 
1.01401 0.254212 0.251313 1.93517 
1.01907 0.286694 0.203574 1.94832 
0.99747 0.303273 0.249141 1.90959 
1.0091 0.282105 0.250932 1.93347 
1.00038 0.495526 0.0680751 1.91178 
1.03228 0.451515 -0.127609 1.98364 
1.05528 0.411321 0.0242043 2.00833 
1.0424 0.426889 0.153325 2.00486 
1.06431 0.366276 0.178718 2.03982 
1.07394 0.359783 0.132639 2.0536 
1.0622 0.360335 0.145854 2.02632 
1.05574 0.153595 0.216239 2.00548 
1.06529 0.131038 0.204847 2.02227 
1.06106 0.147493 0.184882 2.01387 
1.06068 0.14819 0.214837 2.01716 
0.998963 0.496798 0.069212 1.90905 
1.00074 0.494476 0.0691796 1.91212 
1.00368 0.494108 0.060771 1.91847 
1.0028 0.491416 0.0648034 1.91525 
1.06556 0.381313 0.0414608 2.0242 
1.02721 0.462962 -0.109553 1.97462 
1.05021 0.419278 0.0290097 1.99875 
0.992798 0.469833 0.0451201 1.89193 
1.04493 0.423783 0.045125 1.98764 
0.997267 0.489099 0.0639949 1.90385 
0.972309 0.374997 -0.0446413 1.84184 
1.03989 0.438948 0.0664858 1.98211 
0.903281 0.524934 -0.0510005 1.72672 
1.13093 0.109077 -0.0219281 2.1472 
1.12722 0.164624 -0.00712946 2.13878 
1.13073 0.130702 0.0350635 2.14488 
1.12977 0.110358 -0.0150526 2.14126 
1.04709 0.41845 0.0577328 1.99143 
1.06123 0.293943 0.17358 2.02342 
1.08497 0.349149 0.121981 2.06967 
1.08471 0.346345 0.101602 2.06633 
1.10961 0.226245 -0.110936 2.11348 
1.10589 0.244429 -0.112661 2.10715 
1.1085 0.239278 -0.0978652 2.10758 
1.10706 0.241657 -0.10423 2.10868 
1.04855 0.413004 -0.14557 2.01021 
1.03085 0.44623 0.0879862 1.96449 
1.00155 0.494112 0.066704 1.91371 
1.06837 0.394749 -0.0730145 2.04117 
1.06423 0.378219 0.0787886 2.02148 
0.812562 0.486819 -0.223985 1.56023 
0.987476 0.512621 0.0654097 1.89003 
1.08208 0.353619 0.0245074 2.06095 
1.08425 0.341593 0.0379302 2.06345 
1.08621 0.343575 0.0281145 2.06838 
1.08429 0.349821 0.0321994 2.0656 
1.06457 0.39002 0.0238836 2.02999 
0.87805 0.538145 0.24934 1.71639 
0.843192 0.564917 0.238385 1.65581 
0.855797 0.534724 0.257564 1.67204 
0.856952 0.546373 0.252546 1.67701 
1.10089 0.2885 0.0719907 2.09222 
1.09616 0.329523 0.0668178 2.08807 
1.09397 0.326389 0.0852092 2.08284 
1.09693 0.329185 0.0762204 2.0908 
1.06514 0.392435 0.0128183 2.03007 
1.08182 0.362064 0.0630672 2.05977 
0.964755 0.29839 -0.0890105 1.81583 
1.07651 0.210683 0.142132 2.0456 
1.07113 0.175592 0.128032 2.03263 
1.07547 0.185753 0.143996 2.04231 
1.07446 0.187121 0.142542 2.03971 
1.03599 0.432271 -0.162834 1.99108 
0.984087 0.500463 0.142705 1.8852 
0.914706 0.569087 -0.00291951 1.7625 
1.06026 0.408109 0.0158341 2.02837 
1.05327 0.410686 -0.140587 2.02029 
1.00007 0.495847 0.0753375 1.91166 
1.06736 0.386033 0.0202784 2.03545 
0.999161 0.49628 0.0680043 1.90919 
1.0465 0.259188 0.167726 1.98924 
1.08858 0.329944 0.104152 2.07693 
1.09806 0.304671 0.102461 2.09373 
1.09519 0.316674 0.0795322 2.08713 
1.09421 0.30831 0.0889448 2.08355 
0.915971 0.509812 -0.0454141 1.74909 
0.919417 0.508349 -0.045936 1.75623 
1.05713 0.384717 0.102287 2.00786 
0.99952 0.494856 0.0680908 1.90958 
1.04159 0.417192 0.0666455 1.97778 
1.05839 0.409879 0.0211458 2.01995 
1.11373 0.144269 0.054872 2.11194 
1.11009 0.144329 0.0916254 2.10527 
1.11418 0.0894438 0.078784 2.11202 
1.11345 0.1484 0.079959 2.11389 
1.00075 0.49422 0.0699098 1.91206 
1.05458 0.403485 0.159722 2.01614 
0.963063 0.330191 0.448179 1.89137 
0.935442 0.252454 0.516367 1.85838 
1.01504 0.210944 0.442985 1.97734 
0.969226 0.249735 0.441259 1.87539 
0.738455 0.596765 0.0626612 1.44289 
1.02602 0.466198 0.0250875 1.95852 
0.857202 0.605505 0.0348631 1.66589 
0.80046 0.614796 0.13018 1.57134 
1.00061 0.494379 0.0710019 1.91188 
1.00087 0.494559 0.06858 1.91244 
1.03937 0.435781 0.0482348 1.97874 
0.951943 0.348099 0.195731 1.80368 
0.89162 0.585094 0.0339041 1.72143 
1.05772 0.408634 -0.0371627 2.01578 
1.06671 0.389685 -0.0425399 2.03241 
1.06854 0.376624 0.0264375 2.03528 
1.06936 0.383654 0.0221434 2.03969 
0.927032 0.572042 0.114986 1.79407 
0.998591 0.496978 0.0721741 1.90847 
0.785474 0.548878 0.266503 1.54895 
0.743908 0.535527 0.260381 1.46564 
0.791816 0.525801 0.292174 1.55886 
0.769335 0.53848 0.277578 1.517 
1.00139 0.493616 0.0673302 1.91311 
0.849457 0.599496 0.157351 1.65614 
1.0723 0.379287 0.015837 2.04382 
1.07437 0.377744 0.016764 2.0485 
1.10026 0.11279 0.285037 2.10604 
1.07406 0.210828 0.32613 2.06527 
1.06768 0.163651 0.365043 2.05866 
1.0813 0.185729 0.317555 2.0789 
1.06437 0.399296 -0.0195098 2.02813 
1.06751 0.38037 0.0433758 2.02887 
1.09157 -0.031738 0.213545 2.08156 
1.09332 0.0611727 0.199681 2.07749 
1.07583 0.0280211 0.274714 2.05376 
1.08877 -0.0172299 0.233953 2.07555 
1.0862 0.286263 0.135962 2.06683 
1.08644 0.33234 0.143051 2.07273 
1.08063 0.293445 0.137467 2.05638 
1.08367 0.292306 0.132888 2.06142 
0.747948 0.597519 0.143127 1.47588 
1.04545 0.422428 -0.138036 2.00537 
1.0856 0.346992 -0.0735917 2.06924 
1.01299 0.418098 0.259849 1.95544 
1.04886 0.355857 0.216892 2.00612 
1.01944 0.426673 0.191678 1.95633 
1.03159 0.417662 0.216729 1.98846 
0.936679 0.438586 -0.0368792 1.77078 
0.942305 0.410179 -0.059019 1.77364 
0.929874 0.448121 -0.0540064 1.75968 
0.936516 0.444775 -0.0520151 1.77374 
1.0569 0.415383 -0.0835905 2.02151 
1.00074 0.495059 0.0687319 1.91237 
0.983183 0.501851 0.0170993 1.87726 
1.05286 0.162543 0.219014 2.00292 
1.05814 0.153632 0.187115 2.00978 
1.05402 0.167056 0.181378 2.00267 
1.05528 0.166133 0.184963 2.00411 
0.901157 0.48725 -0.0715228 1.71347 
1.04222 0.228053 0.164624 1.98451 
1.03473 0.25235 0.18601 1.97523 
1.03748 0.221002 0.191429 1.97462 
1.03603 0.231174 0.18972 1.9738 
0.925784 0.345204 -0.190413 1.74662 
0.904718 0.516041 0.235841 1.75932 
0.924433 0.469236 0.213317 1.77414 
0.911975 0.510399 0.211554 1.76665 
0.915809 0.507487 0.230937 1.77888 
1.08614 0.339224 0.0126405 2.06573 
1.08257 0.349485 0.0212636 2.06017 
1.0864 0.339261 0.0240793 2.06686 
1.08556 0.347028 0.019007 2.06693 
1.07218 0.374368 -0.0877413 2.04534 
1.05562 0.180832 0.126159 2.0037 
1.05003 0.204185 0.142127 1.99585 
1.05264 0.182969 0.149151 1.99868 
1.05221 0.184589 0.146715 1.99823 
1.1324 0.0293331 0.0942464 2.15246 
1.13109 0.0997235 0.0943971 2.14748 
1.12446 0.0801853 0.18193 2.14226 
1.13003 0.0280718 0.110313 2.14519 
0.942582 0.431605 0.0989694 1.78912 
0.985739 0.408378 0.11831 1.87311 
0.962335 0.382364 0.0455073 1.8137 
0.96649 0.418212 0.0993722 1.84084 
1.00544 0.487016 0.0659249 1.91947 
1.00042 0.494713 0.0703063 1.91154 
1.09096 0.330217 -0.034034 2.07564 
1.08685 0.342584 -0.0221845 2.06834 
1.09212 0.323259 -0.0203112 2.07627 
1.09063 0.334899 -0.020164 2.07573 
0.99988 0.495187 0.0697106 1.91046 
1.08251 0.334474 -0.130111 2.06835 
1.00038 0.494061 0.0716711 1.91123 
1.04492 0.435576 0.139697 2.00097 
1.0015 0.493362 0.0681419 1.91331 
0.88336 0.537854 0.221141 1.70798 
0.891136 0.53312 0.208078 1.7144 
0.912462 0.498939 -0.08987 1.74122 
1.00001 0.495044 0.0699556 1.91071 
1.06192 0.404968 0.0116278 2.03166 
1.05044 0.410738 0.0551967 1.99673 
1.05887 0.409383 0.0198859 2.01941 
1.09464 0.215461 0.141108 2.08033 
1.08947 0.206099 0.1537 2.07017 
1.09325 0.186018 0.152423 2.07623 
1.09182 0.203608 0.14057 2.07364 
1.04462 0.425052 -0.134518 2.00297 
0.926598 0.515559 -0.0513535 1.76942 
1.03201 0.450618 -0.0714292 1.97393 
1.00011 0.494946 0.0730931 1.91113 
0.995091 0.502194 0.0788009 1.90334 
0.81692 0.611451 0.045009 1.59181 
1.05928 0.409123 0.0190302 2.02032 
0.984976 0.433143 0.16503 1.88985 
0.941653 0.467414 0.139529 1.80717 
0.947202 0.489075 0.200624 1.83212 
0.951714 0.453595 0.15998 1.81889 
1.00067 0.495248 0.0667024 1.9122 
0.828614 0.536309 0.34141 1.65351 
0.778811 0.483292 0.387677 1.55827 
0.898707 0.443121 0.411136 1.77718 
0.816558 0.482421 0.381488 1.6087 
1.07078 0.368389 -0.0790178 2.0385 
1.07088 0.374609 -0.0223479 2.03698 
1.06264 0.391207 0.0292322 2.02027 
0.886664 0.471656 0.272327 1.70797 
0.884443 0.518818 0.256117 1.72212 
0.861922 0.516466 0.268314 1.67707 
0.884793 0.509196 0.265574 1.72221 
0.933877 0.423065 -0.0749553 1.7599 
0.923362 0.443603 -0.0802021 1.74458 
0.927743 0.455066 -0.06662 1.75875 
0.92944 0.435121 -0.0698668 1.75428 
1.05772 0.422671 0.136703 2.02689 
1.08842 0.358786 0.0473791 2.07551 
1.10094 0.284351 -0.0960326 2.09547 
1.09794 0.293627 -0.0993466 2.09023 
1.09934 0.292122 -0.0882127 2.09176 
1.09944 0.293446 -0.0926689 2.0934 
0.999505 0.495643 0.0699743 1.90982 
1.00012 0.494856 0.0718225 1.91103 
1.0819 0.200198 0.144169 2.05443 
1.07755 0.209574 0.137623 2.04584 
1.07697 0.184658 0.140622 2.04356 
1.07943 0.200813 0.144788 2.0501 
0.862946 0.424702 -0.241367 1.64447 
1.0961 0.301622 -0.0832475 2.08516 
1.09486 0.304651 -0.0931057 2.08404 
0.768235 0.583086 0.00812754 1.48753 
0.934193 0.502106 0.24026 1.79805 
1.06288 0.142355 0.163283 2.01703 
1.0665 0.140554 0.147421 2.02325 
1.06254 0.142745 0.140998 2.01516 
1.06399 0.146886 0.148626 2.01839 
0.999803 0.495538 0.0703878 1.9105 
1.05705 0.394903 0.108211 2.01187 
1.11091 0.253728 -0.0303243 2.10913 
1.1065 0.266839 -0.00914515 2.09983 
1.11101 0.251855 -0.0068497 2.1085 
1.11002 0.258689 -0.00668518 2.10721 
0.836965 0.534112 0.179471 1.60516 
0.8307 0.53491 0.192789 1.59514 
0.845838 0.542831 0.189996 1.63219 
0.841349 0.536669 0.185866 1.61746 
0.864397 0.521956 -0.058337 1.64902 
1.00107 0.494264 0.0677856 1.9127 
1.00482 0.492058 0.0623372 1.92025 
1.06132 0.401692 0.0335748 2.02048 
0.921006 0.391565 -0.178371 1.74629 
1.05255 0.398371 0.115748 2.00276 
0.923189 0.470745 0.169824 1.76211 
0.9365 0.440599 0.191405 1.78354 
0.940541 0.433507 0.154806 1.78272 
0.93556 0.46325 0.171249 1.78753 
1.0008 0.49403 0.0693645 1.91205 
1.04112 0.464259 0.119531 2.01222 
1.05978 0.403858 0.0215252 2.01835 
1.0766 0.35723 0.0747068 2.04562 
1.0034 0.490154 0.072147 1.91655 
1.04167 0.430774 0.0145731 1.98198 
1.10226 0.187942 0.113046 2.0933 
1.09655 0.214183 0.119666 2.08267 
1.09602 0.185138 0.13828 2.08142 
1.09936 0.186125 0.13092 2.08718 
0.999705 0.495347 0.069691 1.91013 
1.08842 0.0704252 0.210562 2.06884 
1.07512 0.0992882 0.224078 2.04371 
1.07635 0.0448392 0.257412 2.04947 
1.07993 0.0899315 0.224104 2.05199 
0.999395 0.49605 0.0682455 1.90964 
1.0022 0.491513 0.0693369 1.91414 
0.70445 0.560475 0.198533 1.38883 
0.70428 0.548128 0.228427 1.38794 
0.738895 0.573115 0.215263 1.46149 
0.726406 0.560233 0.212338 1.43478 
1.04613 0.427114 -0.0674694 1.99761 
1.06294 0.125682 0.0933724 2.01169 
1.06393 0.123545 0.091277 2.01376 
1.06428 0.131456 0.09574 2.01513 
1.06379 0.125682 0.0909876 2.01361 
0.987387 0.509834 0.0475435 1.88836 
0.88068 0.590682 0.171351 1.71819 
1.05125 0.391179 0.0998374 1.99534 
1.0579 0.411922 0.0173228 2.02396 
0.999011 0.496756 0.0703741 1.90923 
0.973096 0.418438 -0.0493415 1.83839 
1.10357 0.257506 -0.106383 2.10282 
1.10353 0.271497 -0.0953544 2.10098 
1.10718 0.257083 -0.0902247 2.10684 
1.10491 0.257628 -0.101756 2.10232 
0.975029 0.399353 -0.0504491 1.84378 
0.963527 0.28943 -0.14929 1.81479 
0.972464 0.34364 0.185828 1.83192 
0.9624 0.346555 0.221838 1.81809 
0.977146 0.308412 0.212189 1.84283 
0.973061 0.340955 0.217633 1.84108 
1.0023 0.49322 0.0658325 1.91499 
0.999923 0.495311 0.0699239 1.91064 
1.07907 0.356266 -0.0471974 2.05348 
1.04391 0.200343 0.204548 1.98735 
1.04822 0.182283 0.218192 1.99452 
1.05088 0.183258 0.178982 1.99711 
1.04795 0.17904 0.205421 1.99359 
0.944509 0.378446 0.263552 1.80014 
0.917399 0.417043 0.288738 1.76207 
0.931472 0.371367 0.312389 1.79146 
0.933098 0.379432 0.29764 1.78595 
1.06014 0.404822 0.0160389 2.02051 
1.08079 0.364394 -0.0274411 2.0595 
0.733921 0.546696 0.249138 1.4509 
0.775292 0.560623 0.256713 1.53387 
0.760642 0.570079 0.233085 1.50705 
0.754314 0.563016 0.242465 1.4919 
0.999291 0.496072 0.0713341 1.90962 
0.895158 0.544997 -0.0434033 1.7191 
0.999557 0.495803 0.06926 1.90997 
0.998358 0.448475 0.161072 1.89701 
0.999072 0.487483 0.0470851 1.91109 
1.0583 0.406787 0.0193791 2.01507 
0.951825 0.350246 -0.132466 1.7937 
0.998688 0.497 0.0695114 1.90852 
1.0741 0.373973 0.00227761 2.05387 
1.00187 0.492769 0.0692026 1.91397 
1.05923 0.411519 0.0199192 2.02214 
1.08574 0.0285775 0.343764 2.09803 
1.10481 0.0959038 0.282633 2.11932 
1.06803 0.139072 0.381169 2.06857 
1.09022 0.0498503 0.328012 2.09433 
1.07916 0.363096 -0.0047913 2.0549 
1.07918 0.359707 -0.0152555 2.05402 
1.06628 0.38834 0.0984271 2.03168 
1.10156 0.0370305 0.173757 2.09222 
1.10412 -0.0649415 0.171103 2.10742 
1.11307 0.0379306 0.125645 2.11383 
1.10957 0.0371036 0.132871 2.10703 
1.06972 0.377581 0.0071426 2.0359 
1.0019 0.492158 0.0707374 1.91385 
0.999335 0.493291 0.0664023 1.90968 
1.04505 0.404596 0.174758 2.00192 
0.998864 0.496668 0.0686548 1.90872 
1.05409 0.400819 -0.155142 2.02196 
1.00057 0.494408 0.0701181 1.91174 
1.03647 0.435959 -0.152235 1.99138 
1.08184 0.342788 -0.000174426 2.06634 
1.07417 0.37536 -0.0176954 2.04568 
1.04626 0.171973 0.133016 1.97979 
0.999877 0.455148 -0.0488157 1.91411 
0.836859 0.545796 -0.0383627 1.60373 
1.05685 0.400149 0.0604575 2.00931 
1.04126 0.443389 -0.12212 2.00111 
0.970757 0.27705 -0.117335 1.82873 
1.08164 0.347934 0.0635629 2.06054 
1.07235 0.370433 0.0745519 2.04557 
1.07856 0.352569 0.0942499 2.05735 
1.07749 0.355596 0.068396 2.0531 
1.05395 0.405377 -0.11138 2.01387 
1.04071 0.418916 -0.168151 1.99812 
1.00893 0.489805 0.0432564 1.92862 
0.824872 0.571264 0.23606 1.62279 
0.810786 0.557877 0.254502 1.5959 
0.840221 0.542661 0.260222 1.64584 
0.821002 0.551368 0.251132 1.60843 
1.05807 0.347167 0.233695 2.0307 
1.02091 0.398452 0.276205 1.9725 
1.05327 0.317174 0.284788 2.02541 
1.04524 0.33763 0.279385 2.00894 
0.995401 0.50475 0.0764796 1.90519 
1.06768 0.393993 0.0265088 2.03445 
1.10676 0.276445 0.0878598 2.10735 
1.11364 0.249635 0.0638865 2.11729 
1.10754 0.275687 0.0542781 2.10629 
1.10907 0.253064 0.065603 2.10628 
1.00015 0.496829 0.0803542 1.91274 
0.999262 0.496277 0.0726803 1.90975 
1.05421 0.415765 -0.07676 2.01359 
0.997764 0.491963 0.0599414 1.90741 
0.865567 0.586891 0.200432 1.69183 
1.00079 0.494408 0.067721 1.91211 
1.09303 0.304466 -0.110062 2.0846 
1.0084 0.47542 0.0968223 1.92372 
1.09477 0.330479 0.0141788 2.0865 
1.09563 0.335366 0.0401326 2.08804 
1.10046 0.293511 0.0179601 2.09292 
1.09833 0.327855 0.0349023 2.09502 
0.910619 0.506592 -0.0414051 1.7382 
0.912957 0.49651 -0.0204925 1.74161 
0.919207 0.490548 -0.0417007 1.75016 
0.915083 0.495518 -0.0320086 1.74304 
0.947124 0.42566 0.214542 1.8076 
0.957004 0.390755 0.229775 1.82184 
0.963349 0.387627 0.202293 1.82854 
0.95705 0.391644 0.206582 1.81591 
1.00245 0.492236 0.0676139 1.91498 
1.00074 0.400182 0.115262 1.90613 
1.00234 0.337948 0.0373767 1.89345 
0.978352 0.377545 0.0305955 1.8505 
0.991126 0.344447 0.0424347 1.86797 
1.05075 0.386714 0.184084 2.01158 
1.0583 0.138504 0.107657 2.00282 
1.05822 0.150402 0.108474 2.00424 
1.04581 0.425581 0.0332363 1.99024 
0.882293 0.556082 -0.0303365 1.69594 
0.794653 0.594396 -0.088364 1.55893 
0.810172 0.57081 -0.122198 1.58029 
0.783349 0.594512 -0.120592 1.54109 
0.797417 0.58477 -0.109281 1.56102 
0.914271 0.515688 -0.0581983 1.74933 
1.00515 0.49254 0.0547476 1.92108 
0.919732 0.358505 -0.233961 1.7474 
1.06558 0.373795 0.116485 2.02668 
1.02655 0.457211 0.0403584 1.95594 
1.02769 -0.0651727 0.370414 1.97586 
1.0907 -0.116073 0.242954 2.0977 
1.06375 -0.0168782 0.299555 2.03127 
1.05285 -0.0501775 0.341282 2.02865 
1.07992 0.355562 -0.0132437 2.066 
0.955225 0.399105 0.080679 1.79415 
0.937556 0.434167 0.0907169 1.76702 
0.951343 0.420882 0.110594 1.7967 
0.950733 0.417571 0.0990559 1.79214 
0.901119 0.479631 -0.0625698 1.70713 
1.01303 0.474483 0.0604197 1.93144 
1.04165 0.431691 -0.146271 2.00133 
1.00011 0.495098 0.0697879 1.91096 
1.05809 0.410971 0.0100134 2.01566 
1.03954 0.17001 0.136878 1.9659 
1.03948 0.39889 0.220549 1.99145 
1.05658 0.399463 0.0851996 2.01013 
0.998393 0.492602 0.0967083 1.90808 
1.05906 0.407309 0.0225847 2.02301 
1.0007 0.493576 0.0728842 1.91186 
1.0494 0.172537 0.112564 1.98596 
1.05485 0.407817 0.0498749 2.0066 
0.933407 0.450071 -0.115649 1.77258 
1.00074 0.494824 0.0682147 1.91222 
0.993433 0.474164 0.0579813 1.89407 
1.07061 0.163443 0.13109 2.03083 
1.07054 0.153686 0.140693 2.03074 
1.07438 0.172243 0.146372 2.03913 
1.0716 0.162631 0.136829 2.03355 
0.926141 0.402092 0.18094 1.7587 
1.06214 0.398367 0.160862 2.03311 
1.05897 0.39716 -0.140708 2.02959 
0.95967 0.484997 0.22981 1.8428 
0.789884 0.563562 0.248477 1.55584 
0.802483 0.577051 0.23191 1.57988 
0.771868 0.578356 0.228137 1.52608 
0.792673 0.5743 0.237546 1.56618 
1.11529 -0.0568233 0.0573541 2.12163 
1.12049 0.0252165 -0.00774715 2.13241 
1.11761 0.0441994 0.0663734 2.12121 
1.11778 0.00872692 0.0860886 2.12486 
1.01581 0.211352 0.171173 1.91933 
1.05064 0.405981 0.0678385 1.99622 
0.708233 0.569098 0.162119 1.39237 
0.73178 0.5855 0.159454 1.4432 
1.08683 0.268419 0.138619 2.06856 
1.08258 0.255827 0.144357 2.06074 
1.08618 0.251015 0.13982 2.06656 
1.08436 0.253583 0.138522 2.06228 
1.07223 0.367007 0.0985261 2.03943 
1.11749 -0.0664625 0.242091 2.14714 
1.13345 -0.0538433 0.111228 2.16174 
1.11917 0.0155514 0.213293 2.13426 
1.12121 0.00806803 0.197088 2.14136 
1.07247 0.375624 0.030791 2.04494 
1.07472 0.36976 0.0309001 2.04855 
1.07386 0.372343 0.0274935 2.0472 
1.07412 0.371412 0.0314841 2.04765 
1.03949 0.447979 0.0317034 1.98361 
1.08489 0.371176 0.0111063 2.07315 
0.999544 0.49456 0.0680497 1.90968 
0.855367 0.572706 -0.022342 1.64845 
1.00079 0.494525 0.0688517 1.91225 
0.938182 0.548399 -0.00235025 1.80118 
0.982126 0.517774 0.0952748 1.88273 
1.06037 0.392009 -0.130877 2.02933 
0.924323 0.568352 0.0410189 1.7802 
1.0794 0.309004 0.161772 2.05609 
1.09539 0.28729 0.118539 2.08453 
1.08349 0.324796 0.116676 2.06434 
1.08727 0.323691 0.139979 2.07682 
1.001 0.493998 0.0689349 1.91248 
1.04524 0.210591 0.168178 1.9889 
1.04317 0.202768 0.196459 1.98621 
1.05016 0.184143 0.174143 1.99628 
1.04635 0.2029 0.169334 1.98942 
0.86875 0.566772 -0.0298185 1.67395 
0.975072 0.525369 0.0808438 1.86932 
0.99978 0.49531 0.0696902 1.91029 
1.05299 0.424582 0.142753 2.01691 
1.0854 0.352447 0.099922 2.06879 
1.00199 0.492844 0.0680786 1.9142 
0.999141 0.496568 0.0677496 1.90927 
0.981246 0.524821 0.064804 1.88207 
1.07806 0.351618 -0.122989 2.05914 
1.05909 0.409191 0.0189891 2.01922 
0.895489 0.496113 0.0107452 1.70579 
0.858662 0.523375 -0.00782806 1.64107 
0.875088 0.516077 0.0278617 1.67469 
0.878282 0.519275 0.0149317 1.68215 
1.05709 0.412914 0.0172159 2.02232 
0.987989 0.271393 0.344887 1.90257 
1.00818 0.251681 0.299616 1.93269 
0.990359 0.298443 0.292327 1.90276 
0.995292 0.271744 0.296701 1.90527 
1.05754 0.410739 0.0215055 2.0205 
1.00428 0.489567 0.0664469 1.91796 
0.961307 0.240914 -0.201569 1.80785 
0.999548 0.494589 0.0686017 1.91001 
1.10092 0.295407 0.00469398 2.09166 
1.09607 0.31198 -0.00223245 2.08322 
1.09624 0.311151 0.0162277 2.08379 
1.09755 0.301074 0.000905701 2.08441 
0.937285 0.446535 -0.0152151 1.77507 
0.92668 0.464585 0.00309013 1.75919 
0.947452 0.411347 0.00704079 1.78573 
0.939065 0.455283 0.00567698 1.78404 
0.998036 0.498195 0.0700497 1.90761 
1.0599 0.406286 0.0235106 2.01905 
1.06387 0.389211 -0.131509 2.0371 
1.06403 0.392682 -0.0933488 2.0321 
0.996715 0.502184 0.0834254 1.9076 
0.92106 0.461607 -0.0536834 1.74366 
0.913976 0.477515 -0.058068 1.73394 
0.918852 0.479744 -0.0474959 1.74473 
0.918719 0.477356 -0.0517712 1.74455 
1.11067 0.223382 -0.100371 2.11456 
1.11072 0.239271 -0.0850886 2.11204 
1.11392 0.219617 -0.0793382 2.1167 
1.11207 0.218881 -0.0924437 2.11298 
1.02551 0.0921738 0.389548 1.9721 
1.00814 0.00297605 0.443926 1.96061 
1.05099 0.0312287 0.346691 2.01571 
1.03236 0.0444455 0.355904 1.97197 
0.930777 0.566949 0.0269328 1.79357 
1.00352 0.488856 0.0723517 1.9162 
0.987491 0.456974 0.25218 1.91122 
1.00063 0.450414 0.190045 1.9226 
0.953301 0.493647 0.224677 1.84285 
0.984342 0.466554 0.232624 1.90282 
1.12077 0.180505 -0.0996179 2.13462 
1.11406 0.206114 -0.107335 2.12173 
1.11643 0.200482 -0.085947 2.12144 
1.11523 0.202581 -0.092326 2.12262 
1.06484 0.385634 0.0742687 2.03221 
1.04535 0.414061 0.115235 2.00003 
1.07118 0.358521 0.103915 2.04229 
1.06168 0.389632 0.115025 2.03086 
0.990522 0.507649 0.0737053 1.89497 
1.00134 0.492308 0.0777693 1.91312 
0.861581 0.521444 -0.107642 1.6513 
0.876993 0.526807 -0.0966658 1.68493 
1.00048 0.494959 0.0682371 1.91169 
1.07326 0.383511 0.0328172 2.04457 
1.00037 0.494453 0.070691 1.91132 
1.06675 0.144153 0.13452 2.02275 
1.06515 0.138975 0.116005 2.01851 
1.06338 0.144371 0.126704 2.01589 
1.06494 0.138377 0.12743 2.0189 
1.00111 0.493507 0.0693027 1.91252 
1.07415 0.371424 -0.119529 2.05477 
1.05964 0.3846 -0.14411 2.02836 
1.06618 0.124623 0.241128 2.0308 
1.05425 0.153307 0.256468 2.01007 
1.05817 0.12346 0.28256 2.02038 
1.05905 0.127911 0.24567 2.0138 
1.00089 0.493923 0.0723225 1.91242 
1.06936 0.373572 -0.123534 2.04393 
0.996044 0.489932 0.0601831 1.9011 
0.999749 0.494672 0.0685166 1.91048 
1.05161 0.151636 0.114925 1.98905 
0.729702 0.580793 -0.137053 1.43685 
0.71832 0.589336 -0.117618 1.41846 
0.751566 0.591161 -0.12809 1.47843 
0.740122 0.588113 -0.130817 1.46173 
0.999674 0.495562 0.0699416 1.91018 
1.06048 0.403193 0.0207891 2.01984 
1.00101 0.494095 0.0683211 1.91251 
1.03913 0.310661 0.341902 2.0091 
1.00021 0.405124 0.327105 1.94391 
0.983997 0.375966 0.390946 1.92377 
1.00618 0.365874 0.334635 1.94686 
1.0699 0.384197 -0.00839942 2.0373 
1.03183 0.446811 0.058955 1.96508 
1.0301 0.475622 -0.0454767 1.97776 
1.00185 0.492092 0.0711916 1.91373 
1.00213 0.490086 0.074692 1.91367 
1.04874 0.272295 0.334073 2.02061 
0.990716 0.319429 0.391002 1.91932 
1.03939 0.214239 0.371898 2.0009 
1.03063 0.268445 0.397139 2.00194 
0.970336 0.488055 -0.0102793 1.84652 
0.999337 0.495985 0.0688087 1.90951 
1.0417 0.442075 -0.0836984 1.99477 
0.72104 0.59574 0.090437 1.41508 
0.920803 0.550623 0.140036 1.76998 
1.06143 0.374462 0.165706 2.0262 
1.09422 0.295807 -0.116443 2.08646 
1.09578 0.284995 -0.118577 2.08982 
0.999562 0.495574 0.0695205 1.90989 
1.06067 0.402321 -0.10694 2.02896 
1.08606 0.360034 0.0267769 2.07112 
1.0561 0.413929 0.0201185 2.01908 
0.566389 0.59693 0.0993999 1.1608 
0.559449 0.584135 0.151516 1.14847 
0.643168 0.613804 0.127421 1.29899 
0.628741 0.606551 0.126132 1.27451 
1.07909 0.363987 -0.0158957 2.05471 
1.07328 0.355967 -0.13079 2.05115 
1.08701 0.329953 0.128102 2.07179 
1.0877 0.28387 0.121109 2.06835 
1.09365 0.308076 0.118735 2.08351 
1.09076 0.308825 0.132248 2.07773 
0.995318 0.500372 0.0668739 1.90208 
0.999338 0.493491 0.0666063 1.90945 
0.929538 0.530651 -0.0263886 1.7747 
1.00089 0.493975 0.0701696 1.9123 
1.11146 0.237816 -0.0787618 2.11112 
1.11291 0.235848 -0.0562201 2.11224 
1.11503 0.216286 -0.0711847 2.11635 
1.1138 0.240007 -0.0679662 2.11687 
1.0625 0.400339 0.0235303 2.0237 
0.865223 0.534911 -0.028449 1.66236 
0.899077 0.517456 -0.00855968 1.72465 
0.881139 0.525644 -0.0462481 1.68839 
0.876666 0.522388 -0.029732 1.67745 
1.05816 0.410593 0.000506142 2.01571 
1.00026 0.494759 0.0701631 1.91119 
1.00984 0.481774 0.0502668 1.92681 
0.999199 0.493541 0.0661895 1.90859 
1.05934 0.404195 0.0249499 2.02257 
0.999562 0.49561 0.0683591 1.90984 
1.09138 0.32546 -0.0748197 2.07823 
0.981298 0.332929 0.189751 1.86691 
0.829764 0.593913 0.190486 1.62084 
0.997482 0.498671 0.0685728 1.90644 
1.06327 0.401968 0.0128811 2.03389 
0.803181 0.598062 0.0184768 1.55929 
0.885172 0.498704 0.126539 1.6815 
0.870754 0.512764 0.139497 1.65893 
0.886378 0.512516 0.143851 1.69462 
0.88377 0.507511 0.136571 1.68451 
1.12325 0.182096 -0.0363257 2.1321 
1.12147 0.175801 -0.0722846 2.13307 
1.11848 0.198897 -0.0619799 2.12429 
1.12174 0.183336 -0.0693334 2.1309 
0.990091 0.510918 0.0646497 1.89523 
0.998564 0.497337 0.0715569 1.90854 
0.935959 0.317125 -0.191845 1.76275 
0.999046 0.496369 0.0690715 1.90903 
1.10021 0.283798 -0.0998256 2.09562 
1.09714 0.283394 -0.111354 2.09213 
1.0971 0.294587 -0.102899 2.09036 
1.09839 0.284782 -0.108252 2.09215 
1.06747 0.388834 0.00629095 2.04238 
1.02486 0.477667 -0.0828008 1.9718 
0.962358 0.510126 0.178455 1.84754 
1.02785 0.451699 0.048448 1.95683 
1.0565 0.413325 -0.000342351 2.01247 
1.0001 0.495094 0.0702201 1.91098 
0.886311 0.548358 0.207558 1.73011 
0.89344 0.535606 0.214222 1.73836 
0.902558 0.534602 0.210433 1.75883 
0.893721 0.539761 0.210508 1.74214 
1.06464 0.376557 -0.137982 2.03711 
0.903111 0.384322 -0.234195 1.71782 
0.992096 0.505836 0.0735442 1.89772 
0.75129 0.600402 0.110962 1.47992 
1.08853 0.316267 -0.114825 2.07703 
1.1061 0.206905 0.203704 2.11026 
1.08465 0.234958 0.276817 2.08062 
1.1079 0.155353 0.240949 2.11773 
1.10125 0.167498 0.244252 2.10148 
1.06907 0.363885 -0.134487 2.04372 
1.06804 0.367612 -0.141152 2.04333 
1.00192 0.396018 0.201895 1.92138 
0.916397 0.507708 -0.0503302 1.74912 
0.996498 0.499697 0.0802701 1.90552 
1.07296 0.377278 -0.0055762 2.04302 
0.925946 0.530204 0.272098 1.82447 
0.999255 0.496084 0.0697929 1.90943 
0.999874 0.494329 0.0633901 1.91169 
1.06287 0.400216 0.00451479 2.02489 
0.832252 0.607815 0.167302 1.63218 
1.06161 0.401171 0.0099425 2.02211 
1.06378 0.404326 0.147021 2.03639 
0.883643 0.47643 0.297649 1.71713 
0.859897 0.516156 0.281755 1.68039 
0.838734 0.500582 0.304642 1.6406 
0.851745 0.49158 0.291497 1.65328 
0.859687 0.507731 0.266061 1.65942 
0.887747 0.502955 -0.0681137 1.69094 
0.899376 0.540186 -0.0384126 1.72504 
1.10725 0.27333 -0.0637529 2.10582 
1.1114 0.261134 -0.0533055 2.11332 
1.1101 0.25951 -0.0736432 2.11163 
1.10932 0.258472 -0.0669757 2.10816 
1.07374 0.367241 -0.108637 2.05003 
1.08165 0.359077 -0.0706972 2.06285 
1.03631 0.454682 0.0186171 1.97866 
1.06455 0.39404 0.00416846 2.03698 
0.832151 0.514832 0.242334 1.59784 
1.05242 0.424275 -0.102711 2.01684 
1.07699 0.347173 -0.134073 2.05888 
0.95708 0.473946 -0.0514729 1.81531 
1.00135 0.493353 0.0684404 1.91295 
0.953794 0.388151 -0.12673 1.80236 
0.967767 0.542726 0.123436 1.86822 
0.900432 0.517648 0.211125 1.72526 
0.901173 0.517153 0.211263 1.72666 
1.00407 0.490307 0.0643294 1.9177 
1.06465 0.131921 0.0938872 2.01587 
1.06436 0.123536 0.0900874 2.01471 
1.06492 0.128265 0.0935854 2.01632 
1.06474 0.128137 0.094252 2.01594 
0.854865 0.607713 0.133433 1.67035 
1.07043 0.176037 0.128402 2.031 
1.07529 0.211574 0.142514 2.04266 
1.07026 0.190854 0.133033 2.0317 
1.07078 0.191935 0.126203 2.03228 
1.07622 0.367981 0.0202415 2.05098 
1.07684 0.363246 0.0279229 2.05144 
1.07885 0.36109 0.0220509 2.05516 
1.07755 0.3658 0.0257533 2.05374 
1.04828 0.409068 -0.162446 2.01191 
0.751025 0.602669 0.07182 1.47264 
0.900844 0.426224 0.316615 1.74119 
0.884378 0.421182 0.364046 1.72712 
0.919767 0.381717 0.346543 1.78192 
0.898995 0.405927 0.333561 1.74011 
0.945693 0.270918 -0.212603 1.77873 
0.780593 0.60418 0.15827 1.53603 
0.875487 0.508558 -0.0674206 1.66681 
0.948921 0.483726 -0.0690523 1.80725 
0.95832 0.387098 0.187338 1.83028 
1.01564 0.480909 0.0155416 1.94157 
1.06451 0.123087 0.0900457 2.01505 
1.06476 0.12437 0.0899304 2.01576 
1.06491 0.127094 0.0936395 2.01632 
1.06466 0.123074 0.0903766 2.01539 
0.722838 0.571605 0.185734 1.42772 
0.751578 0.582047 0.205394 1.48775 
0.748161 0.593303 0.183476 1.48101 
0.735884 0.58476 0.193123 1.45617 
1.0588 0.195429 0.132781 2.00932 
1.05874 0.388522 -0.151519 2.02867 
0.998687 0.497406 0.0684858 1.90865 
1.00084 0.494444 0.0689169 1.91232 
0.959694 0.147178 0.494091 1.87147 
1.06151 0.000708672 0.395573 2.05594 
1.03777 0.133714 0.410403 2.00348 
1.01913 0.117135 0.471852 2.00104 
0.998495 0.496097 0.0856473 1.90892 
1.0564 0.42204 0.137417 2.02364 
1.04914 0.41988 0.0151827 1.9962 
0.999549 0.495611 0.0689735 1.90984 
0.930472 0.492039 -0.0753707 1.76895 
1.06609 0.153559 0.107771 2.02075 
1.06818 0.166755 0.117772 2.02602 
1.0683 0.178482 0.121664 2.02697 
1.06774 0.165346 0.121756 2.02514 
1.054 0.40745 0.037912 2.00398 
1.08719 0.321425 -0.125355 2.07641 
0.86094 0.562198 0.215549 1.67521 
1.00646 0.183708 0.403679 1.94575 
0.982417 0.245927 0.399204 1.90069 
0.968061 0.217914 0.447682 1.88436 
0.98055 0.216803 0.401761 1.88873 
1.08376 0.144779 0.170457 2.05698 
1.09097 0.120597 0.178883 2.07144 
1.09069 0.159796 0.160242 2.07078 
1.08881 0.139616 0.159188 2.06486 
0.877258 0.56118 -0.0270229 1.68776 
1.0611 0.397327 0.0421242 2.01843 
0.83167 0.606283 0.0546319 1.61526 
0.774881 0.481514 0.339306 1.52868 
0.838126 0.459713 0.371 1.65182 
0.81017 0.497557 0.329292 1.59567 
0.795969 0.482439 0.343384 1.56401 
1.06402 0.395742 0.0444691 2.02538 
0.790253 0.56943 -0.0106279 1.5227 
0.836283 0.252425 0.458923 1.61421 
0.931373 0.102593 0.473469 1.79915 
0.922818 0.203563 0.457531 1.78424 
0.900489 0.199641 0.497801 1.76679 
1.06225 0.146725 0.103272 2.013 
1.05958 0.161945 0.112971 2.0093 
1.06092 0.150517 0.118695 2.01101 
1.06064 0.148737 0.115669 2.0103 
1.02771 0.451509 0.0563585 1.95675 
1.06465 0.128577 0.0921597 2.01604 
1.06388 0.135925 0.096474 2.01523 
1.06448 0.132756 0.101658 2.01623 
1.06413 0.129346 0.0983474 2.01521 
1.05073 0.399571 0.113871 1.99846 
0.905393 0.501378 -0.0563941 1.72371 
1.0617 0.39824 0.024712 2.02588 
1.08287 0.330958 -0.122566 2.06722 
1.0045 0.487472 0.0760997 1.91816 
1.03727 0.446204 0.0521381 1.97793 
1.04836 0.410223 0.169841 2.00541 
1.05685 0.14966 0.110542 2.00076 
0.880491 0.535729 0.186494 1.70431 
0.883089 0.526721 0.164673 1.69947 
0.873059 0.538778 0.173695 1.68604 
0.876707 0.532452 0.17602 1.69082 
0.870732 0.59383 0.0425842 1.68387 
1.09295 0.316862 -0.00531693 2.07655 
1.08948 0.329054 0.00407072 2.07111 
1.09323 0.315535 0.0119696 2.07724 
1.09201 0.325314 0.00785661 2.07652 
0.750848 0.591153 0.0283194 1.46108 
1.07025 0.390284 0.0222415 2.03947 
1.01931 0.471238 0.0295642 1.94477 
1.07496 0.3528 -0.1252 2.05195 
0.939426 0.553636 0.110132 1.80831 
1.06755 0.151729 0.1156 2.02376 
1.06584 0.143458 0.107473 2.01972 
1.06581 0.135649 0.103495 2.01906 
1.06606 0.144703 0.104816 2.02017 
0.852529 0.597556 0.0216778 1.65041 
0.999296 0.493294 0.0666165 1.90961 
1.07874 0.350351 0.128215 2.05501 
1.05397 0.424709 -0.0340157 2.01177 
0.858283 0.494948 -0.137865 1.63501 
1.03604 0.444891 -0.00879152 1.97449 
0.999138 0.496352 0.0699992 1.9093 
0.966878 0.255462 -0.155239 1.81651 
1.07222 0.374935 0.0397278 2.03881 
1.06365 0.400828 -0.00512002 2.02658 
1.00147 0.4934 0.0698503 1.91336 
0.990777 0.502437 0.0539053 1.89264 
0.998554 0.283567 0.184243 1.89564 
0.821045 0.615535 0.114949 1.60702 
1.05618 0.412422 0.022806 2.01875 
1.07847 0.342929 -0.126432 2.06027 
1.05379 0.405115 -0.130788 2.01715 
0.999601 0.495872 0.0709305 1.91023 
0.969715 0.236366 -0.165927 1.82178 
0.998563 0.497169 0.0673349 1.90817 
0.999925 0.495254 0.0718016 1.91075 
0.782676 0.55914 -0.179158 1.5306 
0.677424 0.624717 0.0624776 1.35746 
0.620625 0.611849 0.0791337 1.25767 
0.683308 0.619757 0.107757 1.36958 
0.637504 0.61619 0.0839246 1.28377 
0.99977 0.495357 0.0700465 1.91031 
1.0917 0.323404 -0.0494733 2.07632 
1.09233 0.324291 -0.0541369 2.07865 
0.999245 0.493474 0.0669711 1.90924 
1.057 0.414241 0.0191045 2.02143 
1.08029 0.359408 0.0141019 2.05732 
1.08021 0.358946 0.00527583 2.0565 
1.07766 0.365303 0.00917026 2.0524 
1.07925 0.364092 0.0103278 2.05602 
0.949531 0.287502 -0.184518 1.78625 
1.01847 0.452927 0.0896861 1.93755 
1.04235 0.421485 0.0740344 1.98187 
1.06207 0.397809 -0.0135563 2.02155 
1.00031 0.494975 0.0696894 1.91138 
0.99346 0.319521 0.0617353 1.86013 
0.977867 0.363152 0.0724114 1.83549 
0.989457 0.346102 0.0913832 1.86017 
0.991293 0.344669 0.0843645 1.86333 
0.782135 0.518448 -0.21352 1.51207 
0.68058 0.607947 -0.0438993 1.35629 
0.652621 0.610866 -0.0124103 1.30733 
0.708101 0.615324 -0.032828 1.40496 
0.696581 0.614401 -0.0342616 1.39075 
0.999479 0.494106 0.0677862 1.90984 
1.06132 0.401169 0.0222619 2.02597 
0.933803 0.512728 -0.0550332 1.78467 
1.05715 0.165616 0.129587 2.00545 
1.05553 0.167099 0.152629 2.0038 
1.05964 0.151495 0.135002 2.00962 
1.05746 0.165537 0.131976 2.00589 
1.06618 0.0750993 0.27676 2.03076 
1.06911 0.108454 0.229648 2.03032 
1.05935 0.100443 0.270224 2.01517 
1.0665 0.0830394 0.2618 2.02963 
1.01675 0.465367 0.0635217 1.9365 
1.00516 0.491406 0.0125646 1.92832 
0.989542 0.420497 -0.0737808 1.89133 
1.07081 0.398648 0.0119325 2.04678 
1.02861 0.460618 -0.105881 1.97529 
1.07413 0.271038 0.15143 2.0461 
1.07666 0.29238 0.148881 2.05134 
1.07334 0.292342 0.157044 2.04621 
1.07518 0.292564 0.153442 2.05046 
0.999724 0.495241 0.0686593 1.91005 
1.07074 0.22824 0.138627 2.03585 
1.06619 0.188397 0.117627 2.02367 
1.06918 0.197648 0.12965 2.03051 
1.06845 0.196597 0.131905 2.02869 
1.0872 0.338824 -0.0509874 2.0693 
0.999203 0.49367 0.0675921 1.90871 
1.05862 0.196553 0.12358 2.00803 
1.05837 0.197192 0.120395 2.00531 
1.02912 0.206371 0.25184 1.95969 
1.04362 0.174059 0.240318 1.98646 
1.03876 0.197991 0.215647 1.97598 
1.03683 0.204016 0.246391 1.97757 
0.773462 0.591704 0.0164053 1.50437 
1.01444 0.235189 0.169821 1.92032 
1.07904 0.374614 0.00657466 2.05949 
0.904731 0.482994 -0.0740446 1.71969 
0.903348 0.463184 -0.0820001 1.70737 
0.876562 0.51749 -0.061697 1.67382 
1.01033 0.482441 0.0655402 1.92897 
1.05568 0.335592 0.180004 2.01521 
1.08572 0.341833 -0.0263818 2.06523 
1.0876 0.34213 -0.0320256 2.0704 
1.04898 0.404566 -0.155675 2.01079 
0.873813 0.546546 0.237481 1.7086 
1.06162 0.402085 0.0209818 2.02548 
1.04214 0.423996 0.0251471 1.98036 
0.999327 0.495904 0.0684151 1.90942 
0.872019 0.549543 0.220779 1.70263 
0.836452 0.451935 -0.239607 1.59825 
1.00505 0.485958 0.0737803 1.91858 
0.928196 0.305076 -0.219159 1.74702 
1.08844 0.219782 0.143102 2.06841 
1.09285 0.227514 0.131384 2.07664 
1.0883 0.236623 0.137306 2.06882 
1.08951 0.230259 0.143393 2.07142 
1.06145 0.393913 0.072861 2.02669 
1.05193 0.414068 0.0496694 2.00907 
1.03851 0.429367 0.112281 1.98915 
1.05084 0.424183 0.0629749 2.01173 
0.813905 0.578603 0.192418 1.58245 
1.04865 0.327023 0.181378 2.00564 
0.999802 0.495234 0.0695701 1.91029 
1.09138 0.328213 0.101979 2.07826 
1.08677 0.327867 0.122114 2.06879 
1.09368 0.305558 0.1097 2.08042 
1.09135 0.328773 0.10935 2.07946 
1.06418 0.133294 0.110147 2.01611 
1.06287 0.13733 0.105517 2.01353 
1.06254 0.13996 0.120812 2.01386 
1.06323 0.13958 0.108505 2.01444 
1.04288 0.414622 -0.161606 2.00064 
0.821231 0.529242 -0.189697 1.59186 
1.03705 0.181206 0.136999 1.96128 
1.06155 0.404059 0.0134135 2.02371 
0.881017 0.393248 -0.243026 1.67271 
1.04643 0.147577 0.269507 1.99253 
1.03584 0.133847 0.334701 1.98135 
1.04869 0.115539 0.296848 1.99873 
1.04473 0.151213 0.302851 1.99626 
1.10071 0.291417 0.0923512 2.0941 
1.09465 0.328687 0.0951731 2.0862 
1.09735 0.302091 0.108967 2.08909 
1.09794 0.297447 0.091457 2.0876 
1.00073 0.494248 0.0697011 1.91202 
1.06517 0.127296 0.097632 2.01707 
1.06468 0.124666 0.0934416 2.01575 
1.06498 0.129381 0.102993 2.0171 
1.06497 0.128771 0.0968073 2.01677 
0.999239 0.496337 0.0694673 1.9095 
0.999788 0.495347 0.0694097 1.9103 
0.768857 0.598049 0.0438746 1.50282 
0.956862 0.542229 0.0183239 1.83745 
0.920738 0.459868 0.0993504 1.74007 
0.902949 0.480474 0.112924 1.7106 
0.918093 0.478206 0.118527 1.74526 
0.917492 0.471155 0.111761 1.73925 
0.948709 0.537868 0.15142 1.82701 
0.789725 0.613112 0.0760373 1.54231 
1.00171 0.493154 0.069108 1.91377 
1.02682 0.182001 0.149486 1.9394 
0.905631 0.580897 0.0461898 1.74788 
0.997156 0.495355 0.05912 1.90433 
1.11865 0.226635 0.0330484 2.1244 
1.12156 0.211093 -0.00522786 2.12918 
1.11558 0.24132 0.00510445 2.1184 
1.11841 0.210285 0.0133929 2.12043 
1.06366 0.394479 0.0206355 2.02924 
0.874123 0.586464 0.000529048 1.68959 
1.0575 0.410382 0.0200037 2.01387 
1.00753 0.482464 0.088761 1.92408 
1.06215 0.400447 -0.0907165 2.02938 
0.913062 0.337071 -0.237708 1.72492 
1.06003 0.41118 0.0185122 2.02398 
1.05673 0.413833 0.0210287 2.02062 
1.12 0.211712 0.0736642 2.12775 
1.11691 0.199799 0.131174 2.12402 
1.12616 0.161443 0.0842687 2.13809 
1.12082 0.16412 0.093095 2.12508 
0.971498 0.380956 0.0867546 1.82723 
0.9608 0.410101 0.121595 1.81635 
0.979995 0.36958 0.111138 1.84682 
0.970106 0.381881 0.0970718 1.82551 
1.05715 0.40684 -0.0599787 2.01596 
0.997138 0.24149 0.188073 1.88325 
1.06556 0.186006 0.121814 2.02207 
1.06928 0.225799 0.143824 2.03221 
1.06561 0.209644 0.138506 2.02315 
1.06668 0.215513 0.128847 2.026 
1.06608 0.333084 0.157311 2.03227 
1.00114 0.492574 0.0716916 1.91231 
0.989878 0.460303 0.237601 1.90223 
0.708789 0.595982 -0.0959057 1.40369 
0.696379 0.601701 -0.0712513 1.38254 
0.730494 0.602748 -0.0871593 1.44242 
0.72127 0.602677 -0.0877659 1.43195 
0.857788 0.522175 0.152347 1.6379 
0.84568 0.529216 0.166304 1.61829 
0.861956 0.53243 0.165416 1.65572 
0.859026 0.527541 0.16041 1.64515 
0.814752 0.555076 -0.0288079 1.5649 
0.998287 0.497484 0.0687563 1.90776 
0.966015 0.515091 0.00188284 1.84691 
1.04957 0.416382 0.0696729 1.99747 
1.00052 0.49469 0.0697757 1.91174 
1.06166 0.392059 0.0660428 2.01901 
0.842682 0.509201 -0.202659 1.63015 
1.05455 0.397133 -0.149217 2.02077 
0.902011 0.428402 -0.178985 1.71244 
0.900605 0.563819 0.162565 1.73958 
1.05894 0.402343 0.0311924 2.01473 
1.00155 0.492355 0.0760698 1.91351 
0.745915 0.561594 -0.165651 1.46025 
0.770284 0.56451 -0.171379 1.50795 
0.79292 0.580481 -0.00267737 1.53564 
0.926304 0.563602 0.0766575 1.78189 
0.863013 0.529891 -0.0553203 1.6504 
0.914143 0.495838 -0.0477286 1.74041 
0.913714 0.498012 -0.0552459 1.74093 
0.993963 0.503256 0.0622387 1.90018 
1.00792 0.487902 0.0628139 1.92565 
0.65322 0.592623 0.197198 1.32112 
0.752422 0.599886 0.237512 1.51199 
0.714023 0.616889 0.169871 1.43643 
0.674091 0.604569 0.192652 1.3583 
1.07213 0.392058 0.0178421 2.04656 
1.06728 0.40098 0.0148608 2.03883 
0.816034 0.61795 0.0990214 1.59728 
1.07366 0.309781 0.158515 2.04717 
1.0735 0.310032 0.150416 2.04572 
0.999121 0.496572 0.0685469 1.90927 
0.820249 0.504479 -0.221074 1.58579 
0.835215 0.553603 -0.0353936 1.60497 
0.997252 0.498246 0.07285 1.90598 
1.00255 0.485545 0.0880592 1.91362 
1.12484 0.165246 0.000437702 2.13153 
1.12089 0.186764 0.0435461 2.12455 
1.12702 0.131787 0.0422225 2.135 
1.12519 0.186179 0.0330963 2.13554 
1.06617 0.388678 0.0295712 2.02819 
0.992883 0.507646 0.0704732 1.90029 
0.879717 0.457237 -0.166255 1.67135 
0.999474 0.495938 0.0697364 1.90988 
0.911256 0.548889 -0.0272953 1.74716 
0.999561 0.495616 0.0705565 1.90998 
0.996561 0.420629 0.181601 1.91331 
1.05955 0.284079 0.134779 2.00435 
0.884621 0.448132 -0.212569 1.6957 
1.01547 0.485834 0.0209785 1.94292 
1.06324 0.389594 0.149551 2.0308 
1.02943 0.464457 -0.0293674 1.96846 
1.01081 0.45168 -0.101436 1.93935 
1.12631 0.101544 0.104523 2.13558 
1.11536 0.151443 0.160555 2.11815 
1.11924 0.0880479 0.186203 2.1284 
1.12169 0.145254 0.154565 2.13346 
1.05489 0.413201 0.0123974 2.0082 
0.958325 0.26493 -0.200946 1.80604 
0.926393 0.558835 0.192573 1.80051 
0.848244 0.533355 -0.0522892 1.6216 
1.10214 0.277839 0.0287656 2.09158 
1.10182 0.280806 0.00733159 2.09085 
1.09662 0.297048 0.0216016 2.08171 
1.10093 0.2928 0.0237653 2.0917 
0.922329 0.488348 0.159337 1.76685 
0.938059 0.455723 0.139038 1.78414 
0.924101 0.480247 0.135177 1.76263 
0.926042 0.463843 0.14462 1.76071 
1.05487 0.398842 0.066337 2.00408 
0.862387 0.50131 -0.216289 1.67256 
1.02527 0.452125 0.0440695 1.95054 
0.85979 0.545968 0.205219 1.66943 
0.857842 0.55658 0.20526 1.671 
1.05822 0.408575 0.0331654 2.0149 
1.03626 0.114719 0.324668 1.97461 
1.05759 0.0514941 0.296234 2.01317 
1.05276 0.0987122 0.276659 1.99975 
1.04802 0.0836778 0.324022 2.00079 
1.02404 0.210163 0.148482 1.93692 
0.851314 0.542049 -0.0447251 1.63319 
1.05449 0.197671 0.136087 1.99868 
0.991115 0.47111 0.0478925 1.88728 
1.02953 0.450748 0.0748524 1.96199 
1.00827 0.489528 0.056217 1.92701 
1.07765 0.387756 0.0143524 2.05887 
0.921871 0.46056 -0.064729 1.74745 
0.917484 0.452307 -0.0783509 1.73473 
0.912084 0.477894 -0.0705834 1.73383 
0.916897 0.469343 -0.0757714 1.74118 
1.00117 0.495446 0.0653177 1.91351 
1.08405 0.360815 0.0305252 2.06467 
1.02874 0.467356 0.00914931 1.96649 
0.999875 0.494426 0.0672316 1.91064 
1.00117 0.493724 0.0697452 1.91282 
0.996517 0.499924 0.0662424 1.90465 
1.09198 0.343404 0.0427814 2.08086 
1.09015 0.354875 0.0239354 2.08055 
0.830471 0.547049 -0.176703 1.61897 
0.800305 0.611862 0.0574192 1.5617 
1.06692 0.377674 -0.021729 2.02778 
0.956856 0.090304 0.45449 1.84924 
1.00022 0.137686 0.390173 1.91594 
0.95222 0.185171 0.454476 1.84774 
0.980451 0.128915 0.452415 1.90255 
1.06755 0.383477 -0.119007 2.04223 
0.999451 0.496046 0.0703835 1.90992 
0.999349 0.495933 0.0692357 1.90954 
0.923134 0.552017 0.177899 1.78451 
0.802473 0.537399 -0.202831 1.56353 
1.03511 0.445577 0.0382001 1.97196 
0.734388 0.634167 0.052631 1.46554 
0.806526 0.623693 0.105781 1.60181 
0.788738 0.628379 0.0351653 1.56587 
0.755713 0.624484 0.0645158 1.49819 
1.07877 0.361092 -0.0899684 2.05794 
1.07023 0.378881 -0.105618 2.04465 
0.776428 0.587855 -0.130011 1.52383 
0.80241 0.567597 -0.133276 1.5637 
0.792381 0.581135 -0.147018 1.55478 
1.01387 0.470695 0.0793098 1.93305 
1.06931 0.387194 0.144521 2.04439 
0.99882 0.491907 0.0641889 1.90899 
0.999014 0.496639 0.0708132 1.90921 
1.06523 0.163646 0.117026 2.01961 
1.06573 0.15198 0.112047 2.0201 
1.06776 0.176564 0.12698 2.02596 
1.06614 0.16519 0.112027 2.02169 
0.848176 0.533705 0.173875 1.62784 
0.851395 0.542193 0.187773 1.64325 
0.860528 0.536496 0.17606 1.65708 
0.851863 0.53856 0.178396 1.64005 
0.832326 0.534296 0.214464 1.60328 
0.828751 0.53157 0.207376 1.59222 
0.898857 0.529587 0.206068 1.72762 
0.813936 0.603339 0.0274347 1.57949 
0.846269 0.473035 -0.232877 1.62883 
0.898871 0.530671 0.217432 1.74839 
0.901623 0.523182 0.235024 1.75548 
0.906968 0.527095 0.219813 1.76675 
0.903696 0.529003 0.222369 1.7601 
1.0969 0.305204 -0.016963 2.08375 
1.10187 0.287114 -0.0128865 2.09223 
1.10057 0.293163 -0.0302168 2.0906 
1.10005 0.298297 -0.0138537 2.09011 
1.10422 0.272595 -0.091367 2.10076 
1.10567 0.272172 -0.0755481 2.1023 
1.10781 0.258348 -0.0857695 2.10641 
1.10619 0.272902 -0.0810152 2.10502 
1.07522 0.228147 0.137507 2.0432 
1.07225 0.232005 0.142132 2.03808 
1.07034 0.199336 0.130557 2.03191 
1.07347 0.228128 0.143627 2.04096 
1.10769 0.149795 0.112401 2.10326 
1.10272 0.105922 0.150126 2.09324 
1.11228 0.0975851 0.107406 2.11125 
1.10818 0.0941181 0.124937 2.10184 
0.977569 0.417572 -0.0096554 1.8561 
1.00053 0.494442 0.069524 1.91163 
1.05164 0.420228 -0.123363 2.01673 
1.05779 0.407136 0.0261632 2.01338 
1.08177 0.238132 0.150944 2.05651 
1.08579 0.222697 0.152723 2.06412 
1.08545 0.238111 0.144309 2.06292 
1.08483 0.235876 0.144971 2.06296 
1.10173 0.293652 0.0458862 2.09498 
1.09641 0.312987 0.0371696 2.08593 
1.09678 0.309447 0.0579888 2.08721 
1.09805 0.296362 0.0464668 2.08629 
0.990933 0.509765 0.0595272 1.89632 
0.835109 0.528988 0.272129 1.63207 
0.800129 0.543699 0.26874 1.57153 
0.809991 0.516007 0.290274 1.5844 
0.823432 0.534131 0.277295 1.61636 
1.05559 0.412856 0.0213183 2.00985 
0.913564 0.582271 0.0754156 1.76723 
1.06844 0.378065 -0.100993 2.03856 
0.866719 0.596494 0.120347 1.68317 
1.06428 0.293533 0.159165 2.02901 
1.05618 0.167854 0.156564 2.00483 
1.05996 0.155185 0.163551 2.01167 
1.0603 0.154274 0.139799 2.01107 
1.05875 0.153257 0.158668 2.00935 
0.993236 0.504831 0.0652901 1.89935 
1.02359 0.460746 0.074816 1.95177 
0.881593 0.578722 0.00328943 1.70012 
0.864671 0.440144 -0.240929 1.65543 
0.999438 0.49589 0.0716608 1.9099 
1.0129 0.468345 0.0749869 1.92929 
1.04215 0.326048 0.193537 1.99097 
1.05579 0.424263 0.134142 2.02243 
0.854853 0.442278 0.34807 1.66566 
0.878278 0.443795 0.308082 1.696 
0.827343 0.481237 0.31755 1.61338 
0.861578 0.461121 0.333747 1.68237 
1.06304 0.393408 -0.110514 2.03261 
1.03204 0.249242 0.179058 1.95816 
1.0008 0.495334 0.0672724 1.91256 
1.07178 0.154224 0.150822 2.03407 
1.07725 0.159942 0.157182 2.04452 
1.07555 0.171635 0.147034 2.0415 
1.07542 0.160553 0.154451 2.0408 
0.929186 0.543915 0.20904 1.80079 
0.996565 0.499285 0.0649971 1.90443 
0.970824 0.293754 0.341376 1.86625 
0.977164 0.314726 0.29195 1.87541 
0.950194 0.338024 0.333899 1.83199 
0.969079 0.317894 0.335932 1.87106 
0.899852 0.491302 0.124269 1.71044 
0.895499 0.506221 0.145703 1.71195 
0.911876 0.488345 0.132808 1.7379 
0.901442 0.495225 0.131262 1.71744 
1.05313 0.402016 0.0863733 2.0026 
0.906413 0.559745 -0.0152346 1.74198 
1.02064 0.47575 0.0026363 1.95096 
0.883488 0.415129 -0.240318 1.68687 
1.05077 0.407816 0.0986076 2.00004 
1.06074 0.390433 0.0568162 2.01566 
1.09294 0.315598 0.0393991 2.07788 
1.0871 0.328838 0.0527007 2.0676 
1.09289 0.312414 0.0585315 2.07812 
1.09131 0.323645 0.0467673 2.07655 
1.06502 0.391655 0.00878535 2.02797 
1.09093 0.268466 0.126369 2.07422 
1.09515 0.246815 0.122415 2.0812 
1.09612 0.284272 0.123758 2.08628 
1.09352 0.267264 0.115647 2.07945 
1.06185 0.400547 0.00137069 2.02193 
0.929147 0.472455 0.203883 1.78428 
0.918924 0.492749 0.182785 1.76617 
0.913474 0.503427 0.207226 1.765 
0.918762 0.478713 0.192681 1.76082 
0.998155 0.497332 0.0675212 1.9073 
0.837271 0.611605 0.0836854 1.63199 
1.03279 0.301325 0.182826 1.96871 
1.07161 0.372902 0.0734465 2.0379 
1.00049 0.494284 0.0884655 1.91305 
1.04323 0.424872 0.0888938 1.98635 
0.99899 0.494044 0.0667275 1.90811 
1.10298 0.284751 -0.0560643 2.0965 
1.09814 0.301674 -0.056206 2.08789 
1.10107 0.293572 -0.0422588 2.09264 
1.10078 0.293058 -0.0574262 2.09262 
0.657919 0.616551 -0.00791101 1.32153 
0.686298 0.625896 0.0142887 1.3722 
0.716028 0.620879 -0.0224686 1.42362 
0.67245 0.618295 -0.00216977 1.34119 
0.888865 0.567269 -0.0150338 1.70941 
0.991014 0.506808 0.0653162 1.89513 
0.912613 0.516931 0.230252 1.75572 
1.0451 0.411628 0.0905741 1.9862 
0.996974 0.498071 0.0670134 1.90484 
0.894072 0.417528 -0.219556 1.70611 
0.76784 0.610203 0.104975 1.50504 
1.0024 0.491174 0.0740337 1.91479 
1.00311 0.488199 0.0761712 1.91521 
1.08097 0.370774 0.0363244 2.05996 
1.0613 0.188539 0.124388 2.01422 
1.0632 0.183032 0.114206 2.01707 
1.06112 0.197931 0.116051 2.01225 
1.06199 0.187176 0.11274 2.01415 
0.998009 0.497988 0.0685313 1.90734 
1.05879 0.40737 0.0214971 2.01669 
1.0336 0.438662 -0.149128 1.98506 
0.828581 0.585004 -0.00538466 1.60322 
1.00043 0.494742 0.0697927 1.91156 
1.05898 0.403546 -0.124781 2.02872 
0.996662 0.499342 0.0740928 1.90523 
1.00481 0.483594 0.0794337 1.91731 
1.0935 0.323383 -0.0322065 2.08022 
1.09519 0.316817 -0.0177223 2.08235 
1.09849 0.304367 -0.0298542 2.08799 
1.09562 0.312661 -0.0326096 2.08278 
1.05183 0.412402 0.038492 2.00033 
1.07316 0.371194 -0.00461594 2.04243 
0.816289 0.564779 -0.0214219 1.57428 
1.05684 0.395273 0.0697479 2.00829 
1.12021 0.206313 -0.0141198 2.12475 
1.11456 0.238068 -0.0263163 2.11544 
1.11495 0.23724 -0.00121156 2.1158 
1.1165 0.236912 -0.0231138 2.12033 
0.990331 0.505321 0.114321 1.89777 
1.07741 0.363925 -0.00197922 2.05073 
0.940907 0.436257 0.127002 1.7804 
0.93363 0.446762 0.102003 1.7644 
0.926481 0.465274 0.124663 1.75923 
0.934202 0.457116 0.111638 1.77187 
1.10805 0.258234 0.0350956 2.10287 
1.11426 0.228636 0.0412236 2.11359 
1.11204 0.241981 0.0163515 2.10934 
1.11211 0.255437 0.0329195 2.11269 
1.06079 0.409253 0.0199845 2.02418 
0.999385 0.495126 0.0676512 1.90939 
1.05728 0.417527 -0.0124253 2.01631 
1.06953 0.311157 0.162148 2.0376 
1.0758 0.366599 0.0300253 2.05009 
1.07544 0.37086 0.022603 2.05011 
1.07434 0.370804 0.0265824 2.0478 
1.07485 0.368026 0.0245163 2.04802 
0.999265 0.493853 0.067011 1.90891 
1.00122 0.493409 0.070858 1.91284 
0.948145 0.312533 -0.185098 1.78983 
1.06606 0.378788 -0.136277 2.03991 
0.959313 0.49922 -0.0373303 1.82969 
0.75711 0.597148 -0.118817 1.49236 
0.730297 0.596082 -0.110381 1.44582 
0.746727 0.603001 -0.0980608 1.47424 
0.741533 0.597776 -0.108054 1.46143 
0.945023 0.522348 -0.0232263 1.80556 
1.06979 0.377525 -0.132348 2.04832 
0.960131 0.28318 -0.156938 1.80696 
1.01121 0.389183 0.191478 1.93939 
1.01024 0.483435 0.0607534 1.92894 
1.04336 0.424503 -0.159919 2.0052 
0.900837 0.502763 -0.019666 1.71714 
0.902684 0.508202 -0.0469281 1.72143 
0.895017 0.515361 -0.0445576 1.7124 
0.998718 0.496811 0.0676157 1.90838 
1.09913 0.108544 0.153124 2.08466 
1.1043 0.148052 0.12414 2.09533 
1.09721 0.155173 0.147179 2.08253 
1.09974 0.154479 0.142998 2.08844 
1.03929 0.250274 0.168763 1.97563 
1.09769 0.247163 0.107561 2.08633 
1.10186 0.264965 0.084422 2.09435 
1.09853 0.282826 0.10516 2.0901 
1.10006 0.264528 0.113131 2.09178 
0.997663 0.498689 0.0643467 1.90669 
0.884646 0.538547 0.299577 1.74496 
0.96139 0.474791 0.296975 1.87481 
0.92963 0.515314 0.254268 1.81054 
0.920573 0.515907 0.279061 1.80041 
1.09249 0.250667 0.130643 2.07875 
1.08866 0.266377 0.129022 2.07154 
1.08735 0.250122 0.136028 2.06879 
1.09019 0.251635 0.134011 2.07344 
0.946534 0.295822 -0.2112 1.78724 
0.990644 0.51312 0.0849535 1.89912 
0.999956 0.494077 0.062169 1.91184 
1.00115 0.493392 0.073611 1.91288 
0.825954 0.574896 -0.0161376 1.59207 
1.03892 0.428786 -0.156731 1.99555 
0.839353 0.590679 0.000527371 1.62304 
1.09614 0.311658 -0.058711 2.08532 
1.09366 0.322552 -0.0449981 2.08098 
1.09868 0.302288 -0.0443234 2.08855 
1.0964 0.312088 -0.0428141 2.0852 
0.980146 0.519289 0.10568 1.88055 
0.896634 0.525675 0.235723 1.73993 
0.899237 0.522595 0.218746 1.73592 
0.898015 0.521243 0.21908 1.72643 
0.89788 0.522071 0.220271 1.73297 
0.803301 0.588197 0.0345645 1.56525 
0.821172 0.576591 0.0947077 1.59644 
0.851284 0.545082 0.0508734 1.64013 
0.840217 0.585731 0.0654053 1.64265 
1.09808 0.304058 -0.0682683 2.08922 
1.10246 0.284905 -0.0684104 2.09602 
1.09947 0.294167 -0.078282 2.09138 
1.1001 0.291937 -0.0666082 2.09153 
0.948601 0.536412 0.00526697 1.81716 
0.847325 0.543376 0.197305 1.63735 
0.837464 0.536224 0.199548 1.61189 
0.842573 0.540115 0.207515 1.62732 
0.842073 0.539896 0.201366 1.62467 
1.01836 0.289834 0.192824 1.93739 
0.998433 0.496861 0.073878 1.90817 
1.01098 0.394953 0.244858 1.92632 
1.00895 0.474628 0.0845461 1.92345 
1.07662 0.368006 0.00761533 2.05019 
1.0769 0.365311 0.00165418 2.04997 
1.05303 0.418634 -0.016329 2.00625 
1.0883 0.327832 -0.111069 2.07686 
1.05813 0.410143 0.0198287 2.01938 
1.07742 0.369089 -0.0671653 2.05459 
1.08366 0.328967 -0.11773 2.0661 
1.00782 0.481958 0.0787208 1.92366 
1.07342 0.375355 0.00523686 2.04444 
1.07668 0.372865 0.0189633 2.0528 
1.07927 0.366195 0.0194665 2.0571 
1.07709 0.369437 0.0129885 2.05247 
1.07758 0.368516 0.0148484 2.05352 
1.01355 0.473941 0.0635977 1.93264 
0.880795 0.519548 0.155702 1.68803 
0.870733 0.519158 0.147511 1.66377 
0.87057 0.529009 0.164032 1.67234 
0.873737 0.525275 0.154166 1.67542 
0.999412 0.493806 0.0679109 1.90938 
1.05151 0.424094 -0.0968953 2.01303 
1.00037 0.49488 0.0696149 1.91147 
1.10384 0.283544 -0.071937 2.09996 
1.10272 0.284145 -0.0870209 2.09917 
1.10051 0.291628 -0.0799957 2.09396 
1.10237 0.283601 -0.0824419 2.09699 
0.771151 0.594838 0.223813 1.53056 
0.801171 0.616059 0.165367 1.59023 
0.728253 0.615578 0.157428 1.45213 
0.77878 0.611765 0.189146 1.55239 
1.04379 0.431755 -0.112945 1.99988 
1.06503 0.25439 0.157766 2.02526 
1.06836 0.288124 0.159234 2.03796 
1.04104 0.366494 0.18563 1.99497 
1.07203 0.379369 0.131601 2.0465 
1.00802 0.478111 0.0739061 1.92197 
0.859805 0.586944 -0.00904545 1.66403 
1.00304 0.489655 0.0819384 1.91621 
1.07743 0.37336 0.026769 2.05173 
1.03794 0.451836 -0.0999716 1.99277 
1.08737 0.339647 0.0399274 2.07086 
1.09156 0.327941 0.0280788 2.07738 
1.08883 0.341482 0.0271476 2.07435 
1.08919 0.332465 0.036209 2.07293 
0.850882 0.603617 0.188845 1.68737 
0.834669 0.583436 0.264361 1.66232 
0.898933 0.552133 0.232855 1.76142 
0.862439 0.569734 0.228676 1.6938 
0.771946 0.610267 0.0829761 1.51111 
1.00031 0.494927 0.0699145 1.91136 
0.999684 0.495514 0.0695436 1.91015 
1.05928 0.409061 0.0199943 2.01964 
0.957676 0.281175 -0.182592 1.80425 
0.996501 0.501988 0.0629652 1.90559 
0.994328 0.494564 0.121332 1.90282 
1.10234 0.280216 0.0826348 2.09647 
1.10366 0.278763 0.0537719 2.09701 
1.09888 0.299761 0.065659 2.09083 
1.10193 0.297103 0.0708272 2.09829 
1.08558 0.347601 -0.049557 2.06762 
1.07801 0.362416 0.0462974 2.0496 
0.928927 0.330724 -0.220954 1.757 
0.781027 0.60363 0.0404155 1.52058 
0.941477 0.252383 0.440764 1.82711 
0.95989 0.274959 0.393238 1.85225 
0.91985 0.312465 0.426508 1.78832 
0.946285 0.28061 0.435742 1.84335 
1.08026 0.16303 0.157122 2.04999 
1.08276 0.189276 0.152504 2.05609 
1.07802 0.175865 0.148124 2.04607 
1.07972 0.175306 0.147221 2.04893 
0.908846 0.404469 -0.228601 1.7373 
1.06343 0.334248 0.171122 2.03292 
0.942933 0.561001 0.0924052 1.81894 
1.04409 0.428365 0.0170577 1.98699 
0.859667 0.598666 0.0955074 1.66769 
0.997739 0.497566 0.0753343 1.90698 
0.938718 0.563162 0.0567447 1.80859 
0.868577 0.566084 0.129297 1.69519 
0.908899 0.506291 0.107942 1.75014 
0.881399 0.537517 0.0726534 1.70371 
0.879326 0.517818 0.0968837 1.68802 
1.08511 0.187796 0.148179 2.05986 
1.08282 0.161783 0.155511 2.05445 
1.08873 0.171188 0.149674 2.06582 
1.08616 0.174162 0.158823 2.06204 
0.953866 0.522048 -0.0090991 1.82228 
0.89328 0.513919 -0.0637429 1.70341 
0.883403 0.521159 -0.0564591 1.68464 
1.03067 0.379548 0.203592 1.9791 
0.853582 0.551957 0.192535 1.65589 
0.866828 0.539152 0.197205 1.67863 
0.863268 0.541613 0.181088 1.66781 
0.862472 0.549671 0.190917 1.67328 
0.912985 0.481365 0.134044 1.74639 
0.868063 0.545211 0.157138 1.68137 
0.912485 0.505103 0.195761 1.75961 
0.90689 0.529649 0.171847 1.76129 
1.0174 0.46383 0.0826208 1.93873 
1.05683 0.411342 0.0265895 2.01235 
1.00771 0.300523 0.192715 1.91337 
1.05935 0.403685 0.0258436 2.01615 
1.01188 0.476817 0.071506 1.93045 
0.957361 0.379403 -0.0886565 1.80364 
1.00214 0.483512 0.121248 1.91574 
0.753006 0.578015 -0.149408 1.48284 
0.767499 0.589216 -0.136595 1.51015 
0.777977 0.578564 -0.15596 1.5266 
0.763418 0.581561 -0.146703 1.49833 
0.947164 0.505132 -0.0366642 1.80442 
1.03559 0.371212 0.208126 1.98921 
1.04205 0.404687 0.115166 1.97916 
0.961353 0.299559 0.38454 1.86198 
0.941151 0.345893 0.368507 1.82614 
0.929121 0.335328 0.412005 1.8115 
0.93995 0.323754 0.377533 1.81656 
1.02526 0.416172 0.168269 1.95019 
1.0081 0.486634 0.0582058 1.92521 
0.98094 0.521788 0.0760039 1.88044 
0.919404 0.46485 -0.061047 1.74238 
0.912067 0.475199 -0.0594634 1.72994 
0.912551 0.467888 -0.0625731 1.72802 
1.00063 0.49256 0.0752401 1.91134 
1.11552 0.240397 -0.0453146 2.11943 
1.12184 0.208152 -0.0426824 2.13067 
1.11809 0.218135 -0.0632898 2.12419 
1.11816 0.21347 -0.0429235 2.12193 
1.02639 0.296858 0.19748 1.95374 
1.04508 0.41431 0.0969941 1.98834 
1.00892 0.485574 0.0615177 1.92685 
0.967955 0.527865 0.211561 1.88045 
1.06708 0.38361 -0.116022 2.03967 
0.999454 0.495833 0.0686616 1.9097 
1.02555 0.431526 0.196974 1.97489 
0.97151 0.470384 -0.0384987 1.84723 
0.710214 0.609388 -0.0613909 1.41406 
0.733242 0.61649 -0.0489482 1.45467 
0.741885 0.609633 -0.0740658 1.46853 
0.720581 0.610041 -0.0612055 1.42655 
1.00593 0.489922 0.0593635 1.92169 
1.07059 0.371104 0.0572738 2.03391 
0.87251 0.546469 0.239732 1.70501 
1.07241 0.267463 0.149768 2.04377 
1.07091 0.287318 0.154102 2.04356 
1.0692 0.256152 0.146441 2.03489 
1.07075 0.266285 0.154846 2.03988 
1.07714 0.376861 0.129143 2.05815 
1.04946 0.416416 -0.153685 2.01577 
1.03925 0.421024 0.203262 2.00535 
1.06344 0.375005 0.0616871 2.01742 
0.742562 0.620002 -0.0495448 1.47139 
0.772438 0.61514 -0.0682854 1.52694 
0.749482 0.613141 -0.0765946 1.48241 
0.763194 0.619016 -0.0657585 1.51241 
0.998054 0.498525 0.0769985 1.90835 
1.06747 0.375682 0.0572165 2.02756 
1.03098 0.455784 0.0396944 1.96615 
0.999468 0.495756 0.0685407 1.90969 
0.995282 0.499449 0.0537467 1.902 
0.788309 0.59854 0.0255429 1.53111 
0.999212 0.495756 0.0776456 1.90976 
1.04472 0.419507 -0.153584 2.00529 
0.962421 0.448005 0.315011 1.87129 
0.87133 0.514782 0.324403 1.71352 
0.930749 0.423621 0.37337 1.81468 
0.934282 0.46827 0.356585 1.83685 
0.805091 0.588311 0.00541125 1.55666 
0.975897 0.413825 0.174785 1.88002 
0.8492 0.528078 0.224799 1.63805 
0.997904 0.497606 0.0670166 1.90681 
1.00967 0.441077 -0.114456 1.93661 
1.01736 0.376591 0.199549 1.95151 
0.957324 0.256435 -0.179095 1.79681 
1.09559 0.30065 -0.078353 2.08261 
1.09648 0.298312 -0.0785183 2.08459 
1.05515 0.413626 -0.0571363 2.01255 
0.86737 0.542622 -0.0504101 1.66223 
0.813007 0.552157 -0.157773 1.58118 
0.726731 0.624578 -0.0173615 1.44285 
0.70256 0.626966 0.0247772 1.39941 
0.756644 0.622889 0.00681393 1.49759 
0.743086 0.631885 0.000164674 1.47943 
0.886508 0.582863 0.125414 1.71554 
1.09186 0.324316 0.0245227 2.07642 
1.08889 0.336929 0.0137828 2.07207 
1.08918 0.336959 0.0259917 2.07333 
1.08972 0.329671 0.0168375 2.0723 
0.993758 0.50267 0.0656484 1.89947 
0.84345 0.569298 -0.0270909 1.62593 
0.857079 0.547469 -0.0440414 1.64228 
1.00166 0.492074 0.0728388 1.91338 
1.00147 0.492806 0.0702061 1.9131 
0.99939 0.493798 0.0681494 1.90934 
0.88041 0.598839 0.0771669 1.70921 
0.885326 0.533944 -0.0477465 1.69395 
0.906451 0.570553 0.149418 1.75378 
1.00142 0.493486 0.0689932 1.91324 
0.841214 0.600363 0.0138903 1.63309 
1.01739 0.479748 0.0373752 1.94399 
0.986092 0.517867 0.0778957 1.89041 
0.94463 0.548803 0.0361112 1.81336 
0.786746 0.620113 -0.0560195 1.55834 
0.755978 0.626224 -0.037111 1.5014 
0.783775 0.626223 -0.0168207 1.55467 
0.765444 0.619428 -0.0351232 1.51361 
0.974966 0.313492 0.277047 1.86078 
0.958836 0.345628 0.26664 1.82367 
0.948715 0.342629 0.320231 1.82361 
0.957661 0.336101 0.275349 1.82608 
0.78412 0.622571 0.133135 1.55747 
0.700683 0.62627 0.0779818 1.39825 
0.715714 0.618158 0.130261 1.42724 
0.743809 0.626487 0.106941 1.48145 
0.856604 0.298954 0.460458 1.6718 
0.917712 0.25224 0.468582 1.79038 
0.899991 0.321458 0.444052 1.7575 
0.882685 0.297529 0.451455 1.71662 
1.00079 0.493687 0.0705568 1.91194 
0.95687 0.384033 0.137822 1.79913 
0.967616 0.355223 0.167347 1.81977 
0.975349 0.337882 0.131155 1.82749 
0.97019 0.375512 0.14758 1.82971 
0.873021 0.538389 -0.0459177 1.66914 
1.10553 0.275443 0.0100231 2.09917 
1.10622 0.274228 0.0294474 2.10124 
1.11014 0.259094 0.0128643 2.10769 
1.10674 0.262797 0.0123977 2.09969 
1.00024 0.494937 0.0698096 1.91121 
0.896483 0.508154 0.152448 1.71687 
0.909048 0.494312 0.158937 1.73945 
0.912072 0.485418 0.139304 1.73816 
0.90874 0.502503 0.153219 1.74171 
0.991439 0.504047 0.0784115 1.89563 
1.07471 0.374408 0.0496162 2.04524 
0.893841 0.57443 0.0172749 1.7196 
0.998231 0.496513 0.0658545 1.90702 
1.07444 0.369425 0.00803576 2.04516 
0.920499 0.367221 0.359932 1.78279 
0.882269 0.400079 0.378453 1.71755 
0.906424 0.354247 0.40177 1.7617 
0.908162 0.37994 0.391835 1.77317 
0.968102 0.525636 0.105201 1.85593 
0.923486 0.542935 0.215811 1.79118 
1.01977 0.476995 -0.00435216 1.95086 
0.964701 0.256784 -0.170717 1.81391 
1.00349 0.488299 0.10019 1.91849 
0.874975 0.458618 -0.234779 1.68445 
0.857443 0.475328 -0.224965 1.65078 
0.949745 0.530397 0.166542 1.82851 
0.988828 0.51242 0.0753953 1.89368 
1.05031 0.410736 0.0856143 1.99831 
0.822331 0.553311 -0.0308023 1.58347 
0.794718 0.590045 -0.0514075 1.5519 
0.795321 0.588478 -0.0128287 1.54974 
0.811566 0.592447 -0.0354901 1.58768 
1.01143 0.474636 0.0658015 1.92797 
0.785303 0.610795 -0.0872513 1.55185 
0.769245 0.601227 -0.111449 1.51628 
0.759818 0.608388 -0.0902827 1.50075 
0.770624 0.607325 -0.098216 1.52161 
0.842945 0.554643 -0.00962981 1.62816 
0.820757 0.591596 0.0113143 1.60476 
0.856844 0.547591 0.0332422 1.65396 
0.833838 0.549739 0.00923265 1.60488 
0.855294 0.553167 0.20894 1.66418 
0.84848 0.551578 0.218881 1.65094 
0.8536 0.550305 0.22542 1.66271 
0.954951 0.448495 0.14491 1.83926 
1.02817 0.385822 -0.00153775 1.97347 
0.962415 0.434636 0.130683 1.84784 
1.0133 0.433047 0.0871086 1.96662 
1.06306 0.357317 0.0160878 2.05205 
1.09825 0.302053 0.0457659 2.1208 
1.10344 0.270859 0.0889927 2.11815 
1.07558 0.281345 0.0598603 2.04652 
1.12636 0.25057 0.141401 2.17734 
1.09908 0.255122 0.115297 2.09697 
1.10533 0.254104 0.208227 2.14141 
1.07897 0.242868 0.266875 2.08722 
1.0591 0.229364 0.297682 2.04222 
1.04915 0.223859 0.305735 2.01804 
0.946369 0.433822 0.330914 1.83335 
1.00918 0.393958 0.321759 1.96161 
0.928669 0.444272 0.33723 1.79993 
0.884313 0.486831 0.297345 1.71049 
0.916024 0.463096 0.317451 1.77516 
0.863617 0.496809 0.289189 1.66804 
0.845541 0.515236 0.255989 1.63043 
0.978885 0.243117 -0.0994159 1.84016 
1.0282 0.446508 -0.157413 1.97712 
0.995481 0.501808 0.0703959 1.90342 
0.993726 0.502668 0.0693422 1.89964 
0.945974 0.55693 0.0513493 1.82071 
0.984164 0.448726 0.0239159 1.87225 
0.98162 0.442025 -0.00693026 1.86234 
0.986357 0.490566 0.0393784 1.87946 
0.984337 0.465723 0.00358581 1.87066 
1.03037 0.452959 0.132582 1.97146 
1.02834 0.428278 0.106283 1.95375 
1.01909 0.460025 0.131067 1.94709 
1.03082 0.429639 0.0962723 1.95857 
0.991087 0.499783 0.160477 1.90571 
0.996157 0.482001 0.0316978 1.90551 
1.05482 0.425034 0.149549 2.02302 
1.00183 0.457299 -0.062614 1.91941 
1.01054 0.472938 -0.0391324 1.93721 
0.884495 0.483783 -0.152696 1.69048 
1.03476 0.463247 0.175703 2.00464 
0.884789 0.540069 0.216352 1.72218 
0.883856 0.550301 0.214315 1.72743 
0.980237 0.471101 -0.0203777 1.8636 
0.96626 0.291723 -0.136803 1.82205 
0.995856 0.501096 0.0695347 1.90388 
1.03169 0.458167 -0.132451 1.98707 
1.00383 0.474572 -0.0104588 1.92305 
