0.978922 0.223797 -0.0885414 1.77577 
1.00011 0.247407 0.0347186 1.8172 
1.01116 0.212198 -0.0190357 1.83709 
0.972974 0.250624 0.132743 1.77044 
0.977175 0.251121 0.118319 1.77837 
0.97196 0.282572 0.126371 1.7747 
0.974295 0.250448 0.122462 1.77166 
1.0101 0.208066 0.0536195 1.83444 
0.999537 0.249065 0.0364234 1.81625 
1.01577 0.223631 0.0598652 1.85419 
0.951095 0.323106 0.116296 1.73923 
0.95861 0.317476 0.112874 1.75158 
0.951712 0.327748 0.102878 1.739 
0.952993 0.323141 0.114159 1.74169 
1.01 0.219009 -0.016761 1.83555 
1.01342 0.0783696 0.0601235 1.83967 
1.01376 0.0769176 0.0582812 1.84025 
1.0139 0.0820737 0.0598685 1.84074 
1.01372 0.0787151 0.0577138 1.84025 
1.0031 0.239483 0.026993 1.82248 
1.02372 0.145953 0.0740855 1.86178 
1.0181 0.165862 0.101134 1.85349 
1.02379 0.132184 0.0934743 1.86205 
1.02234 0.133761 0.0863519 1.85785 
1.00232 0.241916 0.0188996 1.82113 
0.993111 0.266009 0.0385917 1.80513 
1.02009 0.171922 -0.0546361 1.85517 
1.00104 0.246006 0.0271295 1.81909 
1.01438 0.194164 0.0554298 1.84264 
1.01725 0.185284 -0.0228452 1.84788 
1.01103 0.216194 -0.0212268 1.83789 
1.02177 0.168332 -0.0461055 1.85796 
0.933647 0.298857 0.154965 1.70365 
0.933801 0.284931 0.176597 1.70416 
0.947169 0.290663 0.169697 1.73237 
0.940071 0.294744 0.170189 1.72014 
1.01733 0.148159 0.0696823 1.84738 
1.01899 0.162819 0.0744801 1.85161 
1.00473 0.225948 0.0300438 1.82354 
1.00012 0.247669 0.0345921 1.81728 
1.02003 0.167922 -0.0505986 1.85375 
0.993596 0.261923 0.0205089 1.80518 
0.897844 0.357327 0.16486 1.64408 
0.899733 0.329542 0.215801 1.64772 
0.940192 0.33554 0.165183 1.72505 
0.918153 0.356119 0.183272 1.69403 
1.00011 0.247485 0.0348163 1.81721 
1.00118 0.243594 0.0344362 1.81889 
0.992661 0.264416 0.0294323 1.80337 
1.01557 0.193197 0.0552035 1.8454 
1.01476 0.0795146 0.10997 1.84407 
1.01506 0.0841174 0.0911463 1.84406 
1.01348 0.0869913 0.102594 1.84181 
1.01448 0.0774705 0.0992546 1.84284 
0.97903 0.236027 -0.0579325 1.77277 
1.01423 0.187196 0.0422815 1.84032 
1.01634 0.190619 0.0193991 1.84736 
1.01615 0.1914 0.0284507 1.84728 
1.01741 0.186084 0.021957 1.84924 
1.01663 0.19094 0.0204273 1.84815 
1.01746 0.131282 0.0800841 1.84963 
1.01833 0.127046 0.0791707 1.85085 
1.01847 0.141895 0.0785859 1.85154 
1.01797 0.130245 0.0762967 1.8499 
0.964477 0.297301 -0.0273847 1.75557 
0.96188 0.300399 -0.0583536 1.75221 
0.959044 0.321893 -0.0381587 1.75097 
0.961607 0.298224 -0.0318385 1.74918 
1.00872 0.218699 -0.0837097 1.83829 
1.01228 0.204694 0.0136494 1.83787 
1.01148 0.127733 0.0753913 1.83791 
1.01422 0.212552 0.0649836 1.84665 
1.00143 0.241172 0.0337861 1.81892 
0.997352 0.256724 0.0427697 1.81311 
0.98294 0.206117 -0.06605 1.77799 
1.01514 0.202207 0.00916482 1.8456 
1.01084 0.206123 0.0213974 1.83459 
0.991584 0.265213 0.0623934 1.80264 
1.02637 0.102061 -0.00564506 1.86553 
1.02604 0.120264 0.00984421 1.86402 
1.02762 0.0972516 0.0149775 1.86654 
1.02678 0.0989618 -0.00196791 1.86471 
1.01437 0.20038 0.00993854 1.84378 
0.999042 0.244722 0.0279218 1.81475 
1.01604 0.199439 0.00989642 1.8471 
1.01536 0.196655 0.00958664 1.8454 
1.02277 0.156995 -0.0453 1.85901 
0.972924 0.307042 0.0939376 1.77399 
1.00028 0.247496 0.033181 1.81759 
1.02095 0.164167 -0.00666248 1.85717 
1.02202 0.146797 -0.0158402 1.85894 
0.999545 0.247322 0.0320655 1.81594 
1.0008 0.243981 0.0346105 1.81806 
1.01621 0.195197 0.0165874 1.84786 
1.01416 0.207113 0.0177072 1.84525 
1.01481 0.199181 0.0248661 1.84538 
1.01473 0.197369 0.0229424 1.84474 
1.0261 0.107731 -0.0217196 1.86585 
1.02426 0.129373 -0.019048 1.86299 
1.0251 0.122886 -0.00502758 1.8622 
1.02449 0.124557 -0.00800384 1.86271 
1.00188 0.246296 0.0187752 1.82136 
1.01431 0.203942 0.00740146 1.84551 
1.00009 0.247709 0.0340365 1.81721 
1.01121 0.21485 -0.00414051 1.83738 
1.01871 0.180556 -0.0220112 1.85079 
1.00013 0.247579 0.0346537 1.81728 
0.981769 0.295604 0.054515 1.78742 
0.981467 0.269222 -0.0234957 1.78178 
1.01171 0.212124 0.0748361 1.84106 
1.00279 0.23295 0.0578447 1.82159 
1.0167 0.191266 0.00718058 1.8478 
1.00726 0.227667 0.010937 1.83007 
0.999807 0.248065 0.034647 1.81661 
1.01398 0.204024 0.0719624 1.84453 
0.991451 0.140341 0.106294 1.79404 
0.995851 0.127799 0.0820568 1.80104 
0.99227 0.150153 0.0682926 1.79169 
0.993166 0.153051 0.0813147 1.79708 
0.990564 0.216394 -0.048611 1.79487 
0.985322 0.214096 -0.0285784 1.78353 
0.983716 0.229921 -0.0153203 1.78261 
0.986819 0.214563 -0.00804382 1.78713 
0.985271 0.210188 -0.0194275 1.78239 
1.00973 0.207977 0.0784523 1.83609 
0.994294 0.264935 0.0239588 1.80739 
0.966362 0.274622 -0.0487766 1.75383 
0.967449 0.277918 -0.0254784 1.75613 
0.971944 0.267466 -0.0332591 1.76316 
0.968316 0.281482 -0.0343571 1.75943 
0.994613 0.255199 0.012187 1.8061 
0.9999 0.247232 0.0339982 1.81685 
0.967839 0.293708 0.115849 1.76255 
0.969327 0.291583 0.118816 1.76575 
1.01226 0.209272 0.00090758 1.83876 
1.01876 0.176198 0.0725288 1.85252 
1.00066 0.245369 0.0347189 1.81805 
1.03381 0.0469767 -0.0307222 1.87913 
1.03251 0.0688098 -0.0409721 1.87708 
1.03181 0.0727365 -0.0203658 1.87338 
1.03209 0.0699407 -0.0214199 1.87525 
0.973071 0.186848 -0.120701 1.76209 
1.01988 0.174648 0.000646077 1.85271 
1.02093 0.168784 0.00160457 1.85442 
1.02063 0.171667 -0.00421101 1.85409 
1.02045 0.174323 -0.000749287 1.85409 
0.97923 0.219933 0.109912 1.77517 
0.97521 0.218808 0.135231 1.76883 
0.98075 0.195712 0.12263 1.77598 
0.978503 0.222598 0.1236 1.77611 
1.01069 0.216466 -0.042663 1.83863 
1.01437 0.202603 0.0091128 1.84382 
1.01491 0.198508 -0.0191721 1.84398 
0.995873 0.257385 0.0279151 1.80929 
0.978012 0.262461 -0.032774 1.77462 
0.999652 0.248791 0.0349249 1.81641 
1.01784 0.187527 0.00847587 1.85002 
1.01771 0.184799 0.0060533 1.84917 
1.01771 0.185941 0.0102802 1.84963 
1.01696 0.188273 0.00961742 1.84825 
1.01733 0.186166 0.0124216 1.84886 
1.01746 0.187657 0.0116538 1.84942 
0.942287 0.331371 0.0737741 1.71768 
1.00987 0.219335 0.00362085 1.83487 
1.026 0.117851 0.0133434 1.86277 
1.02593 0.115019 0.0304885 1.86231 
1.02731 0.0941279 0.0193707 1.86486 
1.02664 0.118182 0.0253699 1.86465 
0.988015 0.175632 -0.0316616 1.78352 
0.983737 0.201167 -0.0329259 1.77725 
0.989082 0.191434 -0.0135395 1.78834 
0.988863 0.199737 -0.02453 1.78946 
1.0099 0.223091 -0.0289556 1.8369 
1.01599 0.195797 0.0640683 1.84752 
0.987699 0.223973 -0.0427422 1.78884 
0.980877 0.237355 -0.0231745 1.777 
0.980228 0.238526 -0.0286541 1.77577 
0.979642 0.247175 -0.0264017 1.77571 
0.980174 0.237338 -0.0244325 1.77522 
0.988914 0.110836 -0.0888106 1.78758 
0.979721 0.247218 -0.00163456 1.77702 
0.9817 0.243326 0.0252558 1.78211 
0.9851 0.225092 0.00780019 1.78547 
0.981992 0.227397 0.00866024 1.77832 
1.01522 0.0829529 0.0770153 1.84385 
1.01537 0.084281 0.0697038 1.84391 
1.01467 0.0812247 0.0689154 1.84258 
1.01512 0.0828381 0.0704816 1.8434 
0.977373 0.256335 -0.0432654 1.77211 
1.02965 0.0448858 -0.0159759 1.87169 
1.02789 0.0799211 -0.0212264 1.86864 
1.02833 0.0708892 0.00366135 1.86725 
1.02814 0.0749491 -0.000647115 1.86844 
0.999881 0.233708 0.0941773 1.81784 
0.934651 0.259944 0.205449 1.70526 
0.941239 0.218094 0.234519 1.71694 
0.95312 0.248021 0.217583 1.74471 
0.945168 0.252435 0.224968 1.73268 
1.00051 0.247349 0.0317705 1.81809 
0.985744 0.188768 -0.0878775 1.78777 
1.01619 0.193945 0.00244127 1.84645 
1.00144 0.242056 -0.00140064 1.822 
1.00064 0.215445 -0.0595047 1.82093 
0.975155 0.261899 -0.0277599 1.76789 
1.00385 0.233764 0.0250921 1.82299 
1.01341 0.197599 0.0231212 1.83953 
0.999325 0.249986 0.0348582 1.81591 
1.0345 -0.00993707 0.0171301 1.88098 
1.03456 0.0206835 -0.0127247 1.88039 
1.03314 0.0294794 0.0256216 1.87564 
1.03359 0.0311682 0.0191899 1.87779 
1.00572 0.23365 0.0836459 1.83579 
0.984276 0.282212 0.00788597 1.78864 
0.969428 0.282018 0.102564 1.76546 
0.972775 0.267857 0.0925561 1.76876 
0.970232 0.267347 0.0889407 1.76201 
0.970663 0.270491 0.0904022 1.76412 
1.02409 0.161888 0.0315773 1.86166 
1.02563 0.140364 0.0342492 1.86346 
1.02549 0.141051 0.022115 1.86332 
1.02515 0.139868 0.0248558 1.86187 
1.01879 0.12561 0.0744495 1.85096 
1.02018 0.133755 0.0700351 1.85346 
1.0188 0.13907 0.0714255 1.85108 
1.0195 0.13542 0.0753368 1.85271 
0.996913 0.235426 0.0137535 1.8088 
0.972438 0.254673 -0.0385108 1.76153 
1.00145 0.242489 0.0363007 1.81935 
0.960506 0.327855 0.0801654 1.75243 
1.00018 0.247318 0.0344342 1.81733 
1.00014 0.247374 0.0347534 1.81726 
0.999971 0.247333 0.0339684 1.81698 
1.00088 0.247755 0.0303987 1.81911 
0.980787 0.223533 0.0958034 1.77817 
0.984304 0.200348 0.0879661 1.78145 
0.982353 0.216336 0.0798978 1.77894 
0.982162 0.206248 0.0925813 1.7776 
1.01287 0.216587 0.0704972 1.84409 
1.02283 0.141913 -0.00582241 1.86012 
1.0229 0.157546 0.00797214 1.85964 
1.02453 0.140601 0.0082437 1.862 
1.02354 0.144196 -0.00415463 1.86023 
1.01017 0.0915479 0.0729853 1.83385 
0.999994 0.24762 0.035564 1.81699 
1.02935 0.0369216 0.0153161 1.87013 
1.02879 0.0702469 0.0264806 1.86836 
1.02904 0.0383748 0.0439207 1.86873 
1.02927 0.0384958 0.0160088 1.86889 
1.01411 0.202935 0.00759744 1.84256 
1.0005 0.245149 0.0361218 1.81765 
1.02722 0.126091 -0.0203161 1.86503 
1.02626 0.132678 -0.0267204 1.86354 
1.02572 0.137391 -0.0195568 1.86245 
1.02641 0.134056 -0.0181483 1.86385 
1.0257 0.126396 -0.056242 1.86481 
1.02485 0.133357 -0.0570276 1.86342 
1.02532 0.132217 -0.0511812 1.8633 
1.02497 0.132638 -0.0527588 1.86339 
1.00439 0.23163 0.0312501 1.82397 
0.999809 0.248036 0.034546 1.8166 
0.999423 0.249267 0.0348517 1.81597 
0.972925 0.261743 0.0951606 1.76777 
0.969719 0.27845 0.103886 1.76534 
0.972601 0.27249 0.10598 1.77093 
0.972382 0.276412 0.103795 1.77125 
0.98871 0.180774 -0.0583654 1.79103 
0.981097 0.297236 0.0421427 1.7858 
0.986791 0.157813 -0.0792223 1.78577 
1.02072 0.173082 0.00589304 1.85465 
1.01982 0.177493 0.00367635 1.85306 
1.01985 0.177849 0.00927341 1.85336 
1.02015 0.173551 0.00602649 1.85331 
1.02832 0.106411 0.0470579 1.86694 
1.02574 0.12576 0.0597155 1.8632 
1.02663 0.104632 0.0753221 1.86453 
1.02714 0.1241 0.0624784 1.86673 
1.01543 0.199977 0.0114043 1.8457 
1.00024 0.247009 0.0346761 1.81741 
1.02329 0.150842 -0.0588182 1.86114 
1.01683 0.188907 0.0281969 1.84852 
1.01892 0.177543 0.0262543 1.85159 
1.01793 0.183738 0.0208549 1.85006 
1.01794 0.18295 0.0295585 1.85021 
0.982754 0.281974 -0.0179838 1.78697 
1.02139 0.174616 0.0473182 1.85679 
1.02131 0.174517 0.0364881 1.85622 
1.01523 0.0837732 0.0664939 1.84358 
1.0147 0.079734 0.0611871 1.84238 
1.01467 0.08085 0.06443 1.84241 
1.01482 0.0805225 0.0646117 1.84271 
1.00021 0.24459 0.0198525 1.81843 
1.01624 0.181709 0.0844958 1.84858 
0.973511 0.273111 0.113406 1.76817 
1.01114 0.21017 0.000422341 1.83616 
0.987467 0.174074 0.0884319 1.7848 
0.989485 0.155256 0.1068 1.79047 
0.989673 0.164852 0.0711585 1.78739 
0.988995 0.152044 0.0830628 1.78479 
0.991053 0.142145 0.191272 1.80609 
0.997104 0.109946 0.190121 1.81587 
0.997366 0.130372 0.166157 1.81557 
0.995352 0.130576 0.19563 1.81593 
1.00735 0.217987 0.0368273 1.82864 
1.00069 0.245311 0.0336334 1.81807 
1.0154 0.195453 -0.0313621 1.84531 
0.910836 0.271932 0.269079 1.66846 
0.936673 0.187751 0.298984 1.71582 
0.960973 0.232212 0.23945 1.75976 
0.941962 0.254436 0.289864 1.7426 
1.02615 0.136144 -0.000472368 1.86317 
1.02727 0.128601 -0.00974707 1.86524 
1.0257 0.139196 -0.0104055 1.86248 
1.02635 0.132745 -0.0118109 1.86337 
1.00005 0.247752 0.0345185 1.81715 
0.975798 0.303232 0.100627 1.78037 
1.01612 0.191567 -0.000160928 1.84573 
0.979342 0.247847 -0.0111005 1.77546 
0.980754 0.237521 -0.0148213 1.77663 
0.979535 0.246867 -0.0221852 1.77528 
0.97992 0.24512 -0.0205745 1.77623 
1.01605 0.184277 0.0399913 1.84431 
0.992039 0.268487 0.0388462 1.80327 
1.02087 0.172274 0.0319779 1.85451 
1.01293 0.215166 0.0671842 1.84374 
0.955828 0.323936 0.102931 1.74473 
0.959372 0.322615 0.106994 1.75227 
1.01231 0.207222 0.00704912 1.83847 
1.01841 0.18163 0.0207556 1.85085 
1.0194 0.176589 0.0254294 1.85258 
1.01923 0.178941 0.0169555 1.85226 
1.01897 0.177813 0.0180706 1.8515 
1.02189 0.113053 0.114288 1.85761 
1.01478 0.154491 0.120642 1.84586 
1.0138 0.137805 0.153515 1.84642 
1.01679 0.151916 0.127607 1.85172 
1.01585 0.0794811 0.0893924 1.845 
1.01604 0.0696841 0.105694 1.84563 
1.0176 0.0763485 0.0939548 1.84819 
1.01648 0.0805643 0.0959799 1.84655 
1.01413 0.202756 0.00912113 1.84257 
1.00824 0.223365 0.077657 1.83452 
0.999797 0.248143 0.0372764 1.8167 
1.00108 0.105115 0.19013 1.82527 
1.00621 0.107461 0.154266 1.83226 
1.00077 0.123588 0.168259 1.82352 
1.00319 0.102317 0.163461 1.82569 
0.979396 0.269472 -0.0261384 1.77858 
1.00801 0.22509 -0.0338405 1.83301 
1.01694 0.190792 0.0113962 1.84875 
1.01693 0.187298 0.0133575 1.84811 
1.01726 0.188287 0.0136354 1.84911 
1.01705 0.188408 0.0134602 1.8486 
1.02193 0.163339 -0.0336131 1.85686 
1.02111 0.171157 -0.00426708 1.85522 
1.02153 0.167916 0.0026492 1.85582 
1.02237 0.16224 -0.00118712 1.85705 
1.02169 0.164042 -0.00331017 1.8556 
1.02578 0.0899156 0.0549579 1.86229 
1.02552 0.113769 0.0493946 1.86205 
1.02417 0.106957 0.0626007 1.85961 
1.025 0.109918 0.0489262 1.86136 
0.975745 0.292081 0.108247 1.77783 
1.01408 0.082574 0.0578848 1.84102 
1.01404 0.0771521 0.0566235 1.84083 
1.01439 0.079662 0.0578266 1.8416 
1.01421 0.0794697 0.0585639 1.84126 
0.998462 0.252267 0.0465474 1.81489 
0.999829 0.248027 0.0345224 1.81665 
0.999635 0.246921 0.0327175 1.81602 
1.017 0.186885 0.0138185 1.84822 
1.01691 0.188064 0.0143927 1.84822 
1.01727 0.187399 0.0148951 1.84899 
1.01709 0.187624 0.0148894 1.84857 
1.01588 0.188602 -0.0725749 1.84925 
1.01304 0.190353 0.0908494 1.84421 
1.01101 0.125956 0.0867795 1.83767 
1.0262 0.117117 0.0403043 1.86388 
1.02667 0.0927276 0.0465641 1.86445 
1.0277 0.0959224 0.033691 1.86646 
1.02701 0.0920219 0.0409249 1.86442 
1.01954 0.181136 -0.0475324 1.85453 
1.0002 0.24504 0.0401338 1.81703 
1.00025 0.24707 0.0345021 1.81745 
0.959403 0.238435 0.231846 1.76051 
0.948215 0.212917 0.249165 1.7362 
0.96382 0.209517 0.243195 1.76669 
0.959181 0.214158 0.239268 1.75605 
1.00011 0.247567 0.0345278 1.81724 
0.999872 0.248028 0.0365608 1.81683 
0.99997 0.247537 0.035316 1.8169 
1.01363 0.203096 0.0119051 1.84303 
1.01336 0.197953 -0.0728797 1.84438 
1.01697 0.0693003 0.109403 1.84747 
1.02041 0.0581623 0.0981815 1.85289 
1.01856 0.0756974 0.0945447 1.84988 
1.0185 0.0620298 0.106565 1.85006 
0.914454 0.362811 0.0204808 1.6705 
0.909563 0.369186 0.0444083 1.66265 
0.932368 0.373107 0.0335069 1.70851 
0.920724 0.369446 0.0309567 1.68804 
1.00022 0.247782 0.0268117 1.81837 
1.0086 0.22752 -0.00816846 1.83381 
1.01751 0.188441 -0.00213302 1.85165 
1.01502 0.197666 0.00788112 1.84467 
1.00448 0.23319 0.0254216 1.82443 
1.00016 0.247319 0.0346607 1.81729 
1.01421 0.202685 0.00979735 1.84344 
0.982817 0.189137 -0.096748 1.78125 
1.01705 0.176553 0.0759536 1.84855 
0.977861 0.24632 0.0263657 1.77342 
0.977517 0.250347 0.00437593 1.77245 
0.974103 0.263201 0.015389 1.76841 
0.977271 0.259089 0.0113641 1.775 
0.999022 0.250091 0.0365037 1.81524 
1.01901 0.179542 0.0505918 1.85161 
0.944064 0.299355 -0.100495 1.71721 
1.01788 0.177738 -0.0681983 1.85208 
0.998056 0.254265 0.0453879 1.81432 
0.990152 0.146656 0.102075 1.79489 
1.00008 0.247666 0.0345038 1.81719 
1.01406 0.201108 0.00436941 1.84204 
1.02042 0.170785 0.0326928 1.85447 
1.01995 0.169741 0.0458867 1.85389 
1.02203 0.161359 0.0372371 1.85725 
1.02079 0.167184 0.0437594 1.85531 
1.01628 0.192484 0.00944009 1.847 
1.01334 0.0802255 0.0595093 1.83957 
1.01367 0.0844819 0.0589135 1.84023 
1.01298 0.0853305 0.0613232 1.83892 
1.01332 0.0840646 0.0615971 1.83974 
0.989703 0.180923 -0.0518406 1.79111 
1.00076 0.149565 0.124733 1.82216 
1.00001 0.138558 0.146057 1.82106 
1.00322 0.131514 0.126587 1.82547 
1.00163 0.138967 0.1228 1.82209 
1.00356 0.235342 0.0548025 1.82381 
1.01853 0.180413 0.0499801 1.85036 
0.999817 0.247997 0.0346198 1.81661 
0.999566 0.246225 0.0327866 1.81623 
1.02326 0.14816 -0.0503485 1.8592 
0.999935 0.247626 0.035644 1.81685 
0.999023 0.244109 0.0302053 1.81463 
1.0003 0.247425 0.0319484 1.81762 
0.99741 0.148956 0.141961 1.81557 
0.998612 0.163975 0.118244 1.8184 
0.992491 0.16906 0.140972 1.8071 
0.995925 0.16009 0.143196 1.81454 
1.0001 0.247822 0.0342735 1.81727 
1.00798 0.225251 -0.063149 1.83582 
1.0132 0.203339 0.0129535 1.83994 
1.00657 0.227796 0.0786603 1.83495 
1.01226 0.198719 0.0954584 1.84443 
1.01587 0.187792 0.0734198 1.84892 
1.01248 0.193197 0.072979 1.84158 
1.01043 0.0903865 0.120574 1.83613 
1.01359 0.0751556 0.113804 1.84127 
1.01236 0.0863598 0.104409 1.83915 
1.01208 0.0869719 0.120783 1.83994 
0.999761 0.2484 0.0347448 1.81658 
1.00018 0.24725 0.0347182 1.81733 
1.00086 0.246904 0.0306032 1.81881 
1.00061 0.245552 0.0328146 1.81792 
1.01581 0.188921 0.0217283 1.84406 
1.00668 0.232605 -0.0526924 1.83379 
1.01184 0.207724 0.0155604 1.83739 
0.998191 0.237312 0.0233274 1.81249 
1.0105 0.210199 0.023445 1.83458 
0.999293 0.245053 0.0323169 1.8152 
0.992116 0.195789 -0.0203714 1.79855 
1.00918 0.218594 0.0332445 1.8332 
0.97728 0.27121 -0.027265 1.7739 
1.03316 0.0510366 -0.00447752 1.87681 
1.03221 0.0786549 0.00264205 1.87415 
1.03305 0.0626291 0.0256812 1.87584 
1.03288 0.0514888 -0.0016944 1.87499 
1.01096 0.207795 0.0291255 1.83538 
1.0135 0.144336 0.0899088 1.84263 
1.02047 0.172164 0.0624935 1.85522 
1.02052 0.169887 0.0510672 1.8544 
1.02751 0.10924 -0.0542572 1.86779 
1.02655 0.118365 -0.0552449 1.86616 
1.02716 0.115582 -0.0471679 1.86599 
1.02675 0.117637 -0.0499317 1.86631 
1.01191 0.205593 -0.072604 1.84218 
1.00718 0.221706 0.0436861 1.82925 
1.00033 0.246998 0.0337044 1.81761 
1.01651 0.197014 -0.0345163 1.84869 
1.01544 0.188074 0.039785 1.84341 
0.952871 0.257016 -0.119696 1.72858 
0.997541 0.256471 0.0333367 1.81316 
1.0197 0.176313 0.014457 1.85293 
1.02019 0.170701 0.0217634 1.85344 
1.0208 0.170558 0.0166008 1.85478 
1.02022 0.174367 0.0196588 1.854 
1.01531 0.194177 0.0125319 1.84534 
0.968618 0.294834 0.125218 1.7694 
0.963581 0.306595 0.120994 1.76008 
0.964458 0.291058 0.128558 1.76002 
0.965215 0.297411 0.129057 1.76254 
1.02483 0.13897 0.0375031 1.86115 
1.02367 0.159683 0.0355318 1.86017 
1.02303 0.158334 0.0444203 1.85872 
1.02375 0.160014 0.040029 1.86072 
1.01557 0.194973 0.00630977 1.84558 
1.01995 0.179729 0.0326049 1.85319 
0.989238 0.154296 -0.0454676 1.79014 
1.01772 0.106346 0.0765051 1.84889 
1.01627 0.0928199 0.0718432 1.84574 
1.01738 0.0959125 0.0783174 1.84804 
1.01714 0.096575 0.0769421 1.84742 
1.00867 0.216874 -0.0806078 1.8375 
0.994887 0.255743 0.0701597 1.80866 
0.982032 0.293547 0.000946892 1.78696 
1.0145 0.202716 0.00834937 1.84575 
1.01296 0.205144 -0.0696364 1.84449 
0.999937 0.24837 0.0377759 1.81712 
1.01605 0.192344 0.0102543 1.84678 
0.9998 0.248128 0.0341669 1.81659 
1.00952 0.128007 0.0872772 1.834 
1.02065 0.168284 0.0595672 1.85623 
1.02342 0.154333 0.0588681 1.86097 
1.02284 0.158824 0.0462985 1.85932 
1.02251 0.155671 0.04962 1.85835 
0.979628 0.261858 -0.0276171 1.77786 
0.97998 0.261608 -0.0271998 1.77865 
1.01371 0.190572 0.0515767 1.84004 
0.999864 0.247463 0.0342174 1.81664 
1.0097 0.206336 0.0334689 1.83204 
1.01398 0.203811 0.0105529 1.84342 
1.02834 0.0682457 0.0301675 1.86669 
1.02724 0.067842 0.0494834 1.86475 
1.02835 0.0412537 0.0428362 1.86669 
1.02812 0.0707333 0.0431336 1.867 
1.00018 0.247095 0.0350078 1.8173 
1.01313 0.199657 0.0798956 1.84265 
0.976792 0.204912 0.258108 1.79617 
0.96452 0.164055 0.31161 1.7821 
0.991622 0.129359 0.25849 1.81906 
0.979146 0.154482 0.248946 1.78991 
0.945488 0.327025 0.0347231 1.72024 
1.00585 0.232805 0.0135037 1.82769 
0.972053 0.316987 0.0248177 1.7715 
0.960712 0.331184 0.0668221 1.75322 
1.00013 0.247206 0.0356498 1.81723 
1.0002 0.247313 0.0344988 1.81738 
1.0091 0.216056 0.0237121 1.83226 
0.983836 0.17351 0.104403 1.78429 
0.979029 0.300568 0.0238242 1.78178 
1.01381 0.203933 -0.016744 1.84222 
1.016 0.194261 -0.0193299 1.84618 
1.01628 0.187976 0.013413 1.84661 
1.01651 0.191258 0.0116092 1.84777 
0.984639 0.292553 0.0542832 1.79331 
0.999649 0.248675 0.0359784 1.81642 
0.95118 0.305106 0.148235 1.74008 
0.940557 0.304231 0.149331 1.71924 
0.950293 0.293862 0.165123 1.73878 
0.947363 0.303211 0.152427 1.73273 
1.0003 0.24684 0.033875 1.81749 
0.970755 0.313456 0.0811195 1.7696 
1.0173 0.188648 0.0089773 1.84887 
1.01776 0.188185 0.00960072 1.84995 
1.02101 0.0581872 0.164437 1.86014 
1.01265 0.116776 0.186052 1.84782 
1.00991 0.0919481 0.210012 1.84509 
1.01473 0.106869 0.181432 1.85216 
1.01538 0.199086 -0.00875919 1.84506 
1.01624 0.188716 0.0224552 1.84514 
1.02025 -0.015913 0.116598 1.85602 
1.02162 0.0319399 0.109287 1.85626 
1.01581 0.0186432 0.151236 1.84879 
1.01981 -0.011395 0.128012 1.85496 
1.02068 0.140471 0.071508 1.85443 
1.02067 0.161264 0.0738952 1.85565 
1.01909 0.14423 0.0718488 1.85147 
1.02005 0.143573 0.0693261 1.853 
0.946374 0.334054 0.0808573 1.7289 
1.01109 0.211122 -0.0680897 1.84095 
1.021 0.170977 -0.0351085 1.85561 
0.997114 0.230134 0.131404 1.81871 
1.00732 0.193308 0.113371 1.83317 
1.00071 0.226802 0.0941038 1.82167 
1.00229 0.23126 0.109434 1.82874 
0.9823 0.227434 -0.0223291 1.77862 
0.983525 0.214388 -0.0318181 1.77924 
0.981041 0.232175 -0.0291645 1.77675 
0.982164 0.230407 -0.0300082 1.77915 
1.01377 0.207318 -0.0394049 1.84414 
1.00017 0.247537 0.0345826 1.81737 
0.995866 0.253425 0.00811811 1.80881 
1.00959 0.096318 0.123616 1.83566 
1.01147 0.0911626 0.106904 1.83812 
1.01017 0.100134 0.104959 1.83611 
1.01051 0.0984831 0.105192 1.8363 
0.975501 0.252101 -0.0370244 1.76832 
1.00652 0.136172 0.0959392 1.83123 
1.00422 0.149689 0.106928 1.82872 
1.00481 0.131328 0.110605 1.82762 
1.00423 0.137027 0.111164 1.82725 
0.979793 0.175613 -0.0964322 1.77316 
0.972657 0.282436 0.121042 1.77546 
0.976397 0.251073 0.108467 1.77511 
0.974038 0.276877 0.110872 1.77623 
0.974406 0.275742 0.12161 1.7782 
1.02088 0.167515 0.00876891 1.85422 
1.01984 0.17316 0.0131575 1.85262 
1.02083 0.167868 0.0151384 1.8543 
1.02064 0.172282 0.0119944 1.85446 
1.01748 0.185889 -0.0416699 1.84958 
1.0109 0.110224 0.0760718 1.83709 
1.00895 0.123073 0.0845446 1.83444 
1.00979 0.110633 0.0882608 1.83517 
1.00965 0.111945 0.0878821 1.83512 
1.03243 0.0087505 0.060964 1.87692 
1.03264 0.0477024 0.05824 1.87589 
1.02963 0.0387807 0.107381 1.87297 
1.03189 0.00859652 0.0675552 1.87472 
0.983847 0.228897 0.0364375 1.78413 
0.993399 0.218678 0.0487281 1.80318 
0.987959 0.203676 0.0124823 1.78837 
0.988672 0.224118 0.0416615 1.79516 
1.00115 0.24343 0.0329715 1.81873 
1.00009 0.247362 0.0352484 1.81716 
1.02232 0.162737 -0.0148808 1.8571 
1.02117 0.16918 -0.0095938 1.85508 
1.02259 0.159061 -0.00812145 1.85715 
1.0222 0.165292 -0.00728451 1.85708 
0.999941 0.247608 0.034884 1.81683 
1.02044 0.165238 -0.0650533 1.85643 
1.00007 0.246985 0.0360325 1.81705 
1.01081 0.218172 0.0707816 1.83933 
1.00032 0.246734 0.0343159 1.81752 
0.970275 0.29092 0.115133 1.76734 
0.971809 0.288174 0.107325 1.76804 
0.979597 0.254704 -0.0438627 1.77703 
0.999981 0.247528 0.0350339 1.81692 
1.01499 0.201047 0.00548802 1.84682 
1.01194 0.202646 0.0271694 1.83678 
1.01414 0.20347 0.0100059 1.84329 
1.02277 0.103656 0.0743705 1.85767 
1.02119 0.0990842 0.0804712 1.85483 
1.02225 0.0890761 0.0799943 1.85645 
1.02189 0.0981936 0.0731476 1.85573 
1.01085 0.211858 -0.0670623 1.84013 
0.982883 0.264152 -0.0293468 1.78428 
1.00802 0.225385 -0.0347694 1.83352 
0.999979 0.247583 0.0367833 1.81699 
0.99884 0.252088 0.038674 1.81539 
0.963312 0.325802 0.0289222 1.75526 
1.01425 0.203376 0.00956527 1.84354 
0.992387 0.233646 0.074813 1.80596 
0.982853 0.249363 0.0581753 1.78734 
0.983397 0.26349 0.0887412 1.7924 
0.985381 0.243189 0.0651793 1.7904 
1.00017 0.247593 0.0335996 1.81735 
0.951723 0.326724 0.182481 1.75224 
0.925027 0.322293 0.237208 1.70899 
0.961235 0.275047 0.231416 1.76957 
0.946192 0.297799 0.201926 1.73455 
1.01717 0.182282 -0.0377739 1.84782 
1.0171 0.186246 -0.00967666 1.84736 
1.01519 0.194201 0.0157165 1.84345 
0.969194 0.251844 0.136139 1.762 
0.969828 0.282271 0.130564 1.77 
0.965885 0.279185 0.135021 1.76095 
0.968981 0.277968 0.131433 1.76762 
0.981464 0.220184 -0.0411125 1.7757 
0.97942 0.230062 -0.0427234 1.77292 
0.98056 0.235368 -0.0356952 1.77657 
0.980967 0.225854 -0.0361627 1.77552 
1.01389 0.210826 0.0694829 1.84545 
1.0216 0.176371 0.0248765 1.8569 
1.02523 0.137808 -0.045915 1.86274 
1.02443 0.142773 -0.0474675 1.86142 
1.02483 0.142043 -0.0418319 1.86179 
1.02482 0.142983 -0.0436455 1.8622 
0.999857 0.247864 0.0350176 1.81669 
0.999993 0.247547 0.0360274 1.81699 
1.01928 0.100643 0.0772431 1.85122 
1.01813 0.10562 0.0742089 1.84905 
1.01788 0.0952866 0.0768254 1.84851 
1.01859 0.101136 0.078438 1.85015 
0.96427 0.219092 -0.127447 1.74806 
1.02386 0.148052 -0.0387185 1.85994 
1.02351 0.149473 -0.0442679 1.85965 
0.950576 0.313717 0.00322948 1.72682 
0.981823 0.26233 0.125647 1.78629 
1.01326 0.0839994 0.0944997 1.84083 
1.01458 0.0815328 0.0852317 1.84291 
1.0133 0.0857555 0.0831825 1.84061 
1.01369 0.0868366 0.0855646 1.84138 
0.999919 0.247857 0.0352759 1.81685 
1.01374 0.19656 0.0541406 1.84137 
1.02772 0.122947 -0.0115596 1.86578 
1.02645 0.130156 -0.00121725 1.86325 
1.02769 0.122186 0.000642168 1.86553 
1.02745 0.125803 0.00130589 1.86528 
0.959012 0.273799 0.0916117 1.73651 
0.957405 0.276197 0.0993013 1.73403 
0.961516 0.281452 0.100232 1.74565 
0.960067 0.275764 0.0971994 1.74014 
0.967739 0.271874 -0.0319607 1.75459 
1.00023 0.24716 0.0341578 1.81741 
1.00105 0.245838 0.0317842 1.81904 
1.01478 0.19855 0.0173131 1.84315 
0.979803 0.201699 -0.0902772 1.77546 
1.01269 0.197788 0.0579618 1.8392 
0.976266 0.242123 0.0882586 1.77041 
0.978686 0.227811 0.0982235 1.77411 
0.979744 0.218756 0.0792805 1.77294 
0.978463 0.239615 0.0877285 1.7752 
1.00019 0.247011 0.0347615 1.81731 
1.00924 0.234305 0.0576523 1.84243 
1.01445 0.200773 0.0110435 1.84308 
1.01867 0.176904 0.0377428 1.84964 
1.00077 0.244946 0.0360616 1.81826 
1.0097 0.214354 0.00887885 1.83333 
1.0249 0.0902599 0.058991 1.86106 
1.02334 0.103315 0.0621721 1.85821 
1.02302 0.0891119 0.0721675 1.85774 
1.02409 0.08859 0.0691713 1.85951 
0.999896 0.247696 0.0348596 1.81674 
1.02041 0.0354558 0.115969 1.8542 
1.01648 0.0546093 0.124078 1.8472 
1.01633 0.0246247 0.14234 1.84807 
1.0177 0.0509188 0.123331 1.84926 
0.999847 0.248017 0.0343262 1.81668 
1.00049 0.245672 0.0346475 1.81771 
0.935653 0.318725 0.11314 1.70723 
0.935141 0.312343 0.130264 1.70628 
0.944039 0.321654 0.120523 1.72589 
0.939404 0.31938 0.120674 1.71734 
1.01112 0.213565 -0.0312218 1.83832 
1.0141 0.0758527 0.0569166 1.84089 
1.01436 0.0756814 0.0562144 1.84145 
1.01442 0.078027 0.0580762 1.84167 
1.0143 0.0759233 0.0562145 1.84132 
0.997171 0.255452 0.0236776 1.81194 
0.974011 0.311952 0.0861446 1.77719 
1.01225 0.193005 0.0500071 1.83677 
1.01388 0.204801 0.00889407 1.84459 
0.999758 0.248442 0.0352409 1.8166 
0.992803 0.212509 -0.0256309 1.79794 
1.02585 0.125595 -0.0511007 1.8648 
1.02586 0.132287 -0.0452629 1.86428 
1.02683 0.125049 -0.0426197 1.86579 
1.02622 0.124806 -0.0491989 1.86464 
0.992886 0.205429 -0.0276668 1.79892 
0.988905 0.146918 -0.0805269 1.78976 
0.986575 0.174431 0.0899561 1.78279 
0.984465 0.178397 0.10778 1.78069 
0.987379 0.159436 0.105655 1.78573 
0.986638 0.17384 0.108492 1.78535 
1.00048 0.246578 0.0331528 1.81786 
0.999952 0.247707 0.0350142 1.81689 
1.01921 0.175732 -0.0227502 1.85137 
1.00686 0.119145 0.11649 1.83139 
1.00811 0.10789 0.122258 1.83311 
1.00911 0.109529 0.103088 1.83434 
1.00815 0.106693 0.117719 1.8332 
0.979992 0.198641 0.132207 1.77729 
0.974127 0.222678 0.145834 1.77049 
0.977013 0.202056 0.165064 1.77884 
0.977528 0.197235 0.1551 1.77508 
1.01445 0.201173 0.00798597 1.84347 
1.01956 0.18095 -0.0123733 1.85287 
0.94002 0.312681 0.138775 1.71925 
0.949846 0.313455 0.13957 1.73832 
0.947256 0.320563 0.128385 1.73405 
0.946477 0.314529 0.135702 1.73112 
0.999806 0.248124 0.0357453 1.81666 
0.975742 0.284446 -0.0225701 1.77359 
0.999866 0.247896 0.0346846 1.81671 
0.997853 0.226887 0.0793211 1.80967 
0.999821 0.24381 0.023982 1.81745 
1.01403 0.202053 0.00987689 1.84204 
0.986785 0.17848 -0.0680012 1.78536 
0.999706 0.248516 0.0347999 1.81647 
1.01789 0.185172 0.00166983 1.85199 
1.0004 0.246413 0.0347477 1.81767 
1.01421 0.20422 0.00997205 1.84398 
1.01457 0.0162486 0.203016 1.85615 
1.02206 0.0518653 0.165042 1.86415 
1.00937 0.0835958 0.221831 1.84828 
1.01676 0.0246993 0.190339 1.85537 
1.01907 0.180509 -0.00109878 1.8516 
1.01913 0.178268 -0.006724 1.85141 
1.01597 0.192647 0.0492235 1.84601 
1.02424 0.013125 0.0930968 1.86046 
1.02427 -0.0391209 0.0920678 1.86397 
1.02768 0.0128379 0.0661361 1.86666 
1.02656 0.0148237 0.0707965 1.86463 
1.01674 0.18755 0.00432215 1.84699 
1.00043 0.246007 0.035463 1.81767 
0.99984 0.246891 0.0334626 1.81677 
1.0102 0.201027 0.0874753 1.83857 
0.999742 0.248334 0.0344842 1.81651 
1.01338 0.199139 -0.0781005 1.84538 
1.00014 0.247183 0.035167 1.81724 
1.00908 0.217211 -0.0761689 1.83798 
1.01997 0.169269 0.00209623 1.85528 
1.01792 0.186434 -0.00835603 1.84951 
1.00952 0.0926096 0.0732613 1.83231 
0.999556 0.229505 -0.0225226 1.8182 
0.962428 0.286608 -0.0214292 1.74612 
1.01343 0.19854 0.031045 1.83993 
1.00996 0.222307 -0.0597557 1.83976 
0.990311 0.141709 -0.0582909 1.79257 
1.01914 0.175447 0.0367857 1.85218 
1.01636 0.188648 0.0413626 1.84786 
1.01781 0.18005 0.0535786 1.85069 
1.01779 0.181267 0.0370653 1.84991 
1.01319 0.201125 -0.0544655 1.84251 
1.0099 0.208884 -0.0844021 1.83923 
1.00199 0.245277 0.0222502 1.82114 
0.960664 0.309697 0.124033 1.75508 
0.956966 0.305878 0.135428 1.74921 
0.961806 0.295139 0.135072 1.7562 
0.959627 0.299253 0.128659 1.75136 
1.00914 0.194021 0.125262 1.83962 
0.99819 0.22951 0.142207 1.82351 
1.00668 0.183058 0.155367 1.83687 
1.00497 0.18809 0.150224 1.83205 
0.998918 0.252964 0.0379873 1.81577 
1.01646 0.194917 0.0142102 1.84698 
1.02601 0.138605 0.051388 1.86482 
1.0281 0.12359 0.0392716 1.86765 
1.02648 0.136404 0.0333235 1.86474 
1.02688 0.124831 0.0387517 1.8647 
0.999894 0.249134 0.0404462 1.81731 
0.999785 0.248281 0.0364374 1.81667 
1.01294 0.207948 -0.0375288 1.84189 
0.999425 0.24624 0.0302811 1.81629 
0.969614 0.314711 0.101327 1.76978 
1.00019 0.247196 0.0340981 1.81731 
1.02308 0.149503 -0.0528686 1.86007 
1.00192 0.236239 0.0495714 1.81967 
1.02331 0.160634 0.00831565 1.85994 
1.02345 0.162626 0.0207365 1.85995 
1.02474 0.141877 0.00976096 1.86145 
1.02415 0.159667 0.0195547 1.86196 
0.978106 0.259818 -0.0272117 1.77452 
0.978219 0.25484 -0.0191009 1.77446 
0.979329 0.252912 -0.0271192 1.77601 
0.978735 0.254824 -0.0217868 1.77495 
0.980828 0.220397 0.107535 1.77892 
0.982932 0.201285 0.113671 1.78134 
0.984304 0.196288 0.100088 1.78195 
0.983153 0.201332 0.0995664 1.78006 
1.00051 0.246125 0.0341 1.81785 
0.996864 0.214421 0.0528861 1.81103 
0.997727 0.182229 0.016957 1.8081 
0.991497 0.201322 0.00995384 1.79666 
0.994851 0.186669 0.0139956 1.80178 
1.01141 0.19144 0.094048 1.8407 
1.01277 0.0801936 0.0627468 1.8384 
1.01274 0.0851315 0.0630536 1.83872 
1.01062 0.211281 0.0163731 1.835 
0.973785 0.288466 -0.015028 1.76958 
0.955902 0.328331 -0.0396042 1.74575 
0.958156 0.314703 -0.0586555 1.74791 
0.952244 0.334618 -0.0596297 1.74091 
0.956281 0.321306 -0.0567404 1.74542 
0.979448 0.264133 -0.0316293 1.77799 
1.00126 0.245794 0.0275573 1.81949 
0.977994 0.183102 -0.119752 1.77345 
1.01589 0.185128 0.058888 1.84498 
1.00592 0.228312 0.0218325 1.82689 
1.0001 -0.0375199 0.203383 1.82423 
1.02063 -0.0693003 0.131508 1.86319 
1.01184 -0.00907703 0.164478 1.84173 
1.00766 -0.0236047 0.189792 1.8399 
1.01979 0.176285 -0.00764011 1.85617 
0.982589 0.19657 0.0368903 1.77298 
0.978822 0.214823 0.0426237 1.76741 
0.982089 0.209658 0.0539382 1.77507 
0.981941 0.205316 0.0504422 1.77356 
0.975674 0.246678 -0.0322586 1.76666 
1.00287 0.236814 0.0308821 1.82135 
1.01011 0.216 -0.0732015 1.84001 
1.00001 0.247569 0.0349446 1.81699 
1.01392 0.204097 0.00510169 1.84202 
1.00753 0.0917918 0.0752369 1.8284 
1.00744 0.205114 0.120878 1.83437 
1.01358 0.19726 0.0431899 1.84053 
0.9993 0.247161 0.0488348 1.81577 
1.01412 0.202432 0.0112045 1.84409 
1.00014 0.246813 0.0365944 1.81719 
1.01039 0.0938886 0.064437 1.83398 
1.013 0.201777 0.025649 1.83931 
0.983281 0.232833 -0.0575175 1.78246 
1.00017 0.247431 0.0343555 1.81733 
0.998438 0.239705 0.0296076 1.8132 
1.01603 0.0881479 0.0730993 1.84519 
1.01588 0.0845071 0.0785405 1.84497 
1.01699 0.0902281 0.0794118 1.8471 
1.01627 0.0879052 0.0769979 1.84584 
0.97643 0.203265 0.0951708 1.77039 
1.0147 0.197987 0.0812524 1.84633 
1.0143 0.197985 -0.070276 1.84655 
0.988461 0.253384 0.112505 1.79772 
0.954432 0.307715 0.134654 1.74391 
0.958819 0.310954 0.122788 1.75105 
0.951448 0.31831 0.125415 1.73955 
0.954797 0.316192 0.126395 1.74639 
1.02804 -0.034112 0.0332763 1.86941 
1.03034 0.0064662 -0.000550066 1.87342 
1.02911 0.0167066 0.0361958 1.8691 
1.02872 -0.00231523 0.0469757 1.86974 
1.00104 0.108726 0.0912476 1.81589 
1.012 0.201317 0.033967 1.8369 
0.937489 0.323042 0.090086 1.70996 
0.944128 0.327065 0.0891288 1.7241 
1.02077 0.130676 0.0726444 1.85477 
1.01942 0.124669 0.0751237 1.85249 
1.02048 0.122261 0.0732757 1.8541 
1.02002 0.123498 0.0721824 1.853 
1.01764 0.182227 0.0493066 1.84836 
1.02617 -0.0437158 0.143273 1.8734 
1.0327 -0.0372838 0.0703197 1.88021 
1.02721 0.00247388 0.125232 1.86928 
1.02751 -0.000364792 0.118818 1.87122 
1.01679 0.190021 0.0161846 1.8483 
1.01753 0.186261 0.0167368 1.84944 
1.01738 0.186999 0.0146446 1.84918 
1.01737 0.186675 0.0168129 1.84915 
1.00905 0.223179 0.0168174 1.83354 
1.02075 0.181952 0.00598419 1.85665 
0.999863 0.247402 0.034221 1.81667 
0.968828 0.298781 -0.00890912 1.76094 
1.00019 0.247279 0.034603 1.81737 
0.986572 0.280076 2.46782e-05 1.79368 
0.99592 0.260091 0.0468677 1.81068 
1.01474 0.194897 -0.0643851 1.84647 
0.985266 0.288208 0.0258118 1.79251 
1.01736 0.164656 0.0854584 1.84974 
1.02255 0.146999 0.0655457 1.85833 
1.01909 0.168012 0.0630942 1.85269 
1.01981 0.168396 0.0783645 1.85578 
1.00023 0.247018 0.0346275 1.8174 
1.00725 0.12611 0.0998225 1.83204 
1.00664 0.120891 0.114448 1.83123 
1.00891 0.110939 0.102218 1.83431 
1.00766 0.121512 0.0989261 1.83216 
0.970819 0.29642 -0.0150345 1.76517 
0.994875 0.263511 0.0386673 1.80872 
0.999911 0.247685 0.0348589 1.81678 
1.01251 0.209648 0.0750294 1.84242 
1.02079 0.17318 0.0517736 1.85522 
1.00042 0.246456 0.0341529 1.81771 
0.999788 0.248308 0.0340605 1.8166 
0.996247 0.262318 0.0331368 1.81154 
1.01913 0.173808 -0.0610762 1.85361 
1.01421 0.203406 0.00943511 1.8432 
0.975643 0.254914 -0.00469824 1.76911 
0.969826 0.269644 -0.00877213 1.75941 
0.972143 0.267646 0.00438764 1.76481 
0.972368 0.268376 0.00128408 1.76516 
1.01368 0.205364 0.00852807 1.8442 
0.990159 0.156607 0.192514 1.80725 
0.995642 0.14695 0.168987 1.81504 
0.990763 0.165583 0.163972 1.80585 
0.992288 0.157576 0.165495 1.80783 
1.01377 0.204129 0.0106428 1.84356 
1.0009 0.244682 0.0336187 1.81844 
0.987539 0.121777 -0.104361 1.78674 
0.999883 0.247462 0.0345855 1.81681 
1.02488 0.144884 0.00635208 1.86104 
1.02358 0.153292 0.00227772 1.85883 
1.02354 0.153352 0.0120444 1.85888 
1.02398 0.14778 0.00317035 1.85915 
0.982469 0.231692 -0.014767 1.77978 
0.980534 0.240355 -0.00867616 1.77706 
0.98459 0.216503 -0.00512579 1.78197 
0.982658 0.236276 -0.00455173 1.78136 
0.999562 0.249184 0.0349891 1.81629 
1.01445 0.201916 0.0119391 1.84312 
1.01551 0.193687 -0.0653634 1.84824 
1.01552 0.195457 -0.0443705 1.84659 
0.999005 0.252895 0.0412869 1.81612 
0.979461 0.239015 -0.0291821 1.77398 
0.978279 0.246226 -0.0309947 1.77248 
0.979191 0.24735 -0.0273768 1.77458 
0.978975 0.246649 -0.0281978 1.77422 
1.02772 0.108404 -0.0477734 1.86788 
1.02776 0.116102 -0.0400365 1.86712 
1.02862 0.106362 -0.0368884 1.86839 
1.02811 0.105543 -0.0442479 1.86746 
0.999975 0.057218 0.217821 1.82473 
0.993139 0.00792624 0.252456 1.81925 
1.0078 0.0216099 0.192423 1.83728 
1.0023 0.0293719 0.194684 1.82423 
0.985896 0.288396 0.0161442 1.79397 
1.00082 0.244148 0.0360546 1.8182 
0.991259 0.260038 0.11914 1.81086 
0.99641 0.247379 0.0861076 1.81629 
0.985302 0.273409 0.0974577 1.79774 
0.991114 0.255766 0.109362 1.80811 
1.03052 0.085807 -0.0487629 1.87349 
1.02872 0.0989654 -0.0524333 1.87005 
1.02931 0.0965007 -0.0409291 1.8698 
1.02895 0.0979176 -0.0433605 1.87008 
1.01411 0.199047 0.0381044 1.84412 
1.0081 0.219679 0.0545721 1.83476 
1.01556 0.185921 0.0544981 1.84634 
1.01286 0.201752 0.0621149 1.84313 
0.99794 0.254276 0.0365198 1.81365 
1.00023 0.246196 0.0391516 1.81736 
0.969382 0.272922 -0.0508546 1.75996 
0.972282 0.271296 -0.049267 1.76572 
1.00013 0.247478 0.0343317 1.81724 
1.01777 0.190181 0.0176975 1.84934 
1.00008 0.247212 0.0354654 1.8171 
1.01471 0.0836343 0.0771615 1.84283 
1.01432 0.0828192 0.0684907 1.84191 
1.01362 0.0868106 0.074617 1.84092 
1.01421 0.0824451 0.0754113 1.84196 
1.00025 0.246752 0.0347651 1.81739 
1.01815 0.184684 -0.0586216 1.85264 
1.01449 0.191423 -0.0713295 1.84623 
1.01379 0.0719824 0.134427 1.8439 
1.00981 0.0903971 0.143629 1.83747 
1.01101 0.0721658 0.157739 1.84045 
1.01147 0.0746728 0.135499 1.83843 
1.00019 0.246975 0.0363766 1.81734 
1.017 0.185064 -0.0607801 1.84996 
0.999043 0.245396 0.030139 1.81459 
0.999941 0.247496 0.0345405 1.81695 
1.01095 0.0849828 0.0662196 1.83478 
0.935566 0.320216 -0.075986 1.70562 
0.93367 0.326561 -0.0654174 1.70295 
0.943772 0.336366 -0.0712078 1.72486 
0.937863 0.325778 -0.0710687 1.7126 
0.999889 0.24784 0.035012 1.81677 
1.01463 0.200456 0.010535 1.84346 
1.00023 0.247054 0.0343493 1.81739 
1.00173 0.177743 0.190849 1.83081 
0.991934 0.231526 0.173276 1.81436 
0.985103 0.224322 0.216981 1.80729 
0.992637 0.218867 0.177749 1.81515 
1.01679 0.190947 -0.00416888 1.84731 
1.00736 0.222214 0.0289764 1.82929 
1.00744 0.238257 -0.0214821 1.83425 
1.00042 0.245893 0.0355647 1.81763 
1.0005 0.244724 0.0373218 1.81759 
1.00463 0.161727 0.186254 1.83513 
0.987285 0.196112 0.213647 1.80643 
1.00096 0.130966 0.209955 1.82804 
0.99817 0.158131 0.22624 1.82826 
0.993608 0.243514 -0.00340355 1.80238 
0.999835 0.247923 0.0346011 1.81664 
1.01004 0.221691 -0.040791 1.83789 
0.941803 0.330264 0.0504516 1.71483 
0.983392 0.282182 0.0642149 1.7878 
1.0144 0.183934 0.0837991 1.84417 
1.02333 0.144822 -0.056926 1.86046 
1.02384 0.13907 -0.0581238 1.86152 
0.99987 0.247797 0.0347905 1.8167 
1.01468 0.200448 -0.0524658 1.84596 
1.02109 0.17554 0.0151934 1.85593 
1.01338 0.205741 0.0101177 1.84319 
0.903994 0.372678 0.0740115 1.65391 
0.898678 0.370137 0.111537 1.64429 
0.927409 0.37599 0.0858903 1.70235 
0.914347 0.377288 0.08824 1.6811 
1.01917 0.180722 -0.00612738 1.85177 
1.01782 0.176752 -0.0646569 1.85151 
1.02084 0.159592 0.064857 1.85521 
1.02117 0.139376 0.0634838 1.85488 
1.02263 0.148736 0.0605563 1.85838 
1.02189 0.148724 0.0682315 1.85696 
0.999069 0.250104 0.0338317 1.81527 
0.999845 0.246955 0.0335088 1.81671 
0.984493 0.269372 -0.0116701 1.78662 
1.00021 0.246957 0.035199 1.81735 
1.02799 0.113928 -0.0365171 1.86665 
1.02834 0.112681 -0.0244595 1.86669 
1.02894 0.103566 -0.0323269 1.86809 
1.0286 0.115624 -0.0307303 1.86814 
1.01513 0.199277 0.0123244 1.84444 
0.970387 0.278035 -0.0187642 1.76305 
0.97614 0.266235 -0.0127231 1.77299 
0.973345 0.269031 -0.0265272 1.76674 
0.972999 0.26684 -0.0215103 1.76566 
1.0139 0.203737 7.13053e-05 1.84193 
1.00006 0.24737 0.0351679 1.81707 
1.00225 0.239998 0.0260427 1.82049 
0.999794 0.246866 0.0333071 1.81642 
1.01418 0.200823 0.0127098 1.84395 
0.999873 0.247761 0.0343106 1.81669 
1.02247 0.160412 -0.0352624 1.85788 
0.992097 0.169172 0.0961018 1.80222 
0.965258 0.316742 0.0980782 1.76004 
0.999465 0.249335 0.0343993 1.81607 
1.01519 0.199556 0.00692188 1.84703 
0.959462 0.319469 0.0138071 1.74604 
0.968557 0.249514 0.0615948 1.75107 
0.965744 0.258273 0.0688647 1.74689 
0.969427 0.259056 0.072995 1.75645 
0.968631 0.254162 0.0701244 1.75296 
1.03114 0.0868933 -0.0137305 1.87233 
1.03062 0.0843 -0.0331194 1.87283 
1.02989 0.0959264 -0.0273501 1.87046 
1.03073 0.0871973 -0.0325155 1.87218 
0.99796 0.255939 0.0332548 1.81405 
0.999654 0.248783 0.0358036 1.81645 
0.982126 0.160424 -0.099573 1.77695 
0.999778 0.248163 0.0346318 1.81656 
1.02499 0.138484 -0.0476384 1.8629 
1.02418 0.138586 -0.0538956 1.86208 
1.02414 0.144133 -0.0492712 1.8615 
1.0245 0.138605 -0.0527041 1.86203 
1.01635 0.19279 0.00417118 1.84941 
1.00626 0.23935 -0.0404316 1.83321 
0.989912 0.263153 0.0871399 1.80022 
1.00621 0.225069 0.0243139 1.82689 
1.01352 0.205329 0.000589963 1.84124 
1 0.247575 0.0351986 1.81699 
0.970143 0.296854 0.114566 1.77286 
0.971811 0.291141 0.117402 1.77474 
0.972683 0.290101 0.113575 1.77692 
0.971577 0.29237 0.116594 1.77521 
1.01569 0.187335 -0.0680871 1.84821 
0.974517 0.197596 -0.118247 1.7673 
0.998344 0.253121 0.0365132 1.81434 
0.947736 0.33399 0.0620986 1.73093 
1.02192 0.15594 -0.0554689 1.85826 
1.02423 0.109598 0.115811 1.86357 
1.01647 0.132197 0.156488 1.85343 
1.02402 0.0829097 0.13909 1.86477 
1.02219 0.0873217 0.13921 1.85988 
1.01683 0.180814 -0.066307 1.84987 
1.01661 0.1824 -0.0707503 1.84992 
0.998133 0.201237 0.104862 1.81801 
0.979361 0.261535 -0.0284981 1.77714 
0.999098 0.25055 0.0399021 1.81568 
1.01758 0.187479 -0.00168796 1.84878 
0.97949 0.290199 0.144875 1.79746 
0.999813 0.248062 0.0349505 1.81663 
0.999989 0.247238 0.0318827 1.81732 
1.01507 0.199065 0.00209532 1.84436 
0.965518 0.325832 0.0837869 1.76255 
1.01481 0.199387 0.00517383 1.84379 
1.01542 0.201734 0.0752463 1.84792 
0.968269 0.257917 0.154305 1.76577 
0.964964 0.282011 0.14425 1.76216 
0.959509 0.274223 0.164633 1.75279 
0.963207 0.264796 0.148748 1.75449 
0.961338 0.270787 0.141127 1.74693 
0.972863 0.260855 -0.0342088 1.76399 
0.976567 0.280892 -0.0174454 1.77421 
1.02684 0.132586 -0.0283591 1.86516 
1.02793 0.126357 -0.0227665 1.86707 
1.02763 0.125545 -0.033553 1.8668 
1.02742 0.124304 -0.0305691 1.86576 
1.01811 0.181292 -0.0529983 1.85126 
1.02 0.177554 -0.0325922 1.8541 
1.00835 0.225994 0.0097487 1.8324 
1.01564 0.19563 0.00176614 1.84819 
0.95424 0.273252 0.128247 1.72878 
1.01274 0.212468 -0.0495378 1.84346 
1.01893 0.172035 -0.0671349 1.85387 
0.989742 0.239762 -0.0253216 1.79381 
1.0003 0.246707 0.0344102 1.81747 
0.987389 0.201704 -0.0662838 1.78814 
0.991903 0.277611 0.0576244 1.80655 
0.974853 0.274978 0.109005 1.77147 
0.974435 0.273088 0.111251 1.77017 
1.00087 0.245041 0.0324255 1.81843 
1.01451 0.0781448 0.0577684 1.84183 
1.01442 0.0756868 0.0562016 1.84157 
1.01454 0.0773199 0.058014 1.84189 
1.01452 0.077343 0.0578182 1.84186 
0.971469 0.320605 0.064784 1.77271 
1.01608 0.0930851 0.0711138 1.84533 
1.01744 0.106666 0.0763411 1.84821 
1.01603 0.0991695 0.0723451 1.84547 
1.01624 0.0996511 0.0699007 1.84566 
1.01821 0.183932 0.0115528 1.85053 
1.01823 0.18241 0.0156457 1.85044 
1.01886 0.1803 0.0127542 1.85149 
1.01849 0.182976 0.0150255 1.85111 
1.01176 0.203566 -0.0816404 1.8425 
0.948505 0.331895 0.0423579 1.72938 
0.970829 0.226251 0.168347 1.76804 
0.965934 0.235389 0.203075 1.76756 
0.974177 0.207486 0.190344 1.77805 
0.970482 0.224178 0.176404 1.77039 
0.983897 0.135321 -0.109377 1.77982 
0.955616 0.330726 0.081968 1.74484 
0.969971 0.26382 -0.0363876 1.75802 
0.987588 0.248619 -0.0333742 1.79245 
0.986487 0.197323 0.0947242 1.79377 
1.00368 0.240571 0.00901166 1.82453 
1.01447 0.0763452 0.0559919 1.84174 
1.01447 0.0777927 0.0562821 1.84182 
1.01451 0.0776847 0.0578583 1.84187 
1.01444 0.0763675 0.0567193 1.84166 
0.939763 0.324625 0.105349 1.7174 
0.946276 0.325657 0.11637 1.73085 
0.947636 0.330241 0.102742 1.73262 
0.944914 0.326767 0.106975 1.72694 
1.01275 0.101063 0.0718395 1.83944 
1.0143 0.193141 -0.0761197 1.84645 
0.999697 0.248728 0.034448 1.81649 
1.0002 0.247236 0.0345928 1.81738 
0.97345 0.0845193 0.291163 1.78433 
1.00652 -0.00393849 0.230217 1.84241 
0.999411 0.079577 0.235666 1.82665 
0.991655 0.0754072 0.27993 1.82514 
0.999503 0.248435 0.0432388 1.8163 
1.01347 0.208662 0.0701177 1.84426 
1.01155 0.208058 0.00766648 1.83669 
0.99988 0.247744 0.03464 1.81671 
0.984277 0.250683 -0.0388387 1.785 
1.01487 0.0848586 0.0620999 1.8428 
1.01543 0.0894918 0.0665053 1.84404 
1.01549 0.0941944 0.0672821 1.84427 
1.01531 0.0890991 0.0674833 1.84385 
1.01286 0.201171 0.0189304 1.83872 
1.02163 0.15826 -0.0624966 1.85833 
0.968043 0.307029 0.1066 1.76635 
0.99477 0.108541 0.226012 1.81854 
0.988392 0.142571 0.2228 1.80678 
0.983799 0.126997 0.252603 1.80213 
0.987984 0.127742 0.220956 1.80311 
1.01958 0.074212 0.0933572 1.85169 
1.02147 0.0600433 0.0973342 1.85525 
1.02158 0.0787626 0.0859594 1.85524 
1.02104 0.0708734 0.0855499 1.85374 
0.972738 0.292401 -0.0106971 1.7681 
1.01473 0.195945 0.0221721 1.84257 
0.967376 0.318808 0.0298643 1.76136 
0.941091 0.279888 0.196334 1.72376 
0.954892 0.263708 0.211556 1.75162 
0.95168 0.280437 0.187474 1.74321 
0.948586 0.275088 0.193008 1.73601 
1.0154 0.195482 0.0227956 1.8442 
0.95398 0.303746 -0.00758152 1.73166 
0.946723 0.14632 0.263207 1.72425 
0.972397 0.057204 0.268632 1.77563 
0.969968 0.119235 0.25839 1.77123 
0.962523 0.12361 0.286702 1.76569 
1.01335 0.0911325 0.0637746 1.84045 
1.01233 0.0997214 0.0690754 1.83906 
1.01279 0.0923107 0.0717124 1.8395 
1.01272 0.0920977 0.0709161 1.83939 
1.00623 0.224989 0.0289777 1.82703 
1.01434 0.0805086 0.0575762 1.84175 
1.014 0.0848803 0.0600067 1.84135 
1.0142 0.0815027 0.0620464 1.84153 
1.01411 0.0808788 0.0612668 1.84134 
1.01203 0.197743 0.057447 1.83751 
0.976801 0.257738 -0.0301528 1.77094 
1.01468 0.198082 0.0127282 1.84455 
1.02035 0.16386 -0.0597867 1.85562 
1.00102 0.243495 0.0380427 1.8186 
1.00853 0.22242 0.0266964 1.83224 
1.01126 0.205433 0.0858378 1.84003 
1.01235 0.0846361 0.0638924 1.83775 
0.968597 0.284435 0.101026 1.76398 
0.968924 0.270986 0.0860483 1.75955 
0.967028 0.278784 0.0913406 1.75754 
0.967711 0.273654 0.0944475 1.75807 
0.975398 0.305606 0.0244634 1.77493 
1.02275 0.155748 -0.00036704 1.85707 
1.02179 0.162195 0.00437607 1.85563 
1.02277 0.155644 0.00858054 1.85722 
1.02244 0.160392 0.00720075 1.857 
0.947137 0.32147 0.0154026 1.72196 
1.01709 0.193125 0.0114736 1.84824 
1.00447 0.234844 0.0164104 1.82479 
1.01838 0.174228 -0.0615964 1.85184 
0.987729 0.280585 0.0506748 1.79683 
1.01524 0.084415 0.065874 1.84354 
1.0148 0.081667 0.0620804 1.84261 
1.01475 0.0796435 0.0613164 1.84246 
1.01484 0.0819168 0.0616279 1.84267 
0.971013 0.310823 0.0155798 1.76697 
0.99983 0.246891 0.0335401 1.81675 
1.01894 0.17205 0.0652569 1.85152 
1.01271 0.211882 -0.016428 1.84083 
0.96839 0.25889 -0.0698109 1.75551 
1.0085 0.221255 -0.00376515 1.83192 
0.999784 0.248235 0.035011 1.81661 
0.98934 0.127083 -0.0810098 1.78929 
1.01755 0.185442 0.0209888 1.84787 
1.01517 0.199413 -0.00225486 1.84454 
1.00034 0.246666 0.0350194 1.81759 
0.998032 0.250922 0.0275993 1.81296 
0.996459 0.14329 0.0954661 1.80951 
0.964778 0.327195 0.064108 1.75997 
1.01341 0.204929 0.0115198 1.8431 
1.01922 0.170276 -0.0619376 1.85394 
1.01315 0.201472 -0.065046 1.8436 
0.999869 0.248062 0.0355449 1.81679 
0.989549 0.120956 -0.0872235 1.79007 
0.99965 0.248695 0.0338511 1.81635 
0.999941 0.247726 0.0360517 1.8169 
0.947785 0.309995 -0.094544 1.72874 
0.935707 0.377071 0.0497099 1.71819 
0.916715 0.375843 0.0569119 1.68262 
0.932997 0.378203 0.0761943 1.71446 
0.929608 0.3762 0.0584182 1.70463 
0.999916 0.24772 0.0350685 1.8168 
1.02258 0.159467 -0.021579 1.85742 
1.0227 0.160212 -0.023778 1.85795 
0.999821 0.246946 0.033695 1.81665 
1.01362 0.206001 0.0095382 1.84384 
1.01931 0.178281 0.00865427 1.85209 
1.01939 0.177854 0.004253 1.85206 
1.01865 0.181367 0.00578546 1.85088 
1.01904 0.18092 0.00699625 1.85179 
0.985156 0.144856 -0.0945922 1.7821 
1.00438 0.223825 0.0441617 1.82279 
1.00982 0.208272 0.0361467 1.83284 
1.01489 0.197881 -0.00583924 1.84351 
1.00008 0.247502 0.0348778 1.81716 
0.990991 0.16131 0.0271269 1.78772 
0.987443 0.179505 0.0326329 1.78187 
0.99056 0.170965 0.0414952 1.78859 
0.990757 0.17147 0.0396731 1.78902 
0.94711 0.278058 -0.115238 1.72018 
0.923304 0.345759 -0.0217343 1.68489 
0.918808 0.354276 -0.00279857 1.67727 
0.935274 0.362918 -0.0128251 1.71242 
0.92738 0.352911 -0.0133633 1.697 
0.999877 0.247215 0.0341226 1.81679 
1.01467 0.199434 0.0110449 1.84479 
0.984189 0.262982 -0.0276541 1.78713 
1.01142 0.101528 0.0785786 1.83763 
1.0108 0.101498 0.0906254 1.83689 
1.0123 0.0927067 0.080985 1.83896 
1.01151 0.100864 0.0789979 1.83766 
1.01315 0.0451182 0.152615 1.8426 
1.01456 0.0627278 0.126445 1.84325 
1.01128 0.060473 0.149389 1.83847 
1.01353 0.0475116 0.145309 1.84268 
1.00372 0.232481 0.0315653 1.8225 
1.00091 0.247103 0.00743758 1.82125 
0.995963 0.216667 -0.0360006 1.81096 
1.01728 0.197038 0.00620479 1.85048 
1.00714 0.230286 -0.0520521 1.83392 
1.0171 0.132355 0.0793382 1.84872 
1.01795 0.143214 0.0771892 1.85025 
1.01704 0.143855 0.0818177 1.84906 
1.01746 0.14419 0.0800922 1.85005 
0.999916 0.247549 0.0344597 1.81674 
1.01605 0.11445 0.0738636 1.84613 
1.01483 0.0978081 0.0648705 1.84319 
1.01565 0.10182 0.070124 1.84493 
1.01547 0.101017 0.0714339 1.84447 
1.02136 0.167293 -0.0233815 1.85555 
0.999794 0.246901 0.0340133 1.81644 
1.0127 0.101604 0.0664716 1.83899 
1.01284 0.102659 0.067005 1.83856 
1.0022 0.120517 0.141484 1.82278 
1.00667 0.102332 0.135568 1.83071 
1.00525 0.11678 0.123315 1.8279 
1.00448 0.120584 0.138635 1.82812 
0.952376 0.32011 0.0114414 1.73323 
1.00077 0.120623 0.089017 1.81626 
1.01927 0.182883 0.00376362 1.85314 
0.976271 0.249343 -0.039349 1.76961 
0.975966 0.238597 -0.0429306 1.76642 
0.970415 0.269614 -0.0313014 1.76047 
1.00222 0.240963 0.0330393 1.8208 
1.01233 0.165415 0.0925211 1.84088 
1.02094 0.169228 -0.0107667 1.85448 
1.0214 0.169673 -0.0133374 1.85579 
1.01194 0.201384 -0.077332 1.84216 
0.967265 0.295647 0.133519 1.7678 
1.01474 0.199851 0.0106706 1.84463 
1.00976 0.210662 0.0136234 1.83271 
0.999831 0.247912 0.0343882 1.81662 
0.968648 0.297024 0.122626 1.77023 
0.9587 0.23473 -0.127263 1.73835 
1.00115 0.242621 0.0370443 1.81868 
0.979373 0.151779 -0.11315 1.7712 
1.02097 0.106109 0.0744827 1.85439 
1.02237 0.109757 0.0685463 1.85678 
1.02107 0.114734 0.0717247 1.8547 
1.02133 0.111497 0.0752123 1.85529 
1.01346 0.201191 0.0374385 1.84289 
1.01121 0.210134 0.0207618 1.83873 
1.00699 0.222444 0.0525406 1.83245 
1.01038 0.220024 0.0292855 1.83911 
0.961122 0.312759 0.0984599 1.75065 
1.01019 0.163464 0.0936015 1.83842 
0.999918 0.247629 0.0347879 1.81678 
1.02234 0.159136 0.0529359 1.85755 
1.02092 0.158834 0.0628485 1.85469 
1.02279 0.14682 0.0566425 1.85778 
1.02216 0.159947 0.0559477 1.85761 
1.01407 0.0817471 0.067163 1.84144 
1.01358 0.085573 0.065325 1.84064 
1.01341 0.08598 0.0731484 1.84054 
1.01368 0.0858409 0.0660095 1.8408 
1.01043 0.20686 -0.0799454 1.83974 
0.959575 0.284213 -0.0957489 1.74648 
1.00683 0.0968745 0.0745568 1.82705 
1.01476 0.200946 0.00668461 1.84419 
0.968635 0.200347 -0.127081 1.75495 
1.00741 0.0865033 0.149847 1.83203 
1.00374 0.0786237 0.18541 1.82795 
1.00787 0.0677441 0.164075 1.83317 
1.0066 0.0898759 0.167416 1.83273 
1.02464 0.140448 0.0485163 1.86143 
1.0231 0.159714 0.0494729 1.85944 
1.02368 0.145611 0.0566219 1.85997 
1.02397 0.143087 0.0473211 1.85976 
1.00018 0.247117 0.0349452 1.8173 
1.01453 0.0777576 0.0599028 1.84195 
1.01436 0.0779704 0.0584641 1.84164 
1.01441 0.0791836 0.0629611 1.84189 
1.01444 0.0789113 0.0593235 1.84183 
0.999809 0.248175 0.0347979 1.81664 
0.999913 0.247686 0.0347144 1.81678 
0.951042 0.327222 0.0251291 1.73342 
0.991129 0.273453 0.0114379 1.80233 
0.975603 0.228321 0.0473874 1.76259 
0.97208 0.239166 0.0542478 1.75678 
0.975439 0.238896 0.0588201 1.76528 
0.975233 0.233687 0.0564446 1.76335 
0.987133 0.27762 0.0731446 1.79618 
0.958804 0.328227 0.0450091 1.74668 
1.00038 0.246594 0.0346533 1.81766 
1.00407 0.0966115 0.0815462 1.82136 
0.982064 0.294635 0.0246364 1.78681 
0.999334 0.246912 0.029578 1.81527 
1.02968 0.1104 0.0233954 1.86979 
1.03061 0.101315 0.00292432 1.87119 
1.02894 0.116831 0.00792121 1.86823 
1.02975 0.100523 0.0121886 1.86883 
1.0152 0.196224 0.0102085 1.84542 
0.97385 0.307405 0.00311513 1.77294 
1.0138 0.203109 0.0100833 1.84149 
1.00174 0.240628 0.0442249 1.81998 
1.01505 0.19905 -0.0441264 1.8459 
0.976487 0.169348 -0.122672 1.76777 
1.01444 0.204097 0.00922632 1.8445 
1.01356 0.205722 0.0104843 1.84363 
1.02977 0.105227 0.0452318 1.87044 
1.02841 0.102484 0.0761051 1.86894 
1.03142 0.080306 0.0516493 1.8733 
1.0299 0.0811864 0.0554237 1.8696 
0.986464 0.186848 0.0436042 1.78107 
0.983932 0.204165 0.0617122 1.779 
0.98817 0.183587 0.05507 1.7854 
0.986195 0.189221 0.0462088 1.78103 
1.01364 0.203225 -0.0275642 1.84225 
0.996224 0.121553 0.0987083 1.80667 
1.01465 0.0965416 0.0668906 1.84273 
1.01574 0.113129 0.0762463 1.84532 
1.01475 0.106908 0.0734992 1.84304 
1.015 0.109468 0.069384 1.84372 
1.01521 0.164415 0.0806729 1.84524 
1.00027 0.246094 0.0359788 1.8173 
0.993843 0.237504 0.124729 1.80812 
0.930652 0.331179 -0.0528713 1.69767 
0.927141 0.337051 -0.0386761 1.69124 
0.93827 0.348801 -0.0477137 1.71643 
0.933077 0.336735 -0.0471619 1.7051 
0.963301 0.264485 0.0759026 1.74308 
0.960911 0.269434 0.0837527 1.73923 
0.964848 0.272128 0.0851427 1.74971 
0.963917 0.267451 0.0827065 1.7459 
0.958161 0.293658 -0.0165887 1.73873 
0.999629 0.248745 0.0345224 1.81633 
0.992417 0.260921 0.00540383 1.80292 
1.0117 0.206014 0.0351752 1.83707 
1.00014 0.247351 0.0349459 1.81725 
1.0148 0.193642 0.0337068 1.84259 
0.963096 0.272791 -0.107583 1.75324 
1.01321 0.197806 -0.0739451 1.84436 
0.97589 0.225607 -0.0936212 1.76916 
0.97878 0.29402 0.076914 1.78165 
1.01421 0.198628 0.0163526 1.84173 
1.00029 0.246343 0.0381734 1.8175 
0.938319 0.308929 -0.0936379 1.70976 
0.946304 0.311621 -0.0951723 1.72663 
0.955548 0.31124 0.000702981 1.7377 
0.98605 0.283907 0.0374317 1.79314 
0.968183 0.276475 -0.0279189 1.7568 
0.978422 0.255384 -0.0261323 1.7742 
0.97827 0.256757 -0.0292226 1.77426 
0.998784 0.251601 0.0317828 1.81491 
1.00168 0.244082 0.0316647 1.82017 
0.915361 0.372837 0.132298 1.68675 
0.945346 0.360169 0.138397 1.74297 
0.936492 0.375687 0.104574 1.72508 
0.932196 0.365184 0.12377 1.71266 
1.01766 0.19287 0.0101128 1.85021 
1.01635 0.197863 0.00802303 1.84832 
0.964345 0.32885 0.051868 1.75891 
1.01701 0.152933 0.082262 1.84891 
1.01696 0.152708 0.0773103 1.84837 
0.999788 0.248304 0.0344656 1.81661 
0.956443 0.27147 -0.11354 1.74015 
0.962972 0.291509 -0.0168304 1.74877 
0.999389 0.249171 0.0362623 1.81591 
1.00053 0.242137 0.044932 1.81737 
1.03152 0.078672 0.00575588 1.87196 
1.03027 0.0905754 0.0286395 1.86984 
1.03199 0.0632037 0.0285014 1.87288 
1.03146 0.0906471 0.0238292 1.87288 
1.01602 0.193077 0.015099 1.84532 
0.998506 0.253923 0.0352617 1.8149 
0.971994 0.239448 -0.0823275 1.76146 
0.999849 0.248019 0.0348991 1.81671 
0.980322 0.283052 -0.0135521 1.78126 
0.999866 0.247883 0.0353286 1.81673 
0.997412 0.215064 0.0906327 1.8171 
1.01505 0.140865 0.0684199 1.84113 
0.971125 0.235351 -0.104846 1.76384 
1.00356 0.24345 0.0111012 1.82473 
1.01515 0.193395 0.0755059 1.84601 
1.00714 0.231635 -0.015289 1.83126 
1.00208 0.227562 -0.0490551 1.82403 
1.03126 0.0483031 0.0630592 1.8723 
1.02756 0.076369 0.0927918 1.86652 
1.02818 0.0419432 0.108831 1.86879 
1.02943 0.0740082 0.0903623 1.8711 
1.01306 0.204616 0.00594662 1.83988 
0.986975 0.134215 -0.102411 1.78663 
0.982687 0.295895 0.0929064 1.79357 
0.964828 0.278825 -0.0286783 1.74993 
1.02512 0.13632 0.0184493 1.86083 
1.02511 0.137566 0.00706292 1.86076 
1.02364 0.146161 0.0142201 1.85823 
1.02478 0.144329 0.0163782 1.86091 
0.975952 0.251162 0.0830291 1.77136 
0.97919 0.230655 0.0703531 1.77345 
0.976444 0.242641 0.0689231 1.76934 
0.976999 0.233369 0.0741851 1.76894 
1.01308 0.197353 0.0341648 1.83887 
0.966678 0.270205 -0.110166 1.76153 
1.00564 0.225713 0.0235101 1.8256 
0.965117 0.289858 0.113908 1.75848 
0.964027 0.292624 0.113227 1.75655 
1.01397 0.201833 0.0173604 1.84165 
1.0037 0.0699951 0.179005 1.82566 
1.0103 0.0301623 0.163555 1.8369 
1.009 0.058852 0.152695 1.83319 
1.00715 0.0513456 0.180937 1.83331 
1.00328 0.109557 0.0801073 1.82049 
0.965669 0.28461 -0.0228522 1.75346 
1.01176 0.101764 0.0727386 1.83693 
0.99786 0.237842 0.0240666 1.81139 
1.00691 0.224079 0.0379847 1.82883 
1.00181 0.244402 0.0288715 1.82052 
1.01894 0.19152 0.00825188 1.85321 
0.979672 0.238106 -0.0331579 1.77492 
0.978821 0.234283 -0.0394068 1.77228 
0.977804 0.24677 -0.03577 1.77259 
0.978779 0.24206 -0.03937 1.77399 
1.0003 0.24767 0.0329554 1.81772 
1.02057 0.176403 0.0160726 1.8542 
1.0065 0.234067 0.00638625 1.8298 
0.999964 0.247321 0.0338057 1.81696 
1.00027 0.246841 0.0349031 1.81747 
0.999247 0.250067 0.0334576 1.81569 
1.02255 0.167262 0.023673 1.85826 
1.02202 0.173688 0.0134958 1.85823 
0.96125 0.298789 -0.0881436 1.75322 
0.959899 0.328271 0.0314969 1.74893 
1.01611 0.187608 -0.00987525 1.84504 
0.97958 0.0574003 0.252135 1.78876 
0.993143 0.0836847 0.214441 1.80931 
0.978588 0.113367 0.254085 1.79006 
0.986444 0.0750725 0.256619 1.80534 
1.01648 0.190682 -0.0581147 1.84946 
0.999839 0.248123 0.0352388 1.81672 
0.999831 0.247948 0.034721 1.81664 
0.981912 0.287489 0.0885184 1.78818 
0.952308 0.293633 -0.10668 1.73605 
1.00803 0.221804 0.0192083 1.83073 
0.948528 0.364559 0.0396794 1.74026 
0.960115 0.341972 0.0559773 1.75968 
0.958059 0.345178 0.0246339 1.75521 
0.954403 0.341695 0.0360946 1.74518 
1.01932 0.178468 -0.043742 1.85305 
1.01713 0.187841 -0.0508745 1.84977 
0.951249 0.327947 -0.0677148 1.73704 
0.957117 0.311214 -0.0649832 1.745 
0.953602 0.324878 -0.0795902 1.74269 
1.00318 0.23487 0.0391448 1.82198 
1.01651 0.192838 0.073547 1.84917 
0.999731 0.246416 0.0322303 1.81668 
0.999754 0.248464 0.0353644 1.8166 
1.01463 0.0884491 0.0648344 1.84243 
1.01476 0.0843748 0.0632527 1.84262 
1.01531 0.0933926 0.0691994 1.84398 
1.01487 0.0891057 0.0631058 1.84293 
0.961719 0.272259 0.0904285 1.74254 
0.962647 0.279876 0.100678 1.74798 
0.964448 0.275146 0.0933264 1.7503 
0.962931 0.27689 0.0928263 1.74706 
0.957133 0.280324 0.114834 1.73621 
0.955917 0.276529 0.108081 1.73143 
0.974472 0.285845 0.105472 1.77321 
0.962852 0.319491 0.0164726 1.75195 
0.961507 0.250647 -0.120615 1.74807 
0.972636 0.289474 0.11847 1.77638 
0.972679 0.28663 0.123555 1.77663 
0.973451 0.286328 0.118218 1.77825 
0.972946 0.288901 0.118867 1.77735 
1.02385 0.149567 -0.00611048 1.85903 
1.02519 0.140283 -0.00366397 1.86124 
1.02488 0.143158 -0.0127162 1.86087 
1.0247 0.146058 -0.00335118 1.86071 
1.0261 0.131658 -0.0434036 1.86407 
1.02646 0.131467 -0.035196 1.86433 
1.02704 0.124281 -0.0404209 1.86549 
1.0266 0.132361 -0.0374005 1.86513 
1.01741 0.114185 0.073507 1.84818 
1.01658 0.115815 0.0757595 1.84685 
1.01607 0.102573 0.0711393 1.84543 
1.01683 0.114224 0.076526 1.84753 
1.0264 0.0712037 0.0590874 1.86386 
1.02482 0.0507638 0.0801375 1.86106 
1.0277 0.0455777 0.0558148 1.86619 
1.02653 0.0424568 0.0661175 1.86363 
0.993609 0.216087 -0.00352024 1.80237 
1.00014 0.247195 0.0348161 1.81723 
1.01247 0.21045 -0.060694 1.84339 
1.01388 0.201134 0.0136966 1.8413 
1.01915 0.114906 0.0786075 1.8513 
1.02018 0.107254 0.0797118 1.85322 
1.02022 0.115356 0.0753953 1.85304 
1.01999 0.1143 0.0753037 1.85298 
1.0249 0.145559 0.0281561 1.8617 
1.02348 0.155553 0.0229121 1.85935 
1.02348 0.154369 0.0342219 1.8596 
1.02393 0.146434 0.0279606 1.85937 
0.998027 0.255307 0.0301531 1.81396 
0.961168 0.287718 0.138467 1.75384 
0.954995 0.298902 0.141006 1.74427 
0.955349 0.283194 0.153178 1.74358 
0.958211 0.293466 0.147988 1.75135 
1.01323 0.204574 0.0112306 1.84031 
0.982979 0.296004 0.0399996 1.78978 
1.01662 0.187331 -0.0493801 1.84807 
0.973975 0.309898 0.0624717 1.77437 
1.01437 0.144876 0.0813142 1.84408 
1.01097 0.10091 0.0913904 1.83701 
1.01223 0.0922578 0.0942281 1.83909 
1.01247 0.0929693 0.0821248 1.83919 
1.01189 0.0921574 0.0929776 1.83853 
0.998615 0.252528 0.0333495 1.81476 
1.00531 0.229721 0.0366365 1.82602 
0.975204 0.301601 0.00755787 1.77421 
0.965873 0.230179 -0.123716 1.75391 
0.999823 0.248096 0.0358404 1.8167 
1.00296 0.233383 0.0375703 1.82103 
1.00865 0.161904 0.100544 1.83489 
1.0133 0.211345 0.0694184 1.84406 
0.960774 0.247631 0.189284 1.75549 
0.966918 0.238441 0.157892 1.75982 
0.957006 0.264628 0.169806 1.7465 
0.96204 0.25328 0.183521 1.75797 
1.01538 0.195854 -0.0531425 1.84708 
1.00554 0.123672 0.0924163 1.82586 
1.00019 0.24772 0.033852 1.81745 
1.01617 0.0849016 0.084493 1.84581 
1.01771 0.0848162 0.0867454 1.84847 
1.01732 0.0900934 0.080728 1.84776 
1.0172 0.0848013 0.08441 1.84744 
0.983301 0.284319 0.103858 1.79255 
0.999262 0.249683 0.0328789 1.81562 
0.986146 0.16891 0.187949 1.79858 
0.987866 0.176336 0.160476 1.80002 
0.981446 0.189497 0.182303 1.79054 
0.985413 0.177913 0.186688 1.7989 
0.971803 0.244536 0.0633147 1.75789 
0.971099 0.25499 0.0760826 1.75972 
0.974149 0.244671 0.06848 1.76409 
0.972321 0.248478 0.0655864 1.76035 
1.01279 0.1986 0.042989 1.83879 
0.979821 0.289777 -0.0032091 1.78161 
1.0049 0.237412 0.00183402 1.82667 
0.969507 0.21601 -0.122499 1.75962 
1.01216 0.201569 0.0501076 1.83813 
1.01461 0.192516 0.0283915 1.84177 
1.02253 0.156426 0.0238887 1.85712 
1.0208 0.164104 0.0308098 1.8542 
1.02235 0.155427 0.0344816 1.85693 
1.02198 0.161798 0.027032 1.85668 
1.01561 0.194434 0.005 1.8451 
1.02202 0.131361 0.0669666 1.8565 
1.02315 0.120159 0.0650409 1.85829 
1.02332 0.136894 0.0640118 1.85923 
1.02273 0.131225 0.0610111 1.85783 
1.01483 0.199044 0.00114386 1.84358 
0.976936 0.251223 0.105796 1.77612 
0.97522 0.259623 0.0967775 1.773 
0.97405 0.27123 0.110943 1.77471 
0.975324 0.253084 0.10127 1.77206 
0.999594 0.248691 0.0340245 1.81622 
0.968053 0.323162 0.0493548 1.76493 
1.00567 0.151786 0.0936354 1.82849 
1.01728 0.184625 0.0378159 1.8474 
0.99987 0.2484 0.0445106 1.81726 
1.01009 0.210853 0.0447131 1.83435 
0.999747 0.247015 0.0334684 1.81628 
1.02565 0.138635 -0.0246059 1.86267 
1.02431 0.147727 -0.024789 1.86037 
1.02507 0.14345 -0.0176499 1.86154 
1.02501 0.143072 -0.0265112 1.86157 
0.924188 0.362065 0.00778635 1.69289 
0.937617 0.374729 0.0239094 1.72119 
0.938564 0.369806 -0.000403541 1.72203 
0.93403 0.368737 0.00911726 1.71091 
0.976189 0.294709 -0.00675717 1.77476 
0.998217 0.253334 0.0330268 1.81397 
0.978036 0.270775 0.116932 1.7784 
1.01081 0.203807 0.0457155 1.83483 
0.999383 0.248995 0.0337936 1.81577 
0.972991 0.214605 -0.112583 1.7653 
0.953923 0.331572 0.0603241 1.739 
1.00055 0.245416 0.037041 1.81787 
1.00074 0.243725 0.0383197 1.81798 
1.0198 0.182936 0.0197832 1.85328 
1.01345 0.0974043 0.0675792 1.84075 
1.01398 0.095449 0.0636237 1.84151 
1.01367 0.103132 0.0652013 1.84068 
1.01374 0.0969641 0.0629219 1.84088 
0.999569 0.248964 0.0345032 1.81624 
1.01415 0.202364 0.0106773 1.84247 
1.00856 0.218491 -0.0740028 1.8368 
0.962941 0.310853 0.000821507 1.75177 
1.00012 0.247371 0.0349622 1.81721 
1.01429 0.201576 -0.0617888 1.84625 
0.999188 0.250017 0.0367826 1.81564 
1.00115 0.241208 0.0399685 1.81846 
1.02298 0.159361 -0.0129983 1.85825 
1.0234 0.155787 -0.00567139 1.85874 
1.02433 0.149137 -0.0115729 1.86025 
1.02355 0.153441 -0.0142117 1.85887 
1.01226 0.20416 0.0202309 1.8378 
1.01756 0.184409 -0.00192897 1.84848 
0.959034 0.300648 -0.0093105 1.74282 
1.01365 0.194869 0.0345035 1.83994 
1.0303 0.0980408 -0.0018625 1.87004 
1.02875 0.114257 -0.00826129 1.86748 
1.02884 0.114057 0.00462862 1.8676 
1.02923 0.113973 -0.00713262 1.86871 
0.997083 0.255907 0.057139 1.81307 
1.01865 0.180743 0.000454615 1.85058 
0.979918 0.216886 0.0652313 1.77185 
0.978443 0.220565 0.0518614 1.76809 
0.977123 0.231848 0.0638024 1.76809 
0.978527 0.228318 0.0555393 1.77027 
1.02677 0.126109 0.0222412 1.86392 
1.02847 0.111107 0.0263976 1.86684 
1.02796 0.116915 0.0127545 1.86576 
1.02788 0.124939 0.022444 1.8666 
1.01467 0.202769 0.0103557 1.84452 
0.999836 0.247602 0.0339742 1.8166 
1.01361 0.207591 -0.00580782 1.84198 
1.016 0.152785 0.0846484 1.84655 
1.01793 0.184012 0.016754 1.85001 
1.01798 0.18535 0.0128125 1.85023 
1.0176 0.185907 0.0144586 1.84951 
1.01775 0.184517 0.0133986 1.84961 
0.999808 0.247023 0.0336793 1.81649 
1.00028 0.246655 0.0355559 1.81745 
0.984621 0.160773 -0.0952645 1.78281 
1.01617 0.187951 -0.067541 1.84913 
0.99017 0.253131 -0.0181272 1.79721 
0.944729 0.342288 -0.0628797 1.72839 
0.935738 0.331595 -0.0606495 1.70931 
0.94207 0.348468 -0.0514631 1.72432 
0.941567 0.343411 -0.0599805 1.72189 
0.987505 0.265903 -0.00749343 1.79303 
1.01708 0.187827 -0.0656742 1.85124 
0.987654 0.143144 -0.0805187 1.78694 
1.00048 0.198891 0.0972346 1.8223 
1.0022 0.241311 0.0306422 1.82075 
1.01058 0.212492 -0.0796103 1.84115 
0.976582 0.256751 -0.017292 1.77091 
0.977113 0.259852 -0.0292198 1.77224 
0.975482 0.263058 -0.0289396 1.77011 
0.999705 0.2484 0.0339822 1.81642 
1.02385 0.0516465 0.081174 1.85877 
1.02547 0.0694852 0.0656362 1.86178 
1.02339 0.0746144 0.0772193 1.85824 
1.02404 0.0744655 0.0756837 1.8597 
1.00718 0.125239 0.0874333 1.83 
1.02386 0.12106 0.0566111 1.8596 
1.02498 0.128236 0.0438327 1.86155 
1.02402 0.13672 0.054209 1.86031 
1.0244 0.127406 0.0591562 1.86075 
0.999457 0.249489 0.0322176 1.81604 
0.967982 0.309517 0.149326 1.77552 
0.983876 0.26901 0.147886 1.79991 
0.979462 0.284263 0.116826 1.78921 
0.97645 0.296678 0.128616 1.7879 
1.02231 0.121891 0.0681717 1.85737 
1.02132 0.129798 0.0670876 1.85554 
1.02087 0.121846 0.0710382 1.85475 
1.02172 0.122007 0.0702173 1.85608 
0.984131 0.149907 -0.107044 1.78209 
0.997859 0.257716 0.0416169 1.81456 
0.999971 0.247157 0.0311532 1.81731 
1.00022 0.246783 0.0370585 1.81739 
0.962394 0.302994 -0.00726109 1.74853 
1.00959 0.214438 -0.0772157 1.83891 
0.966543 0.31008 0.00317055 1.75778 
1.02376 0.152931 -0.0270032 1.85971 
1.02304 0.158813 -0.0204711 1.85848 
1.02441 0.147932 -0.0198521 1.86044 
1.02382 0.153206 -0.0180715 1.85965 
0.995173 0.263788 0.0499333 1.81012 
0.971939 0.284549 0.12332 1.77236 
0.972829 0.280601 0.118125 1.77174 
0.972941 0.27919 0.115345 1.7695 
0.972592 0.281757 0.116836 1.77133 
0.961483 0.310423 0.0171115 1.75163 
0.96357 0.303225 0.0399583 1.75456 
0.968545 0.283161 0.0175776 1.76069 
0.966007 0.309882 0.0279652 1.76261 
1.02429 0.149081 -0.0320372 1.86076 
1.02555 0.138578 -0.0318999 1.86264 
1.0248 0.143604 -0.0370541 1.86162 
1.02494 0.142367 -0.0301926 1.86154 
0.989231 0.271464 0.00741781 1.79761 
0.961387 0.282275 0.106363 1.7462 
0.958771 0.277632 0.104719 1.73829 
0.960089 0.282154 0.112069 1.74362 
0.960104 0.281834 0.107079 1.74301 
1.00174 0.145111 0.0999739 1.82038 
0.999569 0.2489 0.0367167 1.8163 
0.999333 0.208319 0.126368 1.81563 
1.00213 0.236495 0.0425926 1.81989 
1.01834 0.183177 0.00513708 1.85029 
1.01845 0.181469 0.00169899 1.85025 
1.01264 0.208219 -0.00643183 1.83969 
1.02187 0.162437 -0.0545487 1.85837 
1.01394 0.203886 0.00987742 1.84331 
1.01877 0.183404 -0.0327319 1.85184 
1.02067 0.162368 -0.0576418 1.85554 
1.0018 0.240657 0.0392409 1.8199 
1.01757 0.186969 0.00343036 1.84895 
1.01834 0.185712 0.0112002 1.851 
1.01899 0.182149 0.0118735 1.852 
1.01846 0.183647 0.00801243 1.85085 
1.01858 0.183264 0.00861925 1.85114 
1.00293 0.236803 0.0323317 1.82155 
0.968226 0.263188 0.0823222 1.75531 
0.966128 0.261658 0.0758558 1.7492 
0.966481 0.269704 0.0861737 1.75312 
0.966986 0.26774 0.0789769 1.75323 
0.999848 0.247026 0.0341807 1.81664 
1.01252 0.211552 -0.0475665 1.84234 
1.00011 0.247445 0.0348324 1.8172 
1.02596 0.137821 -0.03273 1.86374 
1.02568 0.13813 -0.0405953 1.86366 
1.02512 0.141962 -0.0370106 1.8623 
1.02561 0.137494 -0.0388564 1.86305 
0.953679 0.340697 0.1241 1.74944 
0.959181 0.33755 0.0890125 1.75694 
0.944468 0.361874 0.0963859 1.73367 
0.95318 0.355145 0.0981822 1.75123 
1.0107 0.215543 -0.0561138 1.83948 
1.01445 0.124131 0.0813098 1.84295 
1.0155 0.141705 0.0822487 1.84659 
1.00864 0.184038 0.0939459 1.83643 
1.01745 0.187396 0.0671626 1.84991 
1.00188 0.2383 0.0368444 1.81944 
0.96987 0.308557 0.000274256 1.76527 
1.00062 0.244945 0.0412044 1.8181 
1.01902 0.183772 0.0140683 1.85139 
1.00909 0.227398 -0.0490564 1.83768 
1.02095 0.170262 0.0235084 1.85533 
1.02222 0.163108 0.0171385 1.85717 
1.02149 0.169901 0.0165869 1.8564 
1.0216 0.165091 0.0214625 1.85601 
0.966277 0.328809 0.0855653 1.77028 
0.962411 0.333977 0.124785 1.76766 
0.974041 0.302199 0.103058 1.78073 
0.9688 0.308558 0.109118 1.77103 
0.954538 0.332373 0.0447203 1.74006 
1.00007 0.247479 0.0350148 1.81712 
0.999889 0.247782 0.0347961 1.81674 
1.01426 0.203359 0.0100275 1.84333 
0.987016 0.142041 -0.0948503 1.78638 
0.9992 0.25128 0.0319131 1.81586 
0.997812 0.25323 0.0594873 1.81443 
1.02489 0.139945 0.0471279 1.86196 
1.02545 0.137511 0.0319562 1.86225 
1.02407 0.149189 0.0378989 1.86058 
1.02482 0.148272 0.0417996 1.8625 
1.02097 0.171551 -0.0220553 1.85516 
1.01908 0.179194 0.0236182 1.85073 
0.980259 0.168779 -0.110965 1.77566 
0.955507 0.324513 0.0251958 1.73897 
0.977162 0.149002 0.244436 1.78718 
0.982972 0.159753 0.215661 1.79467 
0.973149 0.18141 0.234836 1.78021 
0.978577 0.162421 0.244186 1.79214 
1.01867 0.0844397 0.0860755 1.85002 
1.01946 0.0948576 0.0820497 1.8516 
1.01809 0.0910709 0.0809481 1.84909 
1.0186 0.0908562 0.0805744 1.84985 
0.975758 0.20985 -0.117585 1.77171 
1.01417 0.166209 0.0875512 1.84519 
0.988176 0.284235 0.0444166 1.79867 
1.01012 0.213566 0.00969268 1.83422 
0.972862 0.311399 0.0470723 1.77149 
0.999396 0.24922 0.0375398 1.81599 
0.987868 0.285165 0.0280389 1.7977 
0.969639 0.300955 0.0551477 1.76918 
0.976963 0.266631 0.0412832 1.77706 
0.972902 0.281197 0.0243995 1.77089 
0.972669 0.269366 0.0377364 1.76715 
1.02012 0.0940888 0.0790653 1.85254 
1.0194 0.0838128 0.0847143 1.85117 
1.02109 0.085267 0.0795375 1.854 
1.02034 0.0867074 0.0852609 1.85304 
0.990135 0.26372 -0.00288452 1.79798 
0.974274 0.265605 -0.0331124 1.76694 
0.97259 0.268397 -0.0285138 1.76331 
1.00591 0.19132 0.103762 1.83282 
0.963575 0.287682 0.103446 1.75292 
0.967093 0.284655 0.106172 1.76091 
0.965543 0.279399 0.0952913 1.75448 
0.965409 0.285857 0.103903 1.75688 
0.97784 0.253375 0.0532082 1.77577 
0.970234 0.287274 0.0696625 1.7666 
0.9774 0.268726 0.0841866 1.77872 
0.975699 0.282914 0.073112 1.77891 
1.00394 0.230745 0.0420203 1.82304 
1.0136 0.203273 0.0135774 1.84098 
0.999226 0.149341 0.0992592 1.81435 
1.0143 0.199612 0.013237 1.84211 
1.00263 0.238133 0.0356925 1.82123 
0.988667 0.197205 -0.0465966 1.78905 
0.999914 0.242679 0.0625579 1.8171 
0.940064 0.318988 -0.0825562 1.71614 
0.946552 0.334899 -0.0731519 1.73108 
0.949219 0.324577 -0.0830606 1.73419 
0.945801 0.326808 -0.082905 1.72765 
0.987793 0.255039 -0.0175156 1.79184 
1.00688 0.186605 0.10765 1.83483 
1.0098 0.199399 0.0582379 1.83231 
0.983409 0.171255 0.214084 1.7978 
0.978991 0.1935 0.204524 1.78969 
0.975656 0.190561 0.230156 1.78674 
0.978896 0.184629 0.207011 1.78775 
1.00509 0.21298 0.0855717 1.82529 
1.00178 0.243029 0.029634 1.82011 
0.996188 0.261243 0.0378565 1.81126 
0.97905 0.240718 -0.0322102 1.77366 
0.97777 0.245379 -0.0311086 1.77145 
0.977931 0.241479 -0.0326463 1.7711 
1.0001 0.246336 0.0378127 1.81701 
1.02902 0.115575 -0.0188479 1.86859 
1.03076 0.0993339 -0.0178709 1.87175 
1.02977 0.104797 -0.0287218 1.8702 
1.02978 0.102156 -0.0168815 1.86945 
1.00411 0.147485 0.101936 1.82474 
1.01083 0.205203 0.0478542 1.8354 
1.00196 0.242364 0.0314426 1.82045 
0.990728 0.278905 0.105259 1.8093 
1.01635 0.19011 -0.05701 1.84864 
0.99986 0.247851 0.0344909 1.81668 
1.00512 0.214197 0.100048 1.83182 
0.992297 0.23921 -0.0205564 1.79997 
0.930191 0.344451 -0.0309802 1.70085 
0.939338 0.363096 -0.0215833 1.72229 
0.940194 0.355241 -0.0383873 1.72264 
0.936649 0.355829 -0.0315715 1.71414 
1.00127 0.244733 0.0301537 1.81926 
1.01709 0.183236 0.0288817 1.84641 
0.965306 0.292287 0.131053 1.76174 
1.01647 0.130953 0.0782059 1.8479 
1.01622 0.141568 0.0797416 1.84814 
1.01546 0.12554 0.0758716 1.84531 
1.01605 0.130147 0.0808209 1.84691 
1.01858 0.186714 0.0661349 1.85256 
1.01212 0.208178 -0.0764976 1.84374 
1.00829 0.210433 0.103534 1.83927 
1.01525 0.186221 0.0313937 1.84234 
0.944536 0.357944 -0.0201426 1.72916 
0.951522 0.345356 -0.0291079 1.74068 
0.944657 0.353121 -0.0375607 1.72897 
0.947822 0.357429 -0.0317286 1.73724 
0.999428 0.25015 0.0383168 1.81633 
1.01621 0.186631 0.0299957 1.8448 
1.00693 0.227605 0.0209067 1.82926 
0.999858 0.247854 0.0344589 1.81667 
0.998818 0.249542 0.0264693 1.81469 
0.956796 0.321604 0.014036 1.741 
0.999732 0.248232 0.0390172 1.81663 
1.01102 0.209425 -0.0758683 1.84124 
0.983369 0.263501 0.15615 1.7994 
0.963916 0.306657 0.159283 1.76815 
0.973067 0.25746 0.195043 1.78254 
0.974655 0.276695 0.188482 1.78912 
0.959571 0.312397 0.00321033 1.74428 
0.99141 0.216234 0.0921698 1.80904 
0.959002 0.278843 0.120297 1.74094 
0.999537 0.24887 0.0338561 1.81612 
1.00127 0.223633 -0.0557106 1.82249 
1.00207 0.191176 0.103436 1.82546 
0.9869 0.129289 -0.0922414 1.78454 
1.02371 0.147422 -0.0362964 1.85923 
1.02399 0.146158 -0.0360775 1.85983 
1.01317 0.206401 -0.0272664 1.84145 
0.969372 0.283067 -0.0260108 1.75982 
0.957742 0.302615 -0.0858664 1.74584 
0.944627 0.36084 0.00133119 1.72963 
0.94464 0.361553 0.0249884 1.72968 
0.953501 0.343513 0.012802 1.74356 
0.948596 0.364959 0.013151 1.74029 
0.977513 0.300979 0.0576699 1.77936 
1.02235 0.1604 0.0158699 1.85696 
1.02157 0.166669 0.00985343 1.85582 
1.02161 0.167118 0.0161741 1.85616 
1.02179 0.163016 0.0110532 1.85588 
0.998724 0.251475 0.0332525 1.81475 
0.965051 0.301135 -0.0129613 1.75447 
0.967528 0.285045 -0.0219611 1.75578 
1.00037 0.245881 0.0363906 1.81751 
1.00035 0.246296 0.0351266 1.81752 
0.999838 0.247021 0.0343334 1.81661 
0.97635 0.309406 0.0434493 1.77882 
0.972975 0.277088 -0.0226385 1.76583 
0.979707 0.295806 0.0730829 1.78393 
1.00031 0.246771 0.0346336 1.81752 
0.967121 0.317461 0.0134525 1.76127 
1.00378 0.240486 0.0196793 1.82437 
0.997151 0.259737 0.0376535 1.8132 
0.989519 0.274978 0.022235 1.7989 
0.954901 0.346826 -0.0239823 1.7489 
0.948117 0.362901 -0.0113033 1.73893 
0.956094 0.347616 -0.000578784 1.75141 
0.952295 0.344823 -0.00950487 1.7415 
0.98676 0.164072 0.149574 1.79241 
0.983432 0.178308 0.137489 1.78295 
0.980489 0.183391 0.173989 1.78516 
0.98289 0.180025 0.143619 1.78479 
0.95702 0.343687 0.0642866 1.75253 
0.944063 0.362462 0.0487891 1.72922 
0.943329 0.365459 0.0743483 1.73078 
0.947543 0.362446 0.0682605 1.73841 
0.953388 0.175984 0.26699 1.74508 
0.968762 0.150555 0.266274 1.7745 
0.966993 0.184758 0.251144 1.77118 
0.962114 0.174725 0.252771 1.75921 
1.00019 0.246764 0.0353397 1.81725 
0.983254 0.191507 0.0684477 1.77541 
0.985424 0.176894 0.0833572 1.77948 
0.987366 0.167173 0.0638381 1.78126 
0.986001 0.188957 0.0725843 1.78211 
0.97095 0.278502 -0.0221546 1.7613 
1.02613 0.134956 0.00950217 1.86303 
1.02624 0.134781 0.0198108 1.86347 
1.0274 0.12637 0.0114809 1.8653 
1.02646 0.128265 0.0101031 1.86312 
1.00006 0.247475 0.0349391 1.81709 
0.971574 0.258557 0.0780546 1.76207 
0.973887 0.253082 0.0823182 1.76672 
0.974457 0.244144 0.0703786 1.76493 
0.973567 0.255803 0.080439 1.76642 
0.998084 0.252661 0.0385961 1.81366 
1.01813 0.18545 0.0258129 1.84942 
0.978769 0.294112 0.0112471 1.77918 
0.999654 0.248037 0.0331737 1.81619 
1.01782 0.183611 0.00524842 1.84905 
0.975024 0.205826 0.196094 1.78089 
0.966207 0.225486 0.208587 1.76677 
0.971169 0.199985 0.222737 1.77604 
0.971066 0.214624 0.219652 1.77846 
0.992734 0.265506 0.049224 1.80455 
0.980365 0.288792 0.109809 1.78821 
1.00467 0.238404 -0.000102576 1.82673 
0.988491 0.129342 -0.0898229 1.78834 
1.00036 0.245988 0.0499857 1.81817 
0.96891 0.241372 -0.12324 1.76225 
0.965656 0.250009 -0.115229 1.75537 
0.987271 0.277492 0.0773904 1.79711 
0.997719 0.256247 0.0377619 1.81367 
1.01188 0.204266 0.0430704 1.83748 
0.963761 0.291151 -0.012609 1.75153 
0.957758 0.319703 -0.0193764 1.74631 
0.959434 0.314571 -0.000682361 1.7482 
0.960905 0.319394 -0.0142001 1.75364 
1.00253 0.236934 0.0329957 1.8206 
0.953219 0.342871 -0.0449985 1.74467 
0.949468 0.339606 -0.0601574 1.73621 
0.946609 0.349613 -0.0489783 1.73297 
0.949345 0.345169 -0.0480321 1.73709 
0.966522 0.291198 -0.00601372 1.75812 
0.962819 0.314967 0.00710267 1.75648 
0.968542 0.28613 0.0115326 1.76153 
0.9658 0.286366 0.00229929 1.75491 
0.963497 0.292003 0.114039 1.75517 
0.962431 0.290363 0.119184 1.75269 
0.961376 0.291282 0.124219 1.75102 
0.985385 0.235625 0.0718154 1.79665 
1.00515 0.198339 -0.00648939 1.8333 
0.987679 0.224831 0.0672218 1.79927 
1.00037 0.228648 0.0486138 1.83043 
1.01893 0.184815 0.00170222 1.86533 
1.03166 0.157601 0.0211572 1.89086 
1.03217 0.136069 0.0408639 1.8856 
1.01976 0.14523 0.0328737 1.85492 
1.03891 0.125884 0.0774419 1.90316 
1.0268 0.131387 0.057337 1.8689 
1.0315 0.120666 0.114548 1.8899 
1.0222 0.110623 0.141552 1.8697 
1.01548 0.104719 0.152772 1.85389 
1.01196 0.105283 0.154824 1.84543 
0.983616 0.226137 0.184754 1.79577 
0.996645 0.212835 0.178367 1.82358 
0.979376 0.230037 0.187742 1.78688 
0.965992 0.260941 0.164303 1.75877 
0.976455 0.247476 0.167357 1.78108 
0.959534 0.26419 0.161232 1.7435 
0.95703 0.274587 0.139191 1.7373 
0.992708 0.130138 -0.0516482 1.79664 
1.00696 0.223426 -0.078698 1.83448 
0.999006 0.251071 0.0350325 1.8154 
0.998693 0.251451 0.0349627 1.81472 
0.989218 0.279556 0.029151 1.79938 
0.995907 0.228244 0.0139963 1.80732 
0.995275 0.223472 -0.00422469 1.80456 
0.996915 0.246554 0.0206765 1.80976 
0.996019 0.23419 0.00305045 1.80653 
1.00705 0.227703 0.0676199 1.8317 
1.00654 0.211617 0.0519146 1.82625 
1.00371 0.231055 0.0687317 1.82426 
1.00717 0.211625 0.0486975 1.82743 
0.995927 0.260463 0.0780822 1.81347 
0.998973 0.241663 0.0169805 1.816 
1.0132 0.210312 0.0748926 1.84433 
1.00018 0.230443 -0.0288143 1.81954 
1.00253 0.237087 -0.0178378 1.82414 
0.973003 0.2556 -0.0753109 1.76634 
1.00788 0.233187 0.0879333 1.84071 
0.971394 0.29216 0.120474 1.77427 
0.970862 0.297527 0.120315 1.77547 
0.99541 0.23529 -0.0122218 1.80541 
0.989098 0.150614 -0.0729197 1.79088 
0.999103 0.250492 0.0349111 1.81549 
1.00769 0.231488 -0.0648656 1.83703 
1.00044 0.239196 -0.00362109 1.82007 
