1.00035 0.494702 0.0693954 1.91133 
0.991592 0.499585 0.128714 1.89946 
0.998271 0.498714 0.123186 1.91409 
0.989104 0.504325 0.107966 1.89346 
0.993389 0.497671 0.111931 1.90056 
0.999084 0.496077 0.107395 1.91271 
1.01653 0.461952 0.0975508 1.93713 
0.999629 0.495637 0.095095 1.91242 
1.02187 0.454596 0.071991 1.94473 
1.01315 0.470956 0.0887102 1.93223 
1.01981 0.472008 0.0563632 1.94653 
1.01461 0.478183 0.0810082 1.93839 
1.00912 0.482499 0.075589 1.92681 
1.02648 0.452971 0.0552495 1.95425 
1.04137 0.432517 0.06946 1.98292 
1.02056 0.461562 0.0872186 1.94571 
1.02855 0.448082 0.0826203 1.95894 
1.0328 0.446609 0.0749404 1.96811 
1.03176 0.439757 0.0619635 1.96193 
1.03984 0.427254 0.0562768 1.97635 
1.02813 0.437704 0.0860336 1.9539 
1.03671 0.416974 0.0862297 1.96656 
1.02827 0.443889 0.0961088 1.95761 
1.02246 0.45816 0.0795207 1.94824 
1.02004 0.455437 0.0903224 1.94207 
1.02369 0.449547 0.112438 1.95064 
1.00898 0.476814 0.0986452 1.92588 
1.02113 0.452596 0.108222 1.9453 
1.01181 0.467575 0.116309 1.93046 
1.00832 0.483921 0.0781864 1.9258 
1.01557 0.466288 0.0841156 1.93555 
1.00816 0.473847 0.0856156 1.92132 
1.07239 0.297439 0.186123 2.03184 
1.03648 0.330403 0.299326 1.98311 
1.05258 0.346824 0.240404 2.00769 
1.00266 0.471316 0.133551 1.91264 
1.01205 0.480727 0.0504272 1.93158 
1.0276 0.462142 -0.0130608 1.96151 
1.0149 0.478874 0.013178 1.93799 
1.0113 0.486902 0.0110107 1.93361 
1.01209 0.487697 0.0271034 1.93543 
1.00513 0.492499 0.0292619 1.92199 
1.002 0.484067 0.0140623 1.91438 
1.0085 0.485671 -0.0114189 1.92868 
1.00814 0.485915 0.0639903 1.9253 
1.00723 0.488863 0.0580678 1.9243 
1.01601 0.476622 0.0585063 1.93956 
1.02108 0.476763 0.0453057 1.95139 
1.02037 0.470632 0.068613 1.9479 
1.06344 0.364933 0.0125746 2.01537 
1.06144 0.370742 0.0141093 2.01199 
1.06491 0.365751 0.00497208 2.01744 
1.06295 0.372995 0.00888134 2.01513 
1.06233 0.380607 0.00845927 2.01521 
1.06912 0.34745 0.0124412 2.02417 
1.06565 0.348431 0.0223191 2.01853 
1.06712 0.342862 0.0242218 2.02025 
1.0679 0.342334 0.0287034 2.02219 
1.06631 0.343663 0.0255716 2.01909 
1.06547 0.344672 0.0243872 2.01727 
1.06672 0.352233 0.015984 2.02032 
1.06407 0.357737 0.0160849 2.01609 
1.06334 0.359846 0.0190953 2.01504 
1.06279 0.367224 0.0168774 2.01458 
1.06133 0.360428 0.0203043 2.01133 
1.0613 0.373195 0.0174577 2.01254 
1.06592 0.359287 0.0124491 2.01997 
1.06192 0.375796 0.0140149 2.01362 
1.05968 0.375442 0.0164456 2.00889 
1.06429 0.377185 0.00119428 2.01878 
1.06062 0.38132 0.0110578 2.01177 
1.05928 0.392 0.00535014 2.01055 
1.06035 0.392011 0.00184983 2.01326 
1.05769 0.397003 0.00407111 2.00819 
1.05836 0.399057 -0.00631727 2.0107 
1.05301 0.409463 -0.00186045 2.00109 
1.06112 0.388963 -0.0370922 2.0153 
1.05243 0.413056 -0.0141131 2.00129 
1.05677 0.399344 -0.0749239 2.01214 
1.06411 0.365854 -0.104034 2.02388 
1.06786 0.36146 -0.0889499 2.02919 
1.07524 0.323632 -0.080598 2.03647 
1.07143 0.364388 -0.0608681 2.03557 
1.06007 0.381699 -0.0830807 2.01455 
1.06463 0.378576 -0.0483853 2.02177 
1.06738 0.364963 -0.0763751 2.02676 
1.07 0.360366 -0.0514331 2.02968 
1.074 0.336313 -0.0641624 2.03405 
1.07427 0.34378 -0.0832024 2.03887 
1.0852 0.296933 -0.0734584 2.05478 
1.07279 0.362699 -0.0411577 2.03696 
1.07449 0.343913 -0.0182046 2.03506 
1.07619 0.325952 -0.0169608 2.035 
1.06857 0.353431 0.00442588 2.02323 
1.0558 0.40357 -0.0168981 2.00626 
1.06793 0.367247 -0.0190984 2.02498 
1.05997 0.38695 -0.00829649 2.01058 
1.0411 0.427769 -0.0572461 1.98196 
1.06359 0.379998 -0.0708111 2.02171 
1.04969 0.415441 -0.0460764 1.99728 
1.05588 0.401576 -0.051476 2.00764 
1.05822 0.395593 -0.0543697 2.01205 
1.06415 0.37332 -0.0352296 2.0179 
1.06083 0.377559 -0.0609895 2.01266 
1.06436 0.375023 -0.00962006 2.01831 
1.06416 0.378366 -0.0214381 2.01872 
1.0616 0.387979 -0.0197886 2.01546 
1.06806 0.364554 -0.0343715 2.02499 
1.06959 0.353357 -0.0207491 2.02533 
1.05013 0.414976 -0.0290619 1.99697 
1.07435 0.334323 -0.0428648 2.03268 
1.06544 0.346405 0.0230988 2.01771 
1.06823 0.344306 0.0189774 2.02261 
1.06973 0.338248 0.0378908 2.02554 
1.06876 0.368895 0.0399877 2.0265 
1.07163 0.347066 0.0545452 2.02728 
1.0665 0.364158 0.0488396 2.01946 
1.05979 0.392345 0.0561958 2.01254 
1.05428 0.401191 0.0497998 2.00179 
1.05676 0.399942 0.0355687 2.00708 
1.04475 0.427924 0.0484648 1.98841 
1.05567 0.401755 0.0185183 2.0049 
1.06186 0.376385 0.0189917 2.01342 
1.0627 0.363166 0.0154773 2.01339 
1.06219 0.374274 0.0208042 2.01296 
1.06456 0.370603 0.0238019 2.01713 
1.0663 0.375715 0.0322533 2.02257 
1.06377 0.377183 0.0307396 2.01671 
1.06622 0.370685 0.0388297 2.0207 
1.07024 0.355705 0.0366377 2.02608 
1.07033 0.362346 0.028522 2.02863 
1.07392 0.345954 0.0252457 2.0331 
1.06456 0.38062 0.0522466 2.02024 
1.06016 0.394674 0.0430631 2.01384 
1.06378 0.379979 0.0276862 2.01783 
1.05484 0.381356 0.022114 2.00117 
1.05549 0.386328 0.02133 2.00253 
1.05613 0.391417 0.0205506 2.00423 
1.05631 0.385093 0.0216136 2.00409 
1.05537 0.380055 0.0223444 2.00194 
1.05496 0.394987 0.101606 2.00465 
1.04875 0.409689 0.10198 1.99479 
1.0527 0.40347 0.0905097 2.00114 
1.04826 0.41188 0.0614844 1.9914 
1.04534 0.405034 0.0808758 1.98278 
1.04383 0.410056 0.0686377 1.98015 
1.06323 0.382362 0.0695459 2.01832 
1.06201 0.381148 0.0262729 2.01381 
1.0626 0.387767 0.0341271 2.01737 
1.06084 0.38927 0.0333843 2.01349 
1.06199 0.38262 0.0243553 2.01456 
1.05844 0.392892 0.0275501 2.0088 
1.06074 0.383824 0.0219655 2.01184 
1.05908 0.388147 0.0232377 2.00985 
1.05686 0.374053 0.0174742 2.0043 
1.06634 0.359512 0.0161274 2.01984 
1.06081 0.366648 0.0159265 2.01006 
1.06032 0.377507 0.0176208 2.01006 
1.05859 0.365413 0.0143208 2.00707 
1.05863 0.349407 0.00412414 2.00627 
1.06 0.360505 0.0120012 2.00937 
1.06133 0.364725 0.0134116 2.0107 
1.05974 0.368084 0.0146845 2.00789 
1.05758 0.362154 0.0110844 2.00538 
1.07232 0.326701 0.0096173 2.02877 
1.06909 0.33985 0.0132509 2.02237 
1.06691 0.355122 0.0205827 2.01973 
1.07104 0.348003 0.0241502 2.02645 
1.0674 0.364872 0.0287674 2.02208 
1.06621 0.323197 -0.00537387 2.01872 
1.0651 0.347047 0.00842829 2.01642 
1.06287 0.351157 0.00677212 2.01459 
1.06642 0.345995 0.00764958 2.0194 
1.05552 0.366753 0.0130625 2.00159 
1.03703 0.432106 0.0763755 1.97255 
1.04846 0.409812 0.0313163 1.99007 
1.05646 0.394685 0.0747659 2.00607 
1.05351 0.396979 0.0583634 1.99865 
1.04726 0.406376 0.0450051 1.98614 
1.0513 0.405049 0.0411411 1.99553 
1.0585 0.39223 0.0465371 2.00887 
1.04877 0.404581 0.0947038 1.99219 
1.05151 0.396042 0.104936 1.99682 
1.05634 0.384256 0.102885 2.00432 
1.05554 0.387805 0.111111 2.00441 
1.04593 0.411652 0.108045 1.98918 
1.02331 0.429925 0.137233 1.94468 
1.0453 0.398821 0.124352 1.98461 
1.04814 0.397868 0.114277 1.99012 
1.05308 0.388964 0.112687 1.99892 
1.05286 0.382552 0.122486 1.9974 
1.06166 0.347542 0.123355 2.00788 
1.05117 0.363371 0.141752 1.99025 
1.10058 0.138428 -0.0450059 2.08001 
1.0522 0.381586 0.13107 1.99643 
1.05934 0.367835 0.107136 2.00731 
1.05406 0.372261 0.131255 1.99809 
1.06706 0.375234 -0.00193276 2.04496 
1.04897 0.39907 0.116876 1.99433 
1.05919 0.371692 0.126805 2.01017 
1.05312 0.381691 0.120213 1.99746 
1.05603 0.386841 0.114862 2.00626 
1.05339 0.38006 0.123858 1.99802 
1.02514 0.427072 0.0960997 1.96232 
0.992428 0.505383 0.144227 1.90687 
0.995489 0.471616 0.13947 1.89658 
0.984496 0.513862 0.119535 1.88922 
1.01771 0.460115 0.132523 1.94339 
1.00743 0.465867 0.141164 1.92264 
1.01119 0.462605 0.125645 1.92794 
1.00166 0.471339 0.119645 1.90832 
1.00623 0.472268 0.114925 1.91907 
1.01453 0.456 0.13931 1.93486 
1.00145 0.494113 0.0673233 1.91351 
1.00051 0.495335 0.0677756 1.91203 
1.0003 0.495223 0.0672347 1.9117 
1.00042 0.495475 0.0686925 1.91184 
1.03068 0.411312 -0.144635 1.96956 
1.01838 0.45613 -0.135301 1.95628 
1.07132 0.299098 -0.10597 2.0346 
1.03339 0.443429 -0.08523 1.97418 
1.02579 0.457327 -0.0948732 1.96422 
1.01866 0.460605 -0.088781 1.94785 
1.02119 0.453195 -0.113708 1.95573 
1.0338 0.4389 -0.107308 1.97733 
1.03911 0.418958 -0.116671 1.98361 
1.04441 0.41191 -0.105197 1.99199 
1.04346 0.421196 -0.00738437 1.98215 
1.04644 0.426926 -0.0166679 1.9921 
1.05152 0.411799 0.0118597 1.99818 
1.05417 0.406852 0.0293323 2.00305 
1.05334 0.408608 0.0247255 2.00158 
1.05301 0.408008 0.0111403 2.0004 
1.05692 0.398806 0.0188567 2.0073 
1.05587 0.401106 0.0194968 2.00533 
1.05625 0.402343 0.0167735 2.00655 
1.05666 0.397539 0.0226146 2.00656 
1.04331 0.431067 -0.0332712 1.9869 
1.04171 0.430075 -0.0268586 1.98205 
1.0473 0.417483 -0.0414654 1.9915 
1.04884 0.411592 -0.0222311 1.99201 
1.02123 0.478652 0.0214322 1.95273 
1.02035 0.469765 -0.00154555 1.94704 
1.0163 0.481562 -0.00626401 1.9433 
1.03295 0.453348 -0.0239721 1.97068 
1.02305 0.472561 -0.0184449 1.95559 
1.02297 0.467596 -0.0250447 1.95361 
1.02756 0.462416 0.00921764 1.96052 
1.03952 0.441226 0.00221403 1.98062 
1.03795 0.43961 0.00800817 1.97584 
1.06168 0.384639 0.0395869 2.01404 
1.0586 0.398451 0.0359498 2.01116 
1.06087 0.390404 0.0316025 2.01404 
1.05485 0.401936 0.0272695 2.00292 
1.06051 0.389223 0.0264669 2.0131 
1.02594 0.468308 0.0323804 1.9592 
1.01212 0.487576 0.0307195 1.93501 
1.00743 0.487143 0.0190456 1.9246 
1.01963 0.472925 0.0259046 1.94593 
0.982138 0.425371 0.0109237 1.86474 
0.983149 0.482948 -0.0139268 1.87423 
0.970447 0.516711 -0.0164095 1.8569 
0.971383 0.503103 -0.0232519 1.85442 
0.97903 0.503333 -0.00634945 1.86976 
0.981952 0.502507 0.0117961 1.87445 
0.974487 0.509134 0.0153042 1.85973 
0.949456 0.537253 -0.0246468 1.82038 
0.958931 0.532222 -0.00853898 1.83711 
0.94898 0.536509 -0.00873545 1.81659 
0.970691 0.353746 -0.0420095 1.83542 
0.979981 0.400206 -0.0392425 1.85627 
0.976662 0.3876 -0.0370691 1.84949 
0.984034 0.41075 0.00158187 1.8717 
0.98282 0.447074 -0.0142822 1.86499 
0.979872 0.456933 -0.0353295 1.86245 
0.974267 0.446362 -0.0518425 1.85008 
0.92926 0.329986 -0.139222 1.75446 
0.959813 0.444415 -0.0826794 1.8248 
0.961557 0.386739 -0.0906939 1.82361 
0.968357 0.441053 -0.0783757 1.84345 
0.914296 0.387985 -0.135723 1.73291 
0.925911 0.393765 -0.119746 1.75269 
0.948455 0.441522 -0.10362 1.80689 
0.94082 0.451706 -0.0999156 1.79284 
0.932982 0.45437 -0.112232 1.78217 
0.954621 0.389578 -0.0952714 1.80781 
0.874825 0.53359 -0.0885947 1.69083 
0.943988 0.535855 -0.043763 1.81157 
0.930296 0.51463 -0.0658969 1.77679 
0.940547 0.510024 -0.0700014 1.79824 
0.923558 0.492745 -0.103873 1.772 
0.946533 0.503717 -0.0621943 1.80558 
0.938729 0.493759 -0.0809991 1.78898 
0.933607 0.499034 -0.0875256 1.78544 
0.950184 0.470949 -0.0841181 1.8095 
0.960792 0.483098 -0.0586496 1.8298 
0.938452 0.538044 -0.0402813 1.79997 
0.933192 0.534169 -0.0394436 1.78872 
0.942053 0.524516 -0.0506406 1.80332 
1.03371 0.422231 -0.116664 1.97167 
1.04462 0.414375 -0.101439 1.99147 
1.04109 0.428314 -0.0922576 1.98713 
1.04666 0.393117 -0.115804 1.9918 
1.05143 0.409682 -0.0933739 2.00564 
1.05516 0.399901 -0.0673388 2.00699 
1.02748 0.452203 -0.0573237 1.95955 
1.02666 0.443773 -0.0738674 1.95616 
1.0275 0.447425 -0.0867569 1.96167 
1.03363 0.439035 -0.0757119 1.97111 
1.03332 0.447506 -0.0559475 1.97159 
1.01035 0.476742 -0.0298874 1.92942 
1.01231 0.458254 -0.102962 1.93539 
1.00811 0.467451 -0.0887163 1.93035 
0.998874 0.466243 -0.0637073 1.91004 
0.984049 0.382213 -0.0557033 1.86782 
0.970674 0.328872 -0.0313001 1.83534 
1.00076 0.442571 -0.0989834 1.91325 
0.982911 0.38703 -0.0459474 1.86628 
0.976658 0.353075 -0.0286428 1.84995 
0.958319 0.204593 -0.036756 1.79554 
0.960494 0.238452 -0.0593809 1.80307 
0.947119 0.232863 -0.0896175 1.77415 
1.00404 0.448825 -0.0960474 1.92004 
1.00303 0.45122 -0.0909174 1.91814 
0.951424 0.174454 -0.068459 1.7798 
1.03892 0.435321 -0.0401901 1.9782 
1.02869 0.460749 -0.0367452 1.9646 
1.02083 0.436297 -0.123976 1.94942 
1.03562 0.43201 -0.096512 1.97565 
1.02582 0.443721 -0.104747 1.95963 
1.00504 0.495474 0.0357271 1.92293 
0.990662 0.474886 0.0400644 1.89104 
1.00876 0.492055 0.0266233 1.92995 
1.00227 0.48838 0.0276647 1.91566 
1.00411 0.488823 0.0194205 1.92011 
1.00304 0.482448 0.000129993 1.91664 
0.985526 0.481904 -6.54052e-05 1.87777 
0.982333 0.424762 -0.0209037 1.86409 
0.987054 0.474943 0.00371313 1.88244 
0.992116 0.455874 0.0276587 1.89224 
0.990628 0.460907 0.0428517 1.89006 
0.990656 0.476076 0.031218 1.88746 
0.987812 0.476816 0.0109808 1.8819 
0.977048 0.446271 -0.0364994 1.85635 
0.985296 0.424922 -0.00272112 1.87199 
0.97901 0.391496 -0.0140132 1.85679 
0.986798 0.409329 -0.000584989 1.87789 
0.973402 0.508983 -0.00434194 1.85914 
0.98411 0.482209 -0.00662619 1.87679 
0.981852 0.500641 0.00577434 1.8752 
0.991483 0.450759 0.0326392 1.88942 
0.993036 0.476617 0.0240566 1.89492 
0.990542 0.479472 0.0419341 1.88894 
0.991127 0.490651 0.0448564 1.88965 
0.980729 0.512093 0.0345432 1.87453 
0.99095 0.49572 0.0352485 1.89175 
0.989944 0.503637 0.0457462 1.89145 
0.971553 0.519429 0.00164794 1.85895 
1.01646 0.475773 -0.0126836 1.94117 
1.01417 0.484959 -0.0125895 1.94076 
1.01003 0.483499 0.00412593 1.92921 
1.00458 0.485677 0.00526343 1.92095 
0.982733 0.423542 -0.009044 1.86329 
0.988686 0.432754 0.0178132 1.88425 
0.984635 0.433218 0.0170897 1.8745 
1.00302 0.462917 -0.0158182 1.91483 
1.01872 0.476793 -0.0284852 1.9481 
1.01103 0.481697 -0.0231841 1.93301 
1.0071 0.480016 -0.0168891 1.92378 
1.00049 0.464511 -0.014611 1.91003 
1.00788 0.476932 -0.0565382 1.92754 
1.00532 0.478571 -0.0385614 1.92124 
1.0163 0.471068 -0.0471082 1.94218 
1.00789 0.481723 -0.0301679 1.92863 
0.993303 0.437503 -0.0176818 1.89394 
0.977406 0.365386 0.0010694 1.85284 
0.968778 0.322536 -0.0252458 1.83225 
0.971298 0.321892 -0.0183711 1.83573 
1.02239 0.465606 0.0105725 1.94944 
1.01559 0.484558 0.0189238 1.94207 
1.02021 0.474955 0.00376235 1.94879 
0.990697 0.438892 -0.018192 1.88822 
1.01678 0.482345 0.0339801 1.94365 
1.03045 0.456683 0.00140074 1.96539 
1.02621 0.465416 -0.00720456 1.95923 
1.03821 0.445905 -0.0154207 1.98001 
1.03532 0.446571 -0.00844488 1.9728 
1.02039 0.46904 0.0566056 1.94661 
1.01634 0.478261 0.0384695 1.94042 
0.999439 0.494775 0.0683332 1.90936 
0.999105 0.495866 0.0684689 1.90888 
0.999144 0.49436 0.0673246 1.90876 
1.00674 0.494338 0.049487 1.92582 
1.00345 0.49237 0.0642966 1.91724 
1.0027 0.494239 0.057285 1.91621 
1.00168 0.495733 0.0643662 1.91476 
0.999014 0.493422 0.0670116 1.90858 
0.998014 0.493085 0.0639434 1.90608 
0.996534 0.489424 0.0578989 1.90275 
0.998459 0.496843 0.0674473 1.90777 
0.996359 0.487779 0.0569943 1.90353 
0.999861 0.494992 0.0687284 1.91058 
1.00042 0.491705 0.0461093 1.91234 
1.00976 0.490008 0.0370078 1.93079 
1.00225 0.49514 0.0506798 1.9172 
1.00229 0.4936 0.0657836 1.91518 
0.997245 0.489232 0.0632213 1.90466 
1.00091 0.495791 0.0568709 1.91427 
0.996803 0.497914 0.0824016 1.90559 
0.966938 0.543141 0.107334 1.86354 
0.974382 0.518946 0.128092 1.86951 
0.948481 0.561272 0.0800723 1.83 
0.990933 0.508248 0.0762586 1.89662 
0.981841 0.508694 0.0390939 1.87451 
0.998717 0.497085 0.0703685 1.9087 
0.992017 0.504838 0.0744349 1.89712 
0.99175 0.499422 0.0504832 1.89299 
0.999467 0.495538 0.0688082 1.9096 
0.999329 0.496145 0.0691457 1.90959 
0.99939 0.495864 0.0695866 1.90963 
0.999688 0.495608 0.069505 1.9102 
1.00009 0.49509 0.0700181 1.91093 
0.9733 0.518212 0.0296326 1.86012 
0.984185 0.519091 0.0522005 1.88534 
0.995109 0.500706 0.0668949 1.90179 
0.995042 0.493693 0.058006 1.8984 
0.996506 0.498955 0.0627119 1.90401 
0.998058 0.497153 0.0694146 1.9071 
0.99111 0.508098 0.0649614 1.89608 
0.997894 0.496412 0.0656042 1.90622 
0.968288 0.539519 0.0747715 1.86137 
0.950997 0.550343 0.103225 1.83074 
0.957859 0.545961 0.0707886 1.84093 
0.930855 0.564199 0.0659141 1.79106 
0.921028 0.579839 0.0255323 1.77876 
0.919498 0.461642 -0.112274 1.75394 
0.94358 0.477599 -0.0949818 1.80445 
0.932701 0.483096 -0.0946469 1.78168 
0.949319 0.488592 -0.0768532 1.81072 
0.92555 0.513508 -0.0262904 1.77342 
0.926872 0.526667 -0.0467375 1.77599 
0.932971 0.529201 -0.0424639 1.78819 
0.932114 0.490819 -0.050057 1.77816 
0.933738 0.489508 -0.0318215 1.78063 
0.931623 0.506512 -0.0469009 1.78162 
0.929872 0.529201 -0.0454062 1.78112 
0.936719 0.491928 -0.0427777 1.7892 
0.923664 0.516013 0.0545784 1.79246 
0.999393 0.494156 0.0680728 1.9093 
0.999093 0.49592 0.0681248 1.90886 
0.986949 0.504856 0.057589 1.88442 
0.974422 0.367743 -0.011331 1.8492 
0.987465 0.410395 0.00209713 1.87734 
0.983973 0.455515 -0.0318069 1.87159 
0.977198 0.403989 -0.0532339 1.85449 
0.968587 0.324099 -0.0180593 1.82952 
0.97695 0.384368 -0.0403856 1.85241 
0.9638 0.498652 -0.0545915 1.83988 
0.977845 0.495445 -0.0254757 1.86655 
0.949716 0.51916 -0.0565584 1.81847 
0.953692 0.489186 -0.07031 1.81681 
0.955804 0.510163 -0.0474279 1.82603 
0.968794 0.511916 -0.0367357 1.85352 
0.979324 0.490473 -0.0123527 1.86746 
0.960896 0.522065 -0.0147919 1.83748 
0.956639 0.526158 -0.0413769 1.83365 
0.968354 0.491618 -0.0425997 1.8463 
0.964104 0.46812 -0.0641996 1.83357 
0.959641 0.467831 -0.0755943 1.82973 
0.970045 0.435315 -0.0657656 1.84142 
0.974133 0.484416 -0.0453419 1.85693 
0.972559 0.419633 -0.0500597 1.84438 
0.977632 0.478713 -0.0284183 1.86211 
0.922951 0.514665 -0.0702834 1.76748 
0.955466 0.438276 -0.0886355 1.82099 
0.971251 0.459343 -0.0477612 1.84527 
1.01415 0.487131 0.0453881 1.93961 
1.00518 0.493506 0.0556966 1.92165 
1.00936 0.492476 0.0423038 1.9308 
0.95685 0.233746 -0.068689 1.79279 
0.959212 0.327817 -0.0831555 1.81018 
0.968954 0.383518 -0.0779103 1.83637 
0.931921 0.324402 -0.118024 1.75492 
0.946595 0.363594 -0.111546 1.78943 
0.940592 0.378897 -0.104431 1.77855 
0.951512 0.239139 -0.0846667 1.78293 
0.951441 0.189582 -0.0732217 1.77859 
0.951865 0.186657 -0.0743049 1.78059 
0.955148 0.234909 -0.0846599 1.7915 
0.947791 0.181257 -0.0849189 1.76977 
0.942029 0.230574 -0.0992206 1.76149 
0.942483 0.182262 -0.116146 1.76128 
0.934072 0.258816 -0.115035 1.75123 
0.938944 0.165487 -0.104752 1.75278 
0.947783 0.13303 -0.0973114 1.76901 
0.94631 0.184025 -0.107245 1.77046 
0.941505 0.137248 -0.113291 1.7564 
0.973296 0.424068 -0.067588 1.84872 
0.970984 0.465252 -0.0616624 1.84839 
0.96445 0.388044 -0.0791891 1.82629 
0.95559 0.330118 -0.0964774 1.8045 
0.962314 0.26816 -0.0539441 1.80919 
0.964513 0.310646 -0.0711424 1.81953 
0.962341 0.321869 -0.0842123 1.81696 
0.958439 0.241054 -0.0477463 1.79749 
0.958028 0.227611 -0.0509054 1.79615 
0.950295 0.176029 -0.0676504 1.77696 
0.986299 0.410838 0.00766071 1.8756 
0.936316 0.38363 -0.123128 1.77437 
0.920339 0.386183 -0.126917 1.74564 
0.946752 0.296472 -0.103669 1.7823 
0.964058 0.311845 -0.0480459 1.81785 
0.968778 0.383568 -0.05701 1.83497 
0.963628 0.321279 -0.0687435 1.81763 
0.951949 0.186897 -0.0737098 1.78008 
0.941382 0.230043 -0.11292 1.7643 
0.998914 0.441529 -0.105342 1.90903 
0.988734 0.419373 -0.104196 1.88506 
1.01372 0.443331 -0.145919 1.94263 
0.967836 0.315978 -0.0483767 1.82579 
0.969066 0.355389 -0.0629559 1.83276 
0.963428 0.276682 -0.0303522 1.81351 
0.958193 0.233035 -0.0337088 1.79723 
0.956177 0.215868 -0.0429746 1.79201 
0.957858 0.211578 -0.0500171 1.79582 
0.970075 0.319783 -0.0602268 1.83408 
0.976917 0.34879 -0.0381133 1.84926 
1.01572 0.47631 -0.0660426 1.94589 
1.01738 0.474628 -0.0357656 1.94481 
0.993533 0.454213 -0.0387952 1.89713 
1.00948 0.480167 -0.0488897 1.93172 
0.995732 0.456053 -0.034534 1.90195 
0.971624 0.322977 -0.0196133 1.83562 
1.00128 0.469107 -0.0561626 1.9164 
0.947756 0.530525 -0.0381035 1.8154 
0.925682 0.557813 -0.03662 1.78126 
0.927319 0.571953 -0.0131382 1.78984 
0.891086 0.596841 -0.0062278 1.727 
0.904638 0.57688 -0.0158965 1.7435 
0.894843 0.584407 -0.000306838 1.72586 
0.920965 0.338181 -0.136143 1.73649 
0.903912 0.326909 -0.151601 1.70032 
0.889847 0.278811 -0.162251 1.66276 
0.91506 0.285014 -0.150861 1.71662 
0.926135 0.281938 -0.133005 1.73911 
0.929051 0.259174 -0.143227 1.74231 
0.921288 0.201337 -0.13937 1.71793 
0.930245 0.198473 -0.116352 1.73718 
0.937819 0.308156 -0.126774 1.76636 
0.950053 0.29391 -0.0801484 1.78805 
0.95066 0.36232 -0.0901143 1.79727 
0.9402 0.304279 -0.102411 1.76821 
0.953721 0.166356 -0.0565432 1.78424 
0.934969 0.526945 -0.0539488 1.79185 
0.863159 0.328876 -0.175973 1.62055 
0.892903 0.372045 -0.152843 1.68508 
0.857219 0.362689 -0.16384 1.61618 
0.936708 0.228437 -0.126073 1.75356 
0.930413 0.169505 -0.122766 1.73358 
0.884456 0.36605 -0.157512 1.66922 
0.883322 0.318105 -0.164288 1.65878 
0.904514 0.369241 -0.141519 1.71018 
0.907958 0.233872 -0.152183 1.69425 
0.921945 0.226621 -0.13538 1.72414 
0.913093 0.325202 -0.141504 1.72068 
0.789994 0.531682 -0.0507194 1.52209 
0.913841 0.501175 -0.0922261 1.75264 
0.897345 0.482191 -0.112959 1.71551 
0.870658 0.497256 -0.111848 1.67222 
0.900043 0.428457 -0.142553 1.71659 
0.913542 0.470413 -0.12444 1.74867 
0.914223 0.516418 -0.0377181 1.74944 
0.928996 0.495022 -0.0145803 1.77411 
0.905455 0.527041 -0.0343183 1.74031 
0.885261 0.54506 0.000320247 1.71856 
0.825283 0.529255 -0.0680804 1.58996 
0.832787 0.510676 -0.098797 1.59944 
0.921697 0.504123 -0.0832786 1.76023 
0.902742 0.524697 -0.0716647 1.73508 
0.890471 0.524284 -0.0555612 1.70608 
0.896837 0.517747 -0.0848601 1.72343 
0.907033 0.510752 -0.0980865 1.7443 
0.908654 0.268283 -0.148724 1.70369 
0.893032 0.314716 -0.15735 1.68005 
0.825526 0.381858 -0.16393 1.54974 
0.836973 0.425153 -0.140057 1.58953 
0.795784 0.443349 -0.126073 1.50304 
0.914687 0.517062 -0.0651195 1.74949 
0.920213 0.52407 -0.0484677 1.76432 
0.877891 0.541457 -0.0601138 1.69928 
0.860886 0.506904 -0.104059 1.65431 
0.805634 0.476169 -0.112011 1.53901 
0.87053 0.427545 -0.141034 1.65399 
0.906519 0.418095 -0.123741 1.72181 
0.883012 0.438854 -0.13817 1.68084 
0.888911 0.489734 -0.121633 1.71115 
0.851208 0.437303 -0.13834 1.61359 
0.866374 0.376297 -0.157258 1.63042 
0.929047 0.469945 0.020283 1.76997 
0.878375 0.530352 0.0260216 1.69725 
0.901418 0.513416 -0.0140491 1.72604 
1.00458 0.452911 0.17329 1.91526 
0.993733 0.46028 0.213084 1.90131 
0.965645 0.47862 0.243292 1.85214 
0.944384 0.509651 0.233729 1.81744 
0.995055 0.479321 0.155201 1.9019 
0.98825 0.476737 0.193125 1.89183 
0.984176 0.484488 0.157433 1.8791 
0.945975 0.407032 -0.071899 1.78763 
0.932263 0.45966 -0.0639758 1.77305 
0.933133 0.437214 -0.0775928 1.76996 
0.941874 0.427618 -0.0660449 1.78579 
0.94897 0.458934 -0.0347237 1.80878 
0.935217 0.491895 -0.0229788 1.78708 
0.925482 0.504714 5.03778e-05 1.77658 
0.930911 0.506398 -0.0422723 1.77841 
0.940185 0.472787 -0.0472607 1.79234 
0.928381 0.509072 -0.033267 1.77473 
0.93217 0.488798 -0.0562028 1.78016 
0.941001 0.457417 -0.0562212 1.79221 
0.943017 0.455233 -0.0482665 1.7931 
0.933599 0.473691 -0.0614972 1.77792 
0.777687 0.568023 -0.00570989 1.50839 
0.930186 0.465323 -0.0723305 1.77138 
0.925383 0.530399 -0.0487822 1.77296 
0.91538 0.525689 -0.0578137 1.75333 
0.920398 0.507975 -0.0612314 1.75982 
0.911581 0.553206 -0.0441763 1.75132 
0.909403 0.541349 -0.0552021 1.74519 
0.919239 0.549815 -0.0454657 1.76658 
0.923299 0.53517 -0.0469991 1.77019 
0.929281 0.553558 -0.0328322 1.78641 
0.925729 0.541352 -0.0434112 1.7758 
0.929897 0.539781 -0.0427274 1.78434 
0.930197 0.537499 -0.0388391 1.78307 
0.917075 0.538263 -0.0514583 1.75806 
0.922394 0.54709 -0.0410371 1.77085 
0.902742 0.558627 -0.0471905 1.73656 
0.915104 0.565987 -0.0368094 1.76353 
0.907873 0.570016 -0.0325158 1.74971 
0.903932 0.540719 -0.0572161 1.73544 
0.928536 0.448426 -0.0732669 1.76382 
0.926554 0.490254 -0.0615773 1.76812 
0.925687 0.506466 -0.0566911 1.77095 
0.92677 0.507635 -0.0511927 1.7712 
0.921735 0.523123 -0.0570059 1.76634 
0.918176 0.491992 -0.0677261 1.75245 
0.915277 0.468607 -0.0816893 1.74404 
0.91982 0.476781 -0.0755085 1.75414 
0.923807 0.489809 -0.0659985 1.76426 
0.910961 0.484814 -0.0765968 1.73872 
0.916052 0.493113 -0.0710056 1.75 
0.910478 0.495863 -0.0704596 1.73855 
0.907932 0.491512 -0.0721713 1.7344 
0.908916 0.480474 -0.0771755 1.73486 
0.918601 0.508407 -0.0642661 1.7584 
0.923272 0.51826 -0.0489156 1.7665 
0.906127 0.526004 -0.061283 1.73702 
0.901758 0.522886 -0.0635086 1.72952 
0.904362 0.509387 -0.069657 1.73147 
0.912658 0.522046 -0.0600371 1.74957 
0.906677 0.508512 -0.0678639 1.73445 
0.910798 0.506916 -0.0664139 1.74292 
0.923891 0.471972 -0.0690219 1.7593 
0.918468 0.463071 -0.077147 1.74758 
0.923373 0.455648 -0.0802815 1.75577 
0.905491 0.493432 -0.0745001 1.72996 
0.908508 0.474487 -0.0782199 1.73093 
0.915248 0.481152 -0.072779 1.74547 
0.897898 0.494071 -0.0753116 1.71664 
0.892917 0.496114 -0.0754337 1.70693 
0.898282 0.490431 -0.0766567 1.71568 
0.888178 0.504994 -0.0718745 1.70071 
0.895537 0.502101 -0.0719347 1.71254 
0.896405 0.509301 -0.0691725 1.71672 
0.892936 0.500023 -0.0733772 1.70895 
0.885794 0.512648 -0.0695506 1.69678 
0.888619 0.501908 -0.0728631 1.70008 
0.892231 0.51105 -0.069253 1.70819 
0.883985 0.531386 -0.062047 1.69771 
0.883784 0.523922 -0.0650088 1.69546 
0.894762 0.534115 -0.0613711 1.71784 
0.89842 0.532336 -0.0598496 1.72495 
0.899964 0.511976 -0.0679861 1.72274 
0.907354 0.53932 -0.0568268 1.74232 
0.883876 0.559668 -0.0525213 1.70151 
0.879431 0.545718 -0.0576977 1.69159 
0.889772 0.551324 -0.0547475 1.71048 
0.899208 0.546674 -0.0531977 1.72721 
0.910091 0.556106 -0.0489596 1.75154 
0.880096 0.533101 -0.0636143 1.69011 
0.890554 0.522952 -0.0654235 1.70748 
0.889199 0.557395 -0.0514544 1.7118 
0.886597 0.536273 -0.0606141 1.70295 
0.896275 0.548459 -0.0567279 1.72336 
0.915686 0.538853 -0.0541496 1.75787 
0.892948 0.573658 -0.0408853 1.72199 
0.87404 0.561241 -0.05023 1.68431 
0.865948 0.560156 -0.0501212 1.66979 
0.86051 0.545743 -0.0535946 1.65774 
0.884894 0.542438 -0.0565389 1.70167 
0.88652 0.579313 -0.0351211 1.71119 
0.883606 0.506367 -0.0717639 1.69186 
0.893792 0.521528 -0.0656592 1.71401 
0.898097 0.524386 -0.06368 1.72208 
0.892485 0.536125 -0.0601705 1.71382 
0.879916 0.511111 -0.0701011 1.68605 
0.887869 0.522089 -0.0659697 1.70368 
0.880634 0.521026 -0.0662427 1.69052 
0.883489 0.509611 -0.070112 1.6933 
0.872321 0.512931 -0.0668776 1.67156 
0.876938 0.509691 -0.0696019 1.68035 
0.873929 0.529767 -0.0634083 1.67892 
0.877288 0.528472 -0.0632837 1.68567 
0.910305 0.523453 -0.0625318 1.74515 
0.889651 0.510662 -0.0707506 1.70451 
0.913728 0.510445 -0.0645952 1.74833 
0.902243 0.497676 -0.0716893 1.72425 
0.90284 0.488032 -0.0758088 1.72474 
0.89979 0.499201 -0.0740339 1.72088 
0.903078 0.483273 -0.077541 1.72293 
0.864408 0.531391 -0.059696 1.66147 
0.868341 0.518193 -0.0635368 1.66543 
0.874889 0.538454 -0.0589267 1.68299 
0.876894 0.522484 -0.0661992 1.68294 
0.868951 0.520976 -0.0624176 1.66836 
0.873291 0.516317 -0.0653908 1.67561 
0.87111 0.53986 -0.0597552 1.67548 
0.842484 0.581631 -0.0316028 1.63328 
0.845541 0.574026 -0.0368581 1.63681 
0.847013 0.584419 -0.0308336 1.63984 
0.844586 0.568835 -0.0400756 1.6329 
0.862858 0.589114 -0.029603 1.67023 
0.872537 0.547889 -0.0552749 1.68072 
0.857471 0.525949 -0.057532 1.6476 
0.844865 0.524443 -0.0522142 1.62239 
0.849525 0.521246 -0.0548801 1.63096 
0.853127 0.55829 -0.046913 1.64661 
0.853478 0.543627 -0.0532725 1.64361 
0.882552 0.598278 -0.00111926 1.70944 
0.888159 0.591404 -0.0144884 1.71729 
0.873003 0.605849 -0.00999285 1.69623 
0.8836 0.592195 -0.021235 1.71127 
0.878192 0.596278 -0.0221613 1.70253 
0.867441 0.581813 -0.037501 1.67675 
0.877257 0.577636 -0.0388417 1.69378 
0.899209 0.557028 -0.0502946 1.73066 
0.903366 0.575684 -0.0362085 1.74359 
0.892181 0.559273 -0.0484371 1.71632 
0.888932 0.565872 -0.0439359 1.71254 
0.880885 0.58262 -0.0358837 1.7017 
0.879717 0.570104 -0.0435512 1.69619 
0.880776 0.555047 -0.053481 1.69655 
0.886581 0.567874 -0.0462129 1.70998 
0.876024 0.570285 -0.047013 1.69087 
0.87417 0.579731 -0.0404842 1.69011 
0.862074 0.573931 -0.039788 1.6659 
0.861763 0.553829 -0.0502106 1.66286 
0.861893 0.568737 -0.0447309 1.6635 
0.855876 0.556971 -0.0466818 1.65175 
0.88338 0.544006 -0.0585217 1.69939 
0.907105 0.580706 -0.00948168 1.75055 
0.896997 0.582112 -0.0286234 1.73312 
0.890183 0.587224 -0.0298936 1.72268 
0.899436 0.570032 -0.0402906 1.73395 
0.913017 0.569825 -0.0223746 1.75794 
0.923708 0.562403 -0.0222071 1.77677 
0.920247 0.561619 -0.0329287 1.77116 
0.932106 0.557315 -0.0274242 1.79283 
0.933302 0.54943 -0.0359583 1.79329 
0.93405 0.534394 -0.0417656 1.79092 
0.93175 0.529042 -0.0396028 1.78518 
0.931711 0.527916 -0.0472289 1.78451 
0.937256 0.54703 -0.0344734 1.80084 
0.946994 0.542365 -0.0306863 1.81857 
0.941371 0.549062 0.00786965 1.80527 
0.921189 0.567556 -0.0273768 1.77493 
0.940565 0.544839 -0.0291891 1.80523 
0.930566 0.525372 -0.0387595 1.78332 
0.9474 0.549154 -0.0166888 1.82148 
0.9356 0.552583 -0.0229854 1.79786 
0.958716 0.533264 -0.0259151 1.83953 
0.857226 0.575451 -0.0388622 1.65637 
0.85126 0.580349 -0.0344988 1.64676 
0.849347 0.566237 -0.0429383 1.64162 
0.845226 0.549879 -0.0481003 1.63027 
0.839752 0.553543 -0.0441676 1.62098 
0.835453 0.531765 -0.0460531 1.6064 
0.849342 0.543427 -0.0525085 1.63637 
0.844247 0.553191 -0.045285 1.62953 
0.840836 0.52773 -0.0493277 1.61568 
0.851679 0.564537 -0.0419986 1.64531 
0.839278 0.557464 -0.0405434 1.62177 
0.835167 0.558849 -0.0401563 1.61376 
0.829939 0.535728 -0.0417201 1.59697 
0.840053 0.530643 -0.0476725 1.61567 
0.824079 0.540611 -0.0374291 1.58711 
0.823804 0.543797 -0.0352827 1.58848 
0.836246 0.583287 -0.0298524 1.62105 
0.838848 0.590167 -0.0243324 1.62888 
0.822478 0.57493 -0.0272192 1.59434 
0.817385 0.587493 -0.0198776 1.58731 
0.811676 0.548036 -0.0291904 1.56575 
0.80481 0.57772 -0.0197005 1.56182 
0.802563 0.552599 -0.0244267 1.54992 
0.818435 0.547728 -0.0324405 1.57936 
0.819231 0.545088 -0.0338459 1.5794 
0.830439 0.570736 -0.0304681 1.60868 
0.8093 0.552043 -0.02727 1.56325 
0.826332 0.572006 -0.0298171 1.60074 
0.814481 0.572369 -0.0254009 1.57882 
0.714938 0.585598 0.0669176 1.40283 
0.829859 0.621979 0.0244931 1.6189 
0.733454 0.583936 0.0518839 1.43562 
0.759053 0.597653 0.030977 1.48573 
0.740662 0.601306 0.0566541 1.45391 
0.753463 0.603754 0.0494429 1.47915 
0.762145 0.59959 0.0374438 1.49362 
0.781616 0.625681 0.0446676 1.53402 
0.750277 0.617191 0.0691968 1.47462 
0.787615 0.636673 0.0761718 1.55063 
0.733876 0.607305 0.0829725 1.44767 
0.751833 0.622735 0.0954597 1.48383 
0.753975 0.620534 0.0777768 1.48497 
0.760661 0.630118 0.0927623 1.50041 
0.780274 0.63011 0.0741416 1.53659 
0.778773 0.632871 0.127672 1.53659 
0.730504 0.609562 0.104722 1.4444 
0.798821 0.636732 0.111932 1.57577 
0.756772 0.627826 0.120193 1.4967 
0.784709 0.635724 0.0997389 1.54643 
0.70254 0.578509 0.151592 1.38699 
0.717094 0.602256 0.14323 1.41795 
0.73489 0.601522 0.155709 1.45336 
0.74468 0.580896 0.0389268 1.45488 
0.880033 0.608266 0.0145092 1.70979 
0.857015 0.609807 -0.00823566 1.66731 
0.838837 0.608463 -0.00468095 1.6313 
0.83731 0.601914 -0.0121234 1.62525 
0.85777 0.593009 -0.0260756 1.6618 
0.855806 0.578933 -0.0349216 1.65512 
0.840288 0.575499 -0.036159 1.62657 
0.829365 0.539078 -0.0392377 1.59772 
0.835546 0.56437 -0.0360342 1.61665 
0.825817 0.585587 -0.0229705 1.60379 
0.830835 0.565768 -0.0350747 1.60741 
0.834846 0.535 -0.0439337 1.60699 
0.809154 0.621769 0.17007 1.59385 
0.783539 0.597641 0.205143 1.54239 
0.770091 0.618321 0.1622 1.51993 
0.764712 0.619413 0.0603084 1.50338 
0.733525 0.579288 0.0462305 1.43184 
0.739688 0.620715 0.104349 1.46009 
0.741921 0.61879 0.0846175 1.4615 
0.76502 0.629701 0.115979 1.50981 
0.799979 0.631923 0.150887 1.58042 
0.770686 0.626022 0.149824 1.52524 
0.794797 0.634325 0.0537761 1.56211 
0.783457 0.613491 0.027422 1.5344 
0.801717 0.62095 0.019868 1.56804 
0.8698 0.599712 -0.0173049 1.68666 
0.874083 0.6047 0.00669176 1.69504 
0.844558 0.611439 -0.000618973 1.64221 
0.867602 0.614675 0.00392768 1.68973 
0.852536 0.616564 0.0140213 1.65933 
0.864578 0.610916 0.0265395 1.67881 
0.846175 0.618745 0.00934136 1.65003 
0.823896 0.602575 -0.0130126 1.60255 
0.810528 0.600287 -0.00451097 1.57957 
0.806294 0.600674 -0.00242636 1.5711 
0.796125 0.584723 -0.0123524 1.54787 
0.803587 0.58317 -0.014474 1.56231 
0.896256 0.599305 0.0300623 1.73791 
0.905557 0.585632 0.0574976 1.74911 
0.882046 0.605087 0.0390609 1.71159 
0.886238 0.601329 0.0808319 1.72017 
0.905603 0.598786 0.10955 1.76267 
0.88587 0.582024 0.170244 1.71832 
0.830464 0.621205 0.0677652 1.61821 
0.815009 0.62202 0.117772 1.59392 
0.857573 0.614856 0.128062 1.67568 
0.855348 0.602729 0.145163 1.66443 
0.870076 0.605914 0.125375 1.69404 
0.876801 0.577662 0.193074 1.70104 
0.812997 0.633047 0.0594206 1.59376 
0.801716 0.6315 0.0450252 1.57327 
0.761255 0.616906 0.0537198 1.49419 
0.792567 0.627045 0.038571 1.55494 
0.841204 0.621978 0.0349308 1.64028 
0.813279 0.631255 0.0378752 1.59404 
0.872556 0.614706 0.0372923 1.69866 
0.866259 0.616753 0.0707231 1.68831 
0.857143 0.621403 0.0239045 1.67248 
0.82552 0.61526 0.00899282 1.60756 
0.823757 0.626436 0.0246917 1.61143 
0.812934 0.621145 0.0158894 1.58885 
0.861948 0.608309 -0.0057503 1.67433 
0.872696 0.587677 -0.0294183 1.68699 
0.862133 0.599657 -0.0202336 1.67311 
0.868984 0.587666 -0.0320052 1.68253 
0.850976 0.591049 -0.026287 1.64965 
0.857864 0.523437 -0.0590872 1.64707 
0.861215 0.52261 -0.0603203 1.65384 
0.861583 0.520375 -0.0618956 1.65343 
0.866707 0.530321 -0.0591586 1.66592 
0.85761 0.542161 -0.0534243 1.65181 
0.861375 0.534058 -0.0582953 1.65611 
0.864037 0.544403 -0.0548941 1.66477 
0.866372 0.521957 -0.0624821 1.66316 
0.868291 0.549471 -0.0556371 1.67234 
0.854221 0.527191 -0.0579165 1.64114 
0.877946 0.55622 -0.053689 1.69104 
0.867364 0.567083 -0.0461278 1.67442 
0.870565 0.558624 -0.0512513 1.67902 
0.870947 0.572021 -0.0458173 1.68085 
0.847995 0.548738 -0.047946 1.63559 
0.845047 0.527242 -0.0514778 1.62446 
0.857591 0.555058 -0.0488971 1.65441 
0.955969 0.542884 0.0582646 1.83435 
0.916253 0.570874 0.101528 1.76599 
0.939652 0.552208 -0.0154997 1.80555 
0.952161 0.544434 0.00218722 1.82727 
0.932239 0.561046 -0.00669692 1.79363 
0.935543 0.565137 2.6406e-05 1.80258 
0.945476 0.55496 0.0197069 1.81737 
0.951936 0.537048 0.0266859 1.82131 
0.936785 0.567222 0.0515326 1.80556 
0.92903 0.558807 0.0319432 1.78268 
0.914743 0.589052 0.00718701 1.77186 
0.90031 0.586978 -0.0226689 1.74115 
0.962781 0.542894 0.0417749 1.84944 
0.920036 0.570096 0.0136653 1.77077 
0.956821 0.535393 0.00937048 1.83289 
0.976029 0.521872 0.150584 1.8785 
0.99905 0.466932 0.173416 1.90867 
0.95237 0.531828 0.174202 1.83397 
0.799044 0.639374 0.0871224 1.57619 
0.82516 0.631392 0.10422 1.61987 
0.879202 0.614938 0.106945 1.71786 
0.745172 0.624548 0.132234 1.47376 
0.783079 0.632848 0.140328 1.54673 
0.842276 0.592147 0.225015 1.65335 
0.800437 0.611454 0.194992 1.57793 
0.835852 0.615735 0.18364 1.64398 
0.733392 0.609164 0.130333 1.45219 
0.683951 0.581783 0.124083 1.34873 
0.771191 0.633585 0.102023 1.5232 
0.712274 0.587646 0.0900084 1.40203 
0.716018 0.606065 0.115186 1.41559 
0.693389 0.583438 0.102478 1.36437 
0.765457 0.62677 0.0844569 1.5062 
0.89226 0.594823 0.0205174 1.72635 
0.913933 0.576859 -0.00481625 1.76285 
0.907985 0.580495 0.0356106 1.75065 
0.960237 0.532462 0.131701 1.84498 
0.899252 0.608882 0.0611932 1.75224 
0.922401 0.583944 0.0706425 1.78595 
0.900089 0.584414 0.134682 1.74389 
0.803897 0.637924 0.062372 1.58282 
0.823519 0.631313 0.0453179 1.61309 
0.808648 0.629868 0.0871387 1.58418 
0.904463 0.590095 0.0142895 1.74994 
0.791703 0.605514 0.0104133 1.54584 
0.78574 0.588141 -0.000213737 1.53114 
0.804202 0.605652 0.00421962 1.56876 
0.792671 0.592374 -0.00315284 1.54444 
0.798093 0.591529 -0.00522713 1.55501 
0.785824 0.563301 -0.0145742 1.52208 
0.817521 0.593066 -0.0151658 1.59036 
0.798993 0.557331 -0.0212197 1.54545 
0.847796 0.599876 -0.0172996 1.64598 
0.832612 0.601035 -0.0161189 1.6197 
0.844008 0.593383 -0.0228593 1.63634 
0.959694 0.51834 -0.0329487 1.83545 
0.960953 0.528521 0.0151189 1.83734 
0.962142 0.523675 0.00136946 1.83933 
0.968345 0.521182 0.0211547 1.85075 
0.984148 0.499831 0.0198554 1.87851 
0.984595 0.497691 0.0284816 1.87745 
0.965858 0.525389 0.155561 1.85768 
0.96789 0.526188 0.169919 1.8657 
0.960816 0.539849 0.143218 1.85251 
0.977927 0.517984 0.0723122 1.8711 
0.969013 0.526277 0.0958908 1.85709 
0.96849 0.527444 0.0464766 1.85406 
1.00238 0.483384 0.0853523 1.91198 
1.00532 0.478031 0.0947388 1.91732 
1.00101 0.494862 0.0857207 1.91438 
0.996732 0.49467 0.0985462 1.90541 
0.982067 0.520453 0.0991951 1.88467 
0.985702 0.510259 0.0897912 1.88656 
0.992704 0.499292 0.0845411 1.89677 
0.993118 0.50506 0.0948455 1.90177 
0.984463 0.516707 0.0793699 1.88619 
0.812185 0.57592 -0.021736 1.57612 
0.831324 0.591932 -0.022094 1.61414 
0.852972 0.60223 -0.0158245 1.65531 
0.829643 0.609197 0.000402638 1.61267 
0.800302 0.604248 0.00540322 1.56238 
0.817136 0.611193 -0.00300135 1.59272 
0.822652 0.61845 0.0071815 1.60661 
0.823808 0.610153 -0.00539959 1.60573 
0.83398 0.618972 0.0168683 1.62512 
0.788246 0.566862 -0.0119929 1.52962 
0.794452 0.558196 -0.0193887 1.53677 
0.809701 0.594287 -0.0120248 1.5749 
0.778714 0.571661 -0.00334298 1.5131 
0.770957 0.573761 0.00535221 1.49989 
0.791064 0.624421 0.032226 1.54967 
0.793395 0.609403 0.0158729 1.55138 
0.803117 0.623987 0.0266818 1.57319 
0.813837 0.619241 0.0115763 1.58921 
0.811775 0.628419 0.0323326 1.5888 
0.752321 0.579236 0.0265437 1.4676 
0.767159 0.598005 0.0223031 1.49992 
0.753018 0.599182 0.0426419 1.47542 
0.767621 0.600165 0.0259749 1.50244 
0.776585 0.611833 0.0313928 1.52089 
0.773068 0.593809 0.013959 1.50951 
0.764041 0.576841 0.0145251 1.48875 
0.779843 0.59087 0.00880505 1.52111 
0.769 0.570566 0.00208101 1.49352 
0.783739 0.590472 0.00699918 1.52875 
0.756523 0.580342 0.021747 1.47625 
0.760665 0.573685 0.0106618 1.47946 
0.769807 0.614273 0.0378563 1.50959 
0.775434 0.597661 0.0180328 1.51617 
0.784088 0.609171 0.0207891 1.533 
0.743156 0.576924 0.0326269 1.44855 
0.753874 0.577788 0.0191266 1.4689 
0.788506 0.628851 0.0543278 1.55051 
0.772989 0.627373 0.0642487 1.51948 
0.774911 0.618895 0.0435374 1.5217 
0.722973 0.579918 0.0592712 1.41335 
0.729339 0.602465 0.0727883 1.43479 
0.886177 0.550924 0.241898 1.72419 
0.803027 0.586288 0.220799 1.57634 
0.874954 0.582543 0.229409 1.71533 
0.815356 0.621476 0.136566 1.59663 
0.877727 0.57578 0.218256 1.70901 
0.875196 0.592892 0.179503 1.70574 
0.845171 0.603218 0.201222 1.65715 
0.845753 0.604896 0.172725 1.65179 
0.920809 0.564691 0.16975 1.78305 
0.704693 0.586786 0.111563 1.38977 
0.836919 0.605515 0.212796 1.64951 
0.728575 0.556071 0.214814 1.43768 
0.72365 0.58793 0.178767 1.43386 
0.743654 0.577878 0.21491 1.47148 
0.908259 0.535688 0.205116 1.75972 
0.932685 0.395322 0.151493 1.76217 
0.897768 0.538302 0.210891 1.7355 
0.741687 0.605115 0.0652062 1.45942 
0.705664 0.584882 0.0840773 1.38642 
0.72034 0.588146 0.0716575 1.4158 
0.720984 0.604205 0.0921388 1.42161 
0.917388 0.450714 0.112984 1.74456 
0.892894 0.5303 0.250748 1.73549 
0.756234 0.606627 0.169528 1.49133 
0.746397 0.590113 0.196757 1.482 
0.721321 0.590752 0.164152 1.42858 
0.689117 0.567009 0.163068 1.35731 
0.685012 0.578019 0.142727 1.35189 
0.69923 0.584162 0.133128 1.38081 
0.712866 0.567272 0.179384 1.40663 
0.892895 0.553415 0.220289 1.73176 
0.989062 0.470648 0.177303 1.88746 
0.962733 0.342364 0.396899 1.86844 
1.00481 0.453468 0.191219 1.91966 
0.960023 0.502451 0.231594 1.84875 
0.982878 0.4908 0.174502 1.8825 
0.975741 0.480346 0.200829 1.86585 
0.977989 0.485297 0.217809 1.87766 
0.970614 0.492313 0.195836 1.85911 
0.968292 0.506254 0.191807 1.86018 
1.03795 0.405049 0.197149 1.98105 
1.02414 0.428715 0.191667 1.95549 
1.00212 0.43544 0.259129 1.92231 
1.02416 0.390784 0.285849 1.96605 
1.03626 0.332422 0.262335 1.96836 
1.00889 0.326136 0.334548 1.92656 
0.992856 0.434775 0.28426 1.90771 
0.982253 0.463048 0.219107 1.87686 
1.02384 0.38945 0.246462 1.95233 
0.972533 0.464006 0.280837 1.8735 
1.03031 0.42354 0.184903 1.96701 
1.03342 0.414313 0.177056 1.96964 
1.04422 0.378782 0.169946 1.98146 
1.05104 0.364088 0.195444 1.9985 
1.02517 0.424926 0.212525 1.96096 
1.01843 0.445689 0.175498 1.94572 
1.0103 0.445235 0.195228 1.92995 
1.015 0.421321 0.222003 1.93698 
0.994731 0.456285 0.196151 1.89792 
1.01013 0.451238 0.16947 1.92711 
1.02033 0.443001 0.121838 1.9409 
1.03679 0.426626 0.11558 1.97341 
1.03055 0.416229 0.131194 1.95599 
1.03482 0.419602 0.121443 1.96654 
1.0277 0.432881 0.12062 1.95439 
1.02965 0.438506 0.117141 1.96099 
1.04493 0.410554 0.1192 1.98747 
1.0408 0.424219 0.115703 1.98225 
1.04122 0.419214 0.105097 1.98025 
1.03599 0.407064 0.1397 1.96689 
1.02125 0.448504 0.144665 1.94863 
1.02178 0.439664 0.155032 1.94776 
1.01629 0.438241 0.192123 1.94065 
1.01329 0.454318 0.160305 1.93442 
1.00569 0.464514 0.132009 1.9165 
1.01118 0.454769 0.153486 1.92845 
1.0025 0.464938 0.153075 1.91233 
0.948322 0.396978 0.0932203 1.79572 
0.865572 0.551135 0.195831 1.6773 
0.898487 0.502069 0.165288 1.73171 
0.885068 0.545851 0.196532 1.71248 
0.90099 0.538123 0.201409 1.74414 
0.912979 0.521651 0.219913 1.76466 
0.90499 0.534398 0.226153 1.75318 
0.898865 0.551052 0.222213 1.74384 
0.882155 0.513395 0.163138 1.70024 
0.923989 0.229283 0.447623 1.79148 
0.872558 0.340218 0.417654 1.69444 
1.01947 0.233013 0.239266 1.92596 
1.0138 0.235961 0.300077 1.93113 
0.966351 0.321105 0.294221 1.85622 
0.742267 0.533756 0.25452 1.46053 
0.696383 0.557732 0.194579 1.37125 
0.777123 0.572349 0.233389 1.53879 
0.742074 0.464545 0.32254 1.43994 
0.906071 0.400489 0.280169 1.74041 
0.885314 0.386827 0.33898 1.70398 
0.864874 0.483016 0.291444 1.69029 
0.87319 0.530107 0.265401 1.70409 
0.882551 0.495604 0.27216 1.71414 
0.842329 0.555758 0.256361 1.65249 
0.793387 0.571857 0.229342 1.55455 
0.83208 0.582211 0.233594 1.63203 
0.870088 0.558011 0.241041 1.69397 
0.906543 0.519288 0.250751 1.75931 
0.911401 0.441353 0.247693 1.74807 
0.858357 0.441479 0.311165 1.66242 
0.862658 0.40656 0.369293 1.67891 
0.838163 0.456207 0.329342 1.63492 
0.893654 0.417766 0.321549 1.73383 
0.940119 0.377636 0.280331 1.81112 
0.826322 0.438048 0.342428 1.6053 
0.91788 0.356439 0.350781 1.77012 
0.935637 0.313725 0.358146 1.79137 
0.783046 0.415996 0.368251 1.51514 
0.745579 0.516382 0.268824 1.45928 
0.90084 0.558914 0.20706 1.74391 
0.871581 0.593542 0.206363 1.7056 
0.896704 0.570978 0.196522 1.74036 
0.896811 0.569684 0.218261 1.74614 
0.905475 0.575316 0.173164 1.75701 
0.918681 0.550626 0.20007 1.77595 
0.905312 0.559482 0.187902 1.74946 
0.947147 0.517988 0.20453 1.82121 
0.931101 0.545265 0.187025 1.79692 
0.948682 0.536066 0.182597 1.83028 
0.897512 0.551768 0.222796 1.74117 
0.902613 0.557057 0.223616 1.75206 
0.898306 0.556458 0.229328 1.74547 
0.897122 0.551994 0.239311 1.74262 
0.925374 0.522682 0.248191 1.78669 
0.890669 0.554389 0.244449 1.73484 
0.900458 0.538339 0.277373 1.75495 
0.914048 0.523073 0.268841 1.7699 
0.948383 0.415134 0.345713 1.82332 
0.801846 0.511434 0.305825 1.56342 
0.893311 0.520228 0.291934 1.73357 
0.944737 0.462132 0.339893 1.83471 
0.873254 0.530475 0.30753 1.70912 
0.916584 0.508737 0.307442 1.78318 
0.898685 0.558079 0.224753 1.74454 
0.888353 0.554065 0.21869 1.72535 
0.893332 0.548789 0.226595 1.73368 
0.934572 0.369903 0.208816 1.77151 
0.911487 0.444069 0.280829 1.76731 
0.77865 0.491338 0.300935 1.51956 
0.820523 0.531715 0.272702 1.6172 
0.841759 0.538406 0.267118 1.64223 
0.877815 0.470566 0.272556 1.70173 
0.827826 0.497132 0.297514 1.62051 
0.920815 0.519121 0.232159 1.78576 
0.949111 0.382768 0.185393 1.80625 
0.923935 0.455084 0.21119 1.76923 
0.929828 0.474477 0.19342 1.78822 
0.940716 0.431604 0.123166 1.79289 
0.92996 0.445227 0.228012 1.78775 
0.974395 0.320604 0.1564 1.8475 
0.981225 0.223555 0.38739 1.88773 
0.941784 0.237863 0.414767 1.80974 
0.973886 0.300456 0.334624 1.86939 
0.849434 0.284853 0.422097 1.62709 
0.942643 0.349368 0.292513 1.80922 
0.710308 0.537537 0.236305 1.39461 
0.766574 0.547026 0.254275 1.51015 
0.851406 0.566023 0.246389 1.66395 
0.761857 0.598659 0.190948 1.5003 
0.797558 0.619088 0.181254 1.57545 
0.908206 0.491501 0.250049 1.76085 
0.724157 0.495849 0.277996 1.40765 
0.785538 0.511359 0.284616 1.5417 
0.814335 0.50445 0.285503 1.59257 
0.811796 0.479444 0.319277 1.58856 
0.766711 0.486443 0.303528 1.49695 
0.791274 0.451648 0.348273 1.54448 
0.995102 0.32402 0.231893 1.90877 
0.839589 0.390308 0.398898 1.63859 
1.04859 0.219573 0.159021 1.97933 
1.04764 0.16179 0.256938 1.98361 
1.02541 0.139069 0.341132 1.95513 
0.922311 0.324482 0.40312 1.79187 
0.989672 0.230334 0.341224 1.88515 
1.03129 0.148025 0.290153 1.94979 
1.06626 0.117864 0.21113 2.01081 
1.00042 0.128792 0.38088 1.90796 
1.05748 0.0771159 0.274721 2.00299 
0.99753 0.018031 0.40351 1.90633 
0.889377 0.255983 0.452161 1.72078 
1.03765 0.232725 0.218535 1.96711 
1.05991 0.182729 0.130822 1.9961 
1.052 0.156388 0.200987 1.98004 
1.06606 0.124173 0.174604 2.00419 
1.06862 0.141051 0.162065 2.01067 
1.08409 0.112724 0.151493 2.04134 
0.943587 0.135639 0.4561 1.8159 
1.05954 0.158994 0.188986 1.99752 
0.985107 0.113124 0.434391 1.90336 
1.06153 0.15918 0.136776 1.99687 
1.04411 0.0458258 0.307574 1.97796 
1.05971 0.149897 0.153249 1.99218 
1.05345 0.187881 0.170149 1.98664 
1.06242 0.156528 0.13959 1.99809 
1.06414 0.160617 0.115608 2.00121 
1.06423 0.1487 0.117487 1.99981 
1.07543 0.0802742 0.188234 2.02506 
1.07512 0.00931469 0.231106 2.03255 
1.05956 0.0932281 0.231811 1.99609 
1.06987 0.157378 0.125677 2.01133 
1.06362 0.145365 0.108774 1.99804 
1.03428 0.0129545 0.37481 1.9873 
1.09507 0.035568 0.10866 2.06028 
1.07856 -0.0526307 0.26947 2.06253 
1.0879 0.0450826 0.178438 2.05247 
1.08005 0.070405 0.201012 2.03827 
1.07717 -0.0110848 0.233103 2.04324 
1.04407 -0.0664038 0.296225 1.98151 
1.0776 0.123548 0.164116 2.02938 
1.06826 0.171866 0.122543 2.00885 
1.06993 0.171034 0.120549 2.01236 
1.06501 0.14526 0.109311 2.00057 
1.06496 0.147175 0.117463 2.00083 
1.06445 0.145846 0.109437 1.99921 
1.07123 0.151765 0.136184 2.01542 
1.06805 0.142542 0.141307 2.00729 
1.06507 0.149926 0.109273 2.00138 
1.05054 0.17973 0.120393 1.97167 
1.0649 0.186147 0.134868 2.00425 
1.08 0.230886 0.118805 2.03345 
1.08808 0.245219 0.0941075 2.0509 
1.08897 0.186332 0.100507 2.05018 
1.06553 0.184591 0.118134 2.0029 
1.07562 0.186795 0.128732 2.02524 
1.06555 0.144926 0.117723 2.00197 
1.08392 0.159016 0.129641 2.04235 
1.06472 0.142296 0.139727 2.00177 
1.07432 0.150816 0.13693 2.02088 
1.07449 0.127265 0.153098 2.02093 
1.07361 0.218772 0.118643 2.02323 
1.068 0.246011 0.126998 2.01411 
1.06599 0.247551 0.145727 2.0132 
1.07265 0.290868 0.124935 2.02481 
1.0817 0.276761 0.105937 2.04041 
1.0743 0.268014 0.13127 2.02511 
1.06933 0.322623 0.113961 2.02085 
1.09412 0.192912 0.0694013 2.06067 
1.08499 0.280039 0.0871646 2.04827 
1.09434 0.206268 0.0772903 2.06154 
1.10077 0.0532983 0.0469238 2.07028 
1.10214 -0.0345478 0.0352927 2.07883 
1.09139 -0.0698354 0.151202 2.06493 
1.05835 0.147278 0.111315 1.9863 
1.06492 0.362261 0.0955685 2.01774 
1.07942 0.269581 0.11063 2.03648 
1.05654 0.356514 0.147136 2.00208 
1.05989 0.350895 0.13038 2.00651 
1.0638 0.331083 0.136142 2.01187 
1.06746 0.291127 0.141415 2.01371 
1.05694 0.294736 0.161564 1.99417 
1.06502 0.293012 0.15053 2.01257 
1.0625 0.251345 0.146026 2.00522 
1.07004 0.219605 0.135613 2.0161 
1.06189 0.190094 0.136528 1.99663 
1.06225 0.145936 0.109836 1.99468 
1.05664 0.163839 0.108097 1.98382 
1.05247 0.163837 0.122007 1.97445 
1.04413 0.18172 0.140015 1.95883 
1.00784 0.239653 0.172012 1.88282 
1.0538 0.249077 0.153155 1.99066 
1.03288 0.209563 0.168602 1.93931 
1.0948 0.139906 0.108027 2.0611 
1.09091 0.190697 0.0964341 2.05354 
1.0843 0.183421 0.120363 2.03942 
1.08539 0.223768 0.0859003 2.04334 
1.09961 0.131332 -0.00472306 2.07355 
1.10277 0.0793676 0.0134082 2.07788 
1.10108 0.107041 0.0245906 2.07172 
1.09618 0.114031 0.0563562 2.05934 
1.09964 0.160525 0.0273214 2.07151 
1.09905 0.174323 0.0334497 2.07063 
1.09244 0.236006 0.0449253 2.05968 
1.09411 0.197222 0.0107569 2.06461 
1.09005 0.145836 0.106985 2.04941 
1.07916 0.184331 0.126491 2.03349 
1.08502 0.227899 0.116143 2.04542 
1.09732 0.157269 0.0743079 2.06541 
1.07935 0.16161 0.137409 2.03213 
1.09656 0.0938735 0.0873607 2.06131 
1.08936 0.108109 0.144503 2.05273 
1.09312 0.094329 0.12577 2.05551 
1.09337 -0.0266586 0.14954 2.0661 
1.03857 0.298289 0.16131 1.96347 
1.04437 0.270506 0.172307 1.97386 
1.01986 0.333892 0.154161 1.93112 
1.03699 0.373485 0.15981 1.9644 
1.09843 0.0567447 0.11354 2.06749 
1.09514 0.137823 0.10858 2.06216 
1.10267 0.0275149 0.0597518 2.077 
1.10096 0.0883069 0.0668009 2.07129 
1.10148 0.0882407 0.0140224 2.07233 
1.10489 0.0305516 -0.00971456 2.08349 
1.05973 0.372864 0.10537 2.00909 
1.08652 0.234032 -0.0119651 2.0532 
1.07986 0.269532 -0.0135108 2.04129 
1.08434 0.248371 -0.0302022 2.05151 
1.08865 0.257202 -0.00502599 2.05635 
1.0973 0.213564 -0.025729 2.07761 
1.08528 0.290315 0.0245272 2.0501 
1.0896 0.241473 0.0484459 2.05162 
1.09191 0.249051 0.0767585 2.06052 
1.08337 0.280349 0.0739906 2.0423 
1.08079 0.322862 0.0726436 2.0449 
1.0713 0.344591 0.0792421 2.02699 
1.07473 0.349084 0.0639822 2.03625 
1.07817 0.304572 0.00215072 2.04032 
0.972076 0.365873 0.149784 1.82447 
1.09232 0.241854 0.0183945 2.06086 
1.0958 0.219993 0.0347532 2.06722 
1.09841 0.130952 -0.0297249 2.07113 
1.10293 0.082399 -0.027185 2.07964 
1.06516 0.362218 0.0681092 2.01632 
1.07366 0.354738 0.0409249 2.03456 
1.07615 0.318197 0.0870173 2.03264 
1.07237 0.346588 0.0872733 2.03096 
1.08175 0.298626 0.0515547 2.04161 
1.07542 0.32235 0.0156955 2.03269 
1.07185 0.33812 0.0151611 2.02884 
1.07502 0.324663 0.00877057 2.03501 
1.08684 0.283295 0.0635885 2.05199 
1.09612 0.185038 -0.00379797 2.06885 
1.07802 0.320499 0.0214112 2.0388 
1.08038 0.331132 0.0518233 2.0452 
1.07581 0.324827 0.102431 2.03513 
1.07914 0.295595 0.0981773 2.03723 
1.07424 0.298938 0.122244 2.02819 
1.06024 0.364917 0.115807 2.00888 
1.07036 0.326214 0.109786 2.02235 
1.06836 0.327903 0.13549 2.02227 
1.06409 0.365572 0.091475 2.01633 
1.06159 0.362146 0.110014 2.01062 
1.06756 0.345335 0.0996248 2.01943 
1.06744 0.345463 0.106125 2.02003 
1.0606 0.37603 0.0886614 2.01091 
1.07703 0.271713 -0.0136093 2.03458 
1.01189 0.394743 0.0100522 1.9151 
1.06185 0.387707 0.0892226 2.02061 
1.04877 0.26724 0.150187 1.98088 
1.03896 0.201754 0.137071 1.94857 
1.05474 0.340266 0.155042 1.99592 
1.0481 0.349417 0.171357 1.986 
1.02392 0.310079 0.178524 1.93856 
1.04603 0.367577 0.156284 1.98417 
1.04633 0.401788 0.132017 1.99084 
1.05226 0.381761 0.125323 1.99621 
1.05948 0.337184 0.154188 2.00666 
1.05635 0.375943 0.115749 2.00278 
1.05134 0.392865 0.118347 1.99665 
1.05922 0.380454 0.104355 2.01028 
1.06148 0.352285 0.00573454 2.01149 
1.05862 0.353429 0.00791032 2.00688 
1.05965 0.34797 0.00498706 2.00839 
1.07157 0.289849 -0.0205619 2.0257 
1.06372 0.384752 0.0434446 2.01933 
1.06896 0.36554 0.0582636 2.02651 
1.07817 0.323717 0.0626021 2.03776 
1.067 0.366917 0.0797874 2.02325 
1.06209 0.380664 0.0549798 2.01415 
1.05903 0.382047 0.0744185 2.00802 
1.05885 0.386956 0.0894403 2.01036 
1.05019 0.404276 0.0764037 1.99413 
1.05032 0.399519 0.0601053 1.99176 
1.05603 0.392193 0.060414 2.0033 
1.0524 0.396475 0.0773605 1.99682 
1.05508 0.389678 0.0907145 2.00206 
1.0435 0.415301 0.0796307 1.98206 
1.06161 0.356902 0.0102482 2.0125 
1.08421 0.29852 0.0123783 2.0513 
1.08894 0.243897 0.0152723 2.05241 
1.08897 0.288388 0.0288209 2.05925 
1.06926 0.352578 0.0189017 2.02486 
1.06689 0.369092 0.0244302 2.02247 
1.0639 0.361334 0.016825 2.01432 
1.08424 0.261237 -0.00369614 2.04596 
1.08218 0.310404 0.0312037 2.04594 
1.08448 0.282918 0.0448435 2.04524 
1.07386 0.330224 0.0224366 2.03072 
1.07625 0.3346 0.0354397 2.03546 
1.07489 0.338842 0.0374892 2.03327 
1.08002 0.301253 0.00956356 2.04134 
1.0784 0.314521 0.0311338 2.03718 
1.07867 0.284739 -0.0218305 2.04254 
1.07504 0.30658 -0.00232167 2.03293 
1.0727 0.308974 -0.00861879 2.03096 
1.07119 0.331546 0.00484858 2.02894 
1.06789 0.337924 0.000639716 2.02387 
1.06821 0.342917 0.0109152 2.02286 
1.06521 0.345627 0.0051573 2.01923 
1.06976 0.317988 -0.0106711 2.02621 
1.06981 0.311853 -0.00496135 2.02442 
1.06447 0.326641 -0.00730088 2.01537 
1.06849 0.333563 0.0041747 2.02272 
1.06347 0.333056 -0.00126949 2.0143 
1.06536 0.339894 -0.000505169 2.01823 
1.06312 0.347498 0.00331879 2.01468 
1.06142 0.34111 0.00236402 2.0112 
1.06214 0.335558 -0.00294677 2.01173 
1.06039 0.358245 0.008781 2.00987 
1.06019 0.343316 0.00079844 2.00882 
1.05612 0.358242 0.00837708 2.0022 
1.05818 0.370991 0.0163065 2.00581 
1.05814 0.36157 0.0116941 2.00577 
1.0594 0.370513 0.0170799 2.00752 
1.05438 0.372298 0.0169803 1.99993 
1.05413 0.366453 0.0137275 1.9992 
1.05525 0.369212 0.0145378 2.00118 
1.05448 0.364232 0.0125314 1.99954 
1.05821 0.377351 0.0196297 2.0066 
1.05762 0.378557 0.0178838 2.00556 
1.05662 0.371149 0.0148931 2.00332 
1.05915 0.382693 0.0191861 2.0086 
1.05768 0.366315 0.0134757 2.00509 
1.06027 0.381563 0.0209779 2.01102 
1.0547 0.378855 0.0190603 2.00063 
1.06804 0.240884 0.256959 2.02679 
1.05734 0.36647 0.0231495 2.00463 
1.05641 0.368357 0.0230461 2.00317 
1.05699 0.369834 0.0227172 2.00409 
1.05537 0.361899 0.01157 2.00114 
1.05597 0.360232 0.0106203 2.0021 
1.05685 0.362694 0.0107499 2.00375 
1.05789 0.390897 0.0231035 2.00775 
1.05488 0.378506 0.0186395 2.00093 
1.05439 0.379183 0.0187907 1.99998 
1.05376 0.373859 0.0179883 1.99894 
1.05438 0.365571 0.014212 1.99951 
1.05876 0.391465 0.0125711 2.00944 
1.05917 0.375932 0.0182545 2.0087 
1.0586 0.389488 0.0166451 2.00918 
1.05632 0.376353 0.0214505 2.00355 
1.05589 0.369719 0.0232957 2.00234 
1.05524 0.373651 0.0228199 2.00139 
1.05702 0.395182 0.0191487 2.00667 
1.0571 0.390148 0.0195947 2.00614 
1.05674 0.390361 0.0214601 2.00535 
1.05721 0.3945 0.0225972 2.00686 
1.05644 0.398667 0.0199217 2.00606 
1.05746 0.396251 0.0166561 2.00775 
1.05758 0.392965 0.0166019 2.00741 
1.05769 0.394674 0.0243284 2.00773 
1.05679 0.401585 0.0320801 2.00774 
1.05681 0.394658 0.0220709 2.00592 
1.05731 0.400178 0.0268355 2.00865 
1.05576 0.402179 0.0288853 2.00533 
1.0555 0.402977 0.0235735 2.00488 
1.05615 0.40076 0.022472 2.00596 
1.05227 0.372297 0.0191168 1.99588 
1.0528 0.373539 0.0204379 1.9971 
1.05327 0.375737 0.0189904 1.99794 
1.05377 0.377417 0.0206841 1.99907 
1.05329 0.374201 0.0178519 1.99793 
1.05506 0.382316 0.0207651 2.00165 
1.05406 0.378934 0.0208355 1.99955 
1.05233 0.370339 0.0166171 1.99581 
1.05487 0.383104 0.0208362 2.00128 
1.05225 0.371732 0.018125 1.99582 
1.05739 0.393854 0.0198615 2.00731 
1.03217 0.455361 0.0174008 1.96855 
1.04989 0.414416 0.0244923 1.99528 
1.03454 0.441331 0.0401615 1.96848 
1.04291 0.437425 0.0173032 1.98714 
1.03661 0.440128 0.0440749 1.97319 
1.07608 0.336558 0.000370703 2.03753 
1.07131 0.346102 0.00994988 2.02925 
1.06809 0.358184 0.00835313 2.02412 
1.06947 0.358492 -0.0063009 2.02635 
1.01402 0.478111 -0.0225387 1.93727 
1.01821 0.469702 -0.0448667 1.94475 
1.01486 0.467365 -0.0778974 1.94034 
1.02466 0.45718 -0.0766212 1.95837 
1.01895 0.465483 -0.0820248 1.94952 
1.00755 0.473598 -0.0806237 1.93098 
1.01538 0.467658 -0.0924276 1.94553 
1.03737 0.430097 -0.0695099 1.97588 
1.02957 0.456822 -0.0416879 1.96542 
1.02579 0.458458 -0.0612541 1.95973 
1.02413 0.465597 -0.044967 1.95676 
1.01888 0.464099 -0.0612974 1.94577 
1.03426 0.449455 -0.0284472 1.97264 
1.03406 0.45048 -0.0517064 1.97391 
1.04023 0.443995 -0.047226 1.98591 
1.05495 0.401686 -0.00314962 2.00299 
1.05975 0.38263 0.0146789 2.01012 
1.06236 0.377812 0.00304448 2.01418 
1.0648 0.360838 0.0153933 2.01771 
1.06402 0.368947 0.0117571 2.01681 
1.06641 0.359734 0.0114033 2.02043 
1.06505 0.367797 0.00804524 2.01898 
1.07104 0.35057 -0.00618311 2.0286 
1.06691 0.364621 -0.000169292 2.02209 
1.06715 0.36091 -0.00586589 2.02109 
1.05581 0.404764 0.00618336 2.00624 
1.05729 0.398649 0.0114616 2.00781 
1.05574 0.401093 0.011301 2.00476 
1.05706 0.370783 0.0152854 2.00428 
1.05571 0.368833 0.0148761 2.00209 
1.05596 0.366461 0.0132518 2.00241 
1.05491 0.362419 0.0114259 2.00016 
1.05564 0.360867 0.0102926 2.00149 
1.0575 0.381474 0.0210395 2.00578 
1.05593 0.376005 0.0184361 2.00279 
1.05754 0.371441 0.015533 2.00436 
1.05612 0.37471 0.0167956 2.00292 
1.05481 0.363663 0.0127375 2.00017 
1.0564 0.388962 0.0210292 2.00453 
1.05668 0.395817 0.0213752 2.00628 
1.05695 0.395855 0.0204089 2.00693 
1.05603 0.389207 0.0217139 2.00371 
1.05519 0.38456 0.0208463 2.00191 
1.05629 0.391552 0.0212524 2.00469 
1.05564 0.387044 0.0221147 2.00294 
1.05551 0.386665 0.0223843 2.00274 
1.05481 0.381919 0.0217595 2.00108 
1.05474 0.382082 0.0223201 2.001 
1.05391 0.376784 0.0217302 1.99921 
1.05311 0.375765 0.0209282 1.99772 
1.05367 0.377912 0.0215903 1.99879 
1.053 0.374395 0.0212883 1.99748 
1.05295 0.374424 0.0213115 1.99739 
1.05591 0.388796 0.0213208 2.00351 
1.05645 0.388811 0.0220647 2.00455 
1.05519 0.384658 0.0214957 2.00196 
1.05515 0.370502 0.0160048 2.00125 
1.05527 0.376741 0.017621 2.00155 
1.0545 0.371018 0.0156178 1.99997 
1.05923 0.390526 0.0237694 2.01034 
1.05983 0.392208 0.028477 2.01204 
1.05825 0.39381 0.0260701 2.00885 
1.0572 0.394741 0.0233911 2.00653 
1.05659 0.399481 0.022187 2.00677 
1.057 0.399204 0.0239775 2.00772 
1.05592 0.400497 0.0230974 2.0052 
1.05647 0.40077 0.0243303 2.00675 
1.05493 0.403983 0.023531 2.00382 
1.0549 0.405114 0.018274 2.0041 
1.05651 0.397948 0.0207453 2.0063 
1.05648 0.393385 0.0212403 2.00516 
1.05705 0.391895 0.0212811 2.00602 
1.05663 0.385329 0.0214934 2.0048 
1.05832 0.389361 0.0214965 2.00839 
1.05755 0.391686 0.0219261 2.00718 
1.05657 0.393333 0.0225902 2.0054 
1.05631 0.391369 0.0216791 2.00467 
1.05588 0.388768 0.0204214 2.00352 
1.05613 0.388756 0.0216835 2.00404 
1.05605 0.385751 0.0204518 2.00348 
1.05561 0.383944 0.0202759 2.00273 
1.05639 0.382809 0.0192584 2.0037 
1.05579 0.383866 0.0208793 2.00319 
1.05694 0.382475 0.0199554 2.00494 
1.05526 0.378212 0.0190778 2.00164 
1.05298 0.370155 0.0159933 1.99737 
1.05373 0.367491 0.0150718 1.99843 
1.05384 0.372665 0.0167185 1.99889 
1.05355 0.368424 0.0146581 1.9983 
1.05351 0.375655 0.0189518 1.99845 
1.05264 0.371657 0.0177802 1.99676 
1.05309 0.369318 0.0161929 1.99736 
1.05248 0.372327 0.0188509 1.99641 
1.05371 0.376813 0.0216759 1.99882 
1.05273 0.373703 0.0202808 1.99698 
1.05369 0.377791 0.0209889 1.99877 
1.05319 0.375673 0.021531 1.9979 
1.05402 0.378872 0.0208267 1.99951 
1.05362 0.3777 0.0200367 1.9988 
1.05525 0.385028 0.0212067 2.00203 
1.05475 0.383454 0.0202162 2.00111 
1.05395 0.378898 0.020882 1.99935 
1.05492 0.38256 0.0202485 2.00138 
1.05595 0.388688 0.0212609 2.00367 
1.05269 0.373617 0.0203459 1.99686 
1.05257 0.373637 0.0208284 1.99657 
1.05385 0.376398 0.0220843 1.99909 
1.0548 0.379626 0.0222329 2.00089 
1.05347 0.37344 0.0221703 1.99822 
1.05295 0.374022 0.0215921 1.99724 
1.05315 0.373589 0.022169 1.99756 
1.02848 0.431767 -0.128516 1.96675 
1.0304 0.42277 -0.159773 1.97624 
1.03219 0.41302 -0.139571 1.97038 
1.04125 0.394647 -0.152627 1.9912 
1.046 0.380717 -0.139473 1.99563 
1.05563 0.3852 0.0218729 2.00282 
1.05383 0.372694 0.0225827 1.99884 
1.05342 0.372908 0.0224977 1.99793 
1.05324 0.373952 0.021847 1.99789 
1.05442 0.375677 0.0222818 2.00006 
1.05494 0.38122 0.0214306 2.0013 
1.05609 0.385342 0.0215467 2.00362 
1.0486 0.377091 -0.131332 1.99667 
1.05433 0.371286 0.02304 1.99949 
1.05375 0.372127 0.0228369 1.99844 
1.05555 0.380174 0.0216151 2.0024 
1.05443 0.375063 0.0227877 2.00004 
1.05392 0.376252 0.02166 1.9992 
1.05503 0.379488 0.0220826 2.00142 
1.054 0.37558 0.0222082 1.99927 
1.05354 0.358052 -0.137203 2.0082 
1.05297 0.350677 -0.128909 2.00311 
1.05389 0.374404 -0.12748 2.00841 
1.05798 0.389564 0.0179898 2.00768 
1.05853 0.382249 0.018497 2.00763 
1.05946 0.381894 0.0154081 2.0098 
1.05805 0.374365 0.0200344 2.00654 
1.05569 0.376565 0.0226119 2.00242 
1.05802 0.381206 0.0206959 2.00698 
1.05614 0.373041 0.022368 2.00266 
1.05692 0.377769 0.0215045 2.0046 
1.05672 0.37143 0.0217471 2.00373 
1.0573 0.377299 0.0202071 2.00536 
1.0582 0.380521 0.0185475 2.00714 
1.05865 0.37665 0.0202524 2.00771 
1.05994 0.37489 0.0187182 2.01031 
1.0588 0.369095 0.0214769 2.00761 
1.05651 0.372004 0.0232416 2.00346 
1.05745 0.369549 0.0225335 2.00514 
1.05708 0.387429 0.0206718 2.00566 
1.05595 0.376443 0.0222606 2.00266 
1.05528 0.376898 0.0226085 2.00148 
1.05619 0.381397 0.0215549 2.00342 
1.05644 0.384875 0.0203774 2.00431 
1.05745 0.374942 0.021796 2.00526 
1.05669 0.38049 0.0200463 2.00435 
1.05752 0.382646 0.0198348 2.00582 
1.05457 0.374858 0.0222548 2.00031 
1.05657 0.381048 0.021638 2.00427 
1.05749 0.387508 0.0183398 2.00666 
1.05561 0.372456 0.0227 2.00202 
1.05474 0.373799 0.0230113 2.00048 
1.05453 0.370699 0.0235732 1.99979 
1.05408 0.371678 0.0232971 1.99909 
1.06791 0.340189 -0.109058 2.02797 
1.05977 0.345617 -0.128652 2.0185 
1.0646 0.329329 -0.1234 2.02577 
1.07825 0.280167 -0.0950559 2.04641 
1.08234 0.313931 -0.0281013 2.04745 
1.07923 0.315052 -0.092769 2.0481 
1.0785 0.314202 -0.0830824 2.04237 
1.07336 0.32983 -0.0943925 2.03565 
1.05401 0.370969 -0.120168 2.00386 
1.04599 0.416829 -0.0742339 1.9919 
1.03886 0.408867 -0.132314 1.98416 
1.05946 0.339174 -0.120384 2.01453 
1.06166 0.349327 -0.121638 2.01715 
1.06387 0.34441 -0.107899 2.01903 
1.06177 0.381235 -0.0874965 2.02007 
1.05992 0.367707 -0.106947 2.01431 
1.06388 0.362471 -0.093919 2.01996 
1.06939 0.357216 -0.077765 2.03015 
1.05722 0.386826 -0.100313 2.01263 
1.05759 0.398439 -0.0350472 2.00978 
1.05791 0.397326 -0.0185699 2.00921 
1.05473 0.404968 -0.0328055 2.0047 
1.07619 0.341931 -0.0326128 2.03927 
1.07757 0.336867 -0.058477 2.04293 
1.08029 0.313123 -0.0607562 2.04376 
1.08998 0.288233 -0.0142716 2.0614 
1.0467 0.423066 -0.0592862 1.99392 
1.04928 0.407201 -0.0638173 1.99502 
1.03794 0.434818 -0.0666631 1.97797 
1.04095 0.420208 -0.0795833 1.98128 
1.05146 0.402755 -0.0833244 2.00094 
1.04715 0.361411 -0.143324 1.99419 
1.05105 0.39103 -0.11199 2.0015 
1.05774 0.369124 -0.113547 2.01176 
1.05305 0.388601 -0.102888 2.00315 
1.04034 0.384762 -0.138792 1.98297 
1.0464 0.397641 -0.126344 1.99583 
1.041 0.401915 -0.123021 1.98371 
1.05561 0.369961 0.0238952 2.00176 
1.05485 0.370338 0.0234074 2.0004 
1.05536 0.372775 0.0234654 2.00151 
1.0742 0.323637 -0.108731 2.04124 
1.06385 0.381658 -0.00879625 2.01878 
1.06531 0.323815 -0.112716 2.02454 
1.06912 0.306145 -0.119107 2.03257 
1.06905 0.326225 -0.111606 2.02926 
1.07516 0.31668 -0.0962638 2.03853 
1.06994 0.33368 -0.0929308 2.02805 
1.055 0.369813 0.0239377 2.00059 
1.07635 0.285692 -0.109961 2.04462 
1.05588 0.368927 0.0237968 2.00206 
1.08186 0.256228 -0.100859 2.05285 
1.0608 0.381738 0.00906612 2.01169 
1.05849 0.387285 0.0125234 2.00806 
1.05955 0.390626 0.0065956 2.01107 
1.0605 0.366709 0.0207131 2.01039 
1.06087 0.373541 0.0173583 2.01156 
1.061 0.365198 0.0186125 2.01077 
1.06258 0.357144 0.0224354 2.01356 
1.05904 0.362554 0.0232189 2.00741 
1.05809 0.364796 0.023257 2.00594 
1.05824 0.363511 0.0241841 2.00589 
1.05746 0.365507 0.0238714 2.00463 
1.09065 0.212701 -0.0892059 2.06769 
1.05957 0.36447 0.0227367 2.00841 
1.10077 0.141042 -0.07003 2.08619 
1.09633 0.23167 -0.0608383 2.07126 
1.08718 0.297554 -0.0454545 2.0579 
1.08513 0.317298 -0.0472357 2.05652 
1.08109 0.314961 -0.0692037 2.04802 
1.0858 0.292259 -0.0776738 2.05857 
1.08561 0.250194 -0.081128 2.05913 
1.08871 0.267002 -0.0827793 2.06095 
1.08118 0.292572 -0.0968719 2.04894 
1.05913 0.365745 0.0214932 2.00768 
1.06017 0.358327 0.0241563 2.00877 
1.09401 0.239761 -0.00185133 2.06281 
1.09063 0.279479 -0.0490307 2.06264 
1.10044 0.241952 -0.0208008 2.08123 
1.09377 0.20659 -0.0554009 2.07163 
1.09727 0.136064 0.00528513 2.07073 
1.06282 0.355182 0.0200618 2.01332 
1.06652 0.347314 0.0205916 2.01982 
1.06402 0.347722 0.0242695 2.01469 
1.06115 0.357091 0.0227603 2.01074 
1.05766 0.394737 0.0115959 2.00765 
1.05882 0.368953 0.0210468 2.00762 
1.05942 0.367997 0.019941 2.00804 
1.06184 0.363735 0.0199685 2.01255 
1.06059 0.361514 0.0225473 2.00994 
1.05918 0.361103 0.0241871 2.0073 
1.06015 0.363428 0.0210466 2.00937 
1.06004 0.360051 0.0230683 2.009 
1.05649 0.367185 0.0238929 2.00299 
1.05811 0.369529 0.0216554 2.00603 
1.05862 0.366659 0.0232758 2.0068 
1.06597 0.352828 0.01739 2.01951 
1.06739 0.346677 0.0215664 2.02184 
1.0638 0.353818 0.0214636 2.01535 
1.06441 0.35255 0.0194035 2.01642 
1.06418 0.35025 0.0225999 2.01589 
1.06216 0.361942 0.0171382 2.01267 
1.06503 0.354021 0.0188919 2.01756 
1.06488 0.349253 0.0211421 2.01681 
1.06278 0.352259 0.0243522 2.01317 
1.06174 0.357857 0.0218945 2.01166 
1.06247 0.353645 0.0230885 2.01284 
1.0614 0.355087 0.0242741 2.01075 
1.09964 0.154589 0.125551 2.0777 
1.08202 0.311978 0.0153357 2.04684 
1.08326 0.280408 0.0303863 2.04379 
1.07483 0.331077 0.0232021 2.0346 
1.09331 0.269176 -0.0531653 2.07035 
1.11113 0.104547 0.00896549 2.11138 
1.10137 0.0207825 0.144885 2.08053 
1.06441 0.310094 0.0973571 2.00921 
1.06354 0.350668 0.0229029 2.0144 
1.06143 0.374506 0.0380652 2.01817 
1.06756 0.332788 0.0451333 2.01885 
1.06614 0.346909 0.0275643 2.01965 
1.06653 0.344959 0.0287892 2.02002 
1.08186 0.320601 -0.0177549 2.04802 
1.0845 0.2927 -0.0121954 2.04833 
1.09033 0.270983 0.0420884 2.06003 
1.07623 0.310079 0.0602193 2.03478 
1.07305 0.338533 0.00137132 2.03049 
1.07789 0.31749 0.00849587 2.03781 
1.06822 0.351212 0.0161827 2.02378 
1.07215 0.334941 0.016079 2.02882 
1.06952 0.342524 0.0237211 2.0254 
1.03899 0.277033 0.328631 2.03168 
0.906247 0.339453 0.334658 1.73151 
1.07237 0.311062 0.15265 2.04005 
1.06865 0.338966 0.02658 2.02262 
1.0865 0.174685 0.0846888 2.04113 
1.06858 0.335675 0.0611923 2.02338 
1.07354 0.323045 0.0291878 2.02971 
1.06644 0.344162 0.0250536 2.01957 
1.06429 0.354645 0.0468656 2.01845 
1.04533 0.391643 0.0962098 1.99106 
0.758411 0.510501 0.216002 1.46434 
0.909247 0.491532 0.25791 1.78866 
0.973745 0.425862 0.158411 1.86125 
0.962615 0.404656 0.0299514 1.83207 
0.984302 0.322787 0.0463696 1.8588 
1.02952 0.378283 0.128116 1.95118 
1.05309 0.274593 0.199768 1.9917 
0.970981 0.465692 0.195429 1.87341 
0.845246 0.556523 0.0339612 1.65485 
0.944052 0.453724 0.126361 1.81356 
0.744496 0.48981 -0.0863473 1.41625 
0.701765 0.519928 0.00961051 1.34154 
0.77085 0.529096 -0.0558066 1.49194 
0.906832 0.484483 0.0940909 1.74082 
0.859855 0.519278 0.0919519 1.66175 
0.852841 0.54731 -0.0433304 1.65058 
0.93792 0.47439 -0.0431558 1.78614 
0.941403 0.479552 -0.0187351 1.79682 
0.932788 0.507589 -0.0362914 1.78424 
0.830726 0.548841 0.120111 1.63542 
0.947079 0.46252 0.00715657 1.80877 
0.945943 0.452287 -0.0170032 1.79766 
0.962715 0.349539 -0.052045 1.80782 
0.953097 0.424581 -0.0361011 1.80673 
0.942372 0.433991 -0.0632002 1.78654 
1.0304 0.388508 0.229068 1.9849 
1.00643 0.407131 0.119167 1.92721 
0.960061 0.412039 0.0190168 1.82072 
0.958088 0.415017 -0.0369477 1.81533 
0.960597 0.389886 -0.0401762 1.81509 
1.05767 0.354094 0.00852503 2.00471 
1.0566 0.357222 0.00876187 2.00307 
1.05785 0.355941 0.00715946 2.00578 
1.05871 0.361177 0.0115174 2.00707 
1.06405 0.373063 0.0211853 2.0172 
1.06286 0.357116 0.0116491 2.01343 
1.06539 0.355046 0.0141035 2.01911 
1.05623 0.366056 0.012665 2.00295 
1.05699 0.36545 0.0131346 2.00443 
0.999804 0.495254 0.0698064 1.91032 
0.865553 0.488399 0.131276 1.64556 
0.903743 0.469898 0.105048 1.71987 
0.903716 0.486814 0.174613 1.7302 
0.876552 0.554372 0.22494 1.70151 
0.853505 0.539032 0.188701 1.65596 
0.845276 0.524798 0.176308 1.62755 
0.867808 0.553855 0.22051 1.68896 
0.848936 0.550977 0.232074 1.64972 
0.817849 0.537756 0.206963 1.58445 
0.972955 0.466238 0.27065 1.8713 
0.999262 0.49618 0.0698227 1.9095 
0.999715 0.495443 0.0704925 1.91025 
1.00418 0.489871 0.0727749 1.91832 
1.00042 0.493401 0.0735961 1.91116 
1.00124 0.49135 0.0730639 1.91205 
0.999277 0.496122 0.0714745 1.90962 
1.00131 0.493759 0.0690751 1.9131 
1.00041 0.493691 0.0710073 1.91107 
1.00054 0.494601 0.0701569 1.91178 
0.996684 0.501064 0.070273 1.90588 
0.999857 0.495338 0.070014 1.91051 
1.00065 0.49458 0.069287 1.91197 
1.00031 0.494728 0.0698989 1.91128 
1.0003 0.494979 0.0696841 1.91135 
0.951365 0.513225 0.195839 1.82578 
0.929159 0.542145 0.196276 1.79317 
0.969584 0.496223 0.177363 1.85473 
0.936923 0.526254 0.21954 1.80672 
0.959963 0.502664 0.212144 1.84372 
0.963027 0.493164 0.216912 1.84671 
0.915796 0.541146 0.21931 1.76864 
0.968344 0.524358 0.123847 1.85795 
0.980554 0.516996 0.141067 1.88472 
0.950949 0.548061 0.148128 1.83565 
0.936491 0.555595 0.134648 1.80552 
0.946598 0.547882 0.109558 1.82043 
0.935444 0.566802 0.117012 1.80801 
0.924953 0.57663 0.147667 1.79557 
0.823657 0.635147 0.0692596 1.61699 
0.834807 0.625172 0.0422282 1.62956 
0.853644 0.6151 0.0826626 1.66168 
0.843609 0.624876 0.0500651 1.647 
0.856275 0.612765 0.0529865 1.66361 
0.8875 0.603747 0.0995151 1.72584 
0.831601 0.614681 0.103166 1.61864 
0.844519 0.623757 0.0826817 1.65002 
0.887061 0.589758 0.158068 1.72434 
0.84567 0.616584 0.154408 1.65742 
0.89326 0.601372 0.142409 1.74273 
0.979829 0.517961 0.0580352 1.87485 
0.928045 0.535175 0.224141 1.79334 
0.927291 0.560665 0.162778 1.79284 
0.950959 0.551279 0.164001 1.84072 
1.03031 0.456748 0.0423689 1.96476 
1.03694 0.438999 0.0573028 1.97402 
1.02826 0.454605 0.0629145 1.95969 
1.00673 0.486306 0.0604665 1.9219 
1.01049 0.481402 0.0728578 1.92936 
1.0152 0.471503 0.0730989 1.93617 
1.00998 0.480577 0.0808723 1.9284 
1.00667 0.481953 0.0897144 1.92191 
1.00491 0.486947 0.0797946 1.91922 
1.00305 0.4886 0.0771027 1.91537 
1.00049 0.49282 0.0780818 1.9114 
0.999333 0.497641 0.0736645 1.91068 
0.996803 0.498948 0.0730019 1.90529 
0.999976 0.495822 0.0712306 1.91112 
0.996362 0.502455 0.0756055 1.90625 
1.00069 0.494463 0.0690286 1.91198 
1.00091 0.494781 0.0683477 1.91263 
1.00172 0.491283 0.0691423 1.91289 
1.00457 0.485634 0.0677237 1.91687 
1.00077 0.493893 0.0694214 1.91192 
0.998338 0.496318 0.0775795 1.908 
1.00446 0.486063 0.0747252 1.9173 
1.01354 0.478436 0.058529 1.93446 
1.01437 0.479606 0.0714379 1.93772 
1.00982 0.476596 0.0630414 1.92492 
0.941748 0.495879 0.265002 1.81326 
0.93054 0.492437 0.293641 1.79742 
0.92599 0.536433 0.233636 1.79257 
0.920743 0.534163 0.260911 1.78846 
0.906286 0.548934 0.245103 1.7614 
0.941885 0.515567 0.252453 1.82098 
0.908343 0.553174 0.223864 1.76169 
0.918339 0.552422 0.210526 1.77924 
0.938374 0.524605 0.210789 1.80654 
1.02553 0.460855 0.0407626 1.95491 
1.03139 0.44933 0.0236268 1.96391 
1.03668 0.447293 0.0296677 1.97606 
1.05265 0.400539 0.0394196 1.99714 
1.05067 0.406201 0.0334197 1.99421 
1.04313 0.427897 0.0423754 1.98416 
1.04574 0.415794 0.0120645 1.98545 
1.04544 0.431536 0.0326176 1.99107 
1.04138 0.431895 0.0254493 1.98108 
1.05227 0.407478 0.021133 1.99842 
1.04761 0.416194 0.0152605 1.99028 
1.04657 0.420849 0.00352932 1.98958 
1.05094 0.411655 -0.000147087 1.99673 
1.0568 0.397574 0.0163534 2.00647 
1.0534 0.407877 0.01895 2.00138 
1.05527 0.403903 0.0105997 2.0045 
1.03563 0.434296 0.0825847 1.97048 
1.01758 0.454237 0.146866 1.94254 
1.02568 0.439969 0.126688 1.95316 
1.01706 0.455935 0.110192 1.93716 
1.0278 0.446512 0.110502 1.95909 
1.02635 0.4377 0.161466 1.95903 
1.03906 0.403469 0.134427 1.97236 
1.04509 0.396059 0.124848 1.98321 
1.05075 0.39659 0.110213 1.99567 
1.04728 0.394767 0.108736 1.98904 
1.0511 0.383953 0.12266 1.99343 
1.05674 0.366989 0.122463 2.00159 
1.06203 0.329639 0.121953 2.00408 
0.998456 0.46445 0.156463 1.903 
1.04778 0.396008 0.118139 1.989 
1.03912 0.399763 0.12996 1.9705 
1.03957 0.415879 0.124534 1.97704 
1.02932 0.426755 0.140757 1.95844 
1.03417 0.409574 0.146646 1.9644 
1.02939 0.415231 0.151354 1.95563 
1.03737 0.403762 0.155449 1.97136 
1.04703 0.391472 0.139393 1.98817 
1.03637 0.396664 0.23314 1.98237 
1.03317 0.404679 0.203795 1.97063 
1.04404 0.375631 0.174884 1.9812 
1.04798 0.357906 0.148453 1.98069 
1.04626 0.358401 0.205789 1.98726 
1.05961 0.324463 0.155561 2.00149 
1.08125 0.233208 0.106537 2.03373 
1.05819 0.348439 0.151049 2.00334 
1.04755 0.387403 0.140037 1.98822 
1.04139 0.390934 0.144307 1.97492 
1.04195 0.395235 0.138156 1.97689 
1.05131 0.381135 0.117828 1.99235 
1.0542 0.376968 0.119718 1.99829 
1.05547 0.375677 0.117511 2.00073 
1.05375 0.380774 0.131512 2.00031 
1.05219 0.390716 0.121633 1.99897 
1.05206 0.380796 0.122168 1.99468 
1.0476 0.387525 0.130441 1.98704 
1.0487 0.378306 0.146457 1.98875 
1.04718 0.385656 0.126312 1.98478 
1.12287 0.155638 0.136797 2.15546 
1.07295 0.330829 0.107783 2.03058 
1.0706 0.320303 0.0646048 2.0196 
1.02378 0.430004 0.170381 1.95113 
1.0454 0.414369 0.0930556 1.98743 
1.04515 0.407019 0.110169 1.98571 
1.04159 0.416423 0.0997556 1.97946 
1.0321 0.426285 0.127987 1.96333 
1.03492 0.42791 0.104286 1.96807 
1.03448 0.433719 0.110775 1.97008 
1.02923 0.433646 0.100363 1.95615 
0.960138 0.487647 0.266124 1.8513 
0.954219 0.477237 0.302071 1.84564 
0.936626 0.509517 0.284441 1.81704 
0.913539 0.54475 0.23368 1.77036 
0.957839 0.455815 0.311292 1.84675 
0.922811 0.424015 0.387701 1.8077 
0.860331 0.495775 0.34613 1.69301 
0.901951 0.487959 0.326358 1.74794 
0.831848 0.54569 0.227046 1.62381 
0.879244 0.545355 0.258566 1.7083 
0.845492 0.537885 0.278334 1.64571 
0.996051 0.320924 0.369267 1.92832 
0.866116 0.452092 0.372063 1.68835 
0.991975 0.393958 0.34268 1.9153 
0.993616 0.4371 0.31128 1.92147 
0.883304 0.498352 0.328104 1.71893 
0.798389 0.53461 0.251678 1.5535 
0.864286 0.550614 0.259933 1.68813 
0.825535 0.536038 0.279348 1.61925 
1.00866 0.445325 0.2257 1.93302 
1.01632 0.418186 0.256938 1.94815 
0.997232 0.446718 0.250373 1.91294 
1.0006 0.495193 0.0688035 1.91212 
1.00027 0.495502 0.0683793 1.91159 
1.00024 0.495522 0.065502 1.91158 
1.01457 0.461964 0.101633 1.93287 
1.00771 0.474403 0.106401 1.92257 
1.0122 0.465757 0.0929385 1.92798 
1.02395 0.446235 0.0967352 1.94821 
1.0054 0.474947 0.108227 1.91752 
1.03671 0.425079 0.0968301 1.97063 
1.04151 0.412495 0.119831 1.97991 
1.00095 0.494788 0.0679916 1.9127 
1.00349 0.491134 0.0677252 1.91694 
1.00137 0.493212 0.0714139 1.91315 
1.0452 0.218039 0.352226 2.01591 
1.00561 0.440367 0.210056 1.9198 
0.985431 0.461051 0.249535 1.89177 
0.983221 0.471118 0.240726 1.88877 
1.06479 0.228606 0.281902 2.04086 
1.06654 0.292687 0.195761 2.01832 
1.09873 0.230008 0.0649855 2.07583 
1.08258 0.0879238 0.200885 2.05651 
0.999697 0.389641 0.306186 1.91296 
1.03462 0.387621 0.162347 1.95981 
