1.00011 0.247488 0.0347022 1.81722 
1.00006 0.249234 0.0503325 1.8188 
1.00096 0.246519 0.048104 1.82015 
0.999206 0.252313 0.044454 1.81709 
0.999477 0.248088 0.0446206 1.81662 
1.00058 0.246813 0.0430257 1.81886 
1.00517 0.236199 0.0385392 1.82749 
1.00045 0.246043 0.0400745 1.81811 
1.0065 0.235332 0.0278191 1.83038 
1.00383 0.238947 0.0368181 1.82467 
1.00568 0.241824 0.0251549 1.82985 
1.00383 0.23958 0.0334471 1.82469 
1.00243 0.243767 0.0336397 1.82211 
1.00739 0.236599 0.0224965 1.83295 
1.01064 0.225755 0.0231855 1.83894 
1.00591 0.235209 0.0335009 1.82893 
1.00827 0.231027 0.0291552 1.83391 
1.00865 0.229902 0.0262361 1.83463 
1.00902 0.231407 0.0233059 1.83589 
1.01054 0.226737 0.0206352 1.83893 
1.00814 0.229014 0.0316446 1.83323 
1.01031 0.224029 0.0290774 1.83776 
1.00835 0.229758 0.0347095 1.83398 
1.00636 0.233892 0.0306166 1.82974 
1.00597 0.234031 0.036156 1.82893 
1.00835 0.229843 0.0416483 1.83427 
1.00335 0.240897 0.040596 1.8241 
1.00754 0.231789 0.041046 1.83258 
1.0051 0.235978 0.0461432 1.82774 
1.0025 0.243071 0.0350478 1.82219 
1.00467 0.237759 0.0345076 1.82641 
1.00283 0.241102 0.0370816 1.82266 
1.02233 0.147248 0.0508082 1.86535 
1.02604 0.145739 0.117113 1.88244 
1.02368 0.159508 0.0801538 1.87119 
1.00368 0.240403 0.052346 1.82572 
1.00331 0.247233 0.0281759 1.82529 
1.0078 0.244704 -0.00183182 1.8391 
1.00332 0.250169 0.0166061 1.82828 
1.00139 0.249957 0.0189481 1.82411 
1.00252 0.250142 0.0228027 1.82567 
0.999849 0.247788 0.0278217 1.81909 
0.997814 0.242918 0.023187 1.81509 
0.999576 0.24467 0.0123838 1.82143 
1.00208 0.246155 0.0317005 1.82181 
1.00174 0.248115 0.0309732 1.82161 
1.0047 0.243012 0.0275273 1.8276 
1.00566 0.243355 0.0227176 1.83031 
1.00598 0.23798 0.0281523 1.82963 
1.01777 0.180342 0.00475856 1.85183 
1.01672 0.183928 0.00570126 1.84966 
1.01851 0.181288 -0.00139952 1.85396 
1.01749 0.18481 0.00245289 1.85169 
1.01705 0.187881 0.000793853 1.85101 
1.01973 0.170314 0.00213406 1.85606 
1.01867 0.172375 0.0100186 1.85335 
1.01877 0.169231 0.010727 1.85392 
1.01885 0.167478 0.0115892 1.85448 
1.01814 0.169076 0.0120873 1.85267 
1.01817 0.170827 0.0113848 1.85221 
1.01893 0.173476 0.00535923 1.85413 
1.01801 0.177117 0.00702174 1.85204 
1.01794 0.178272 0.00795063 1.85197 
1.01754 0.181347 0.00589269 1.85136 
1.01704 0.180383 0.00975095 1.85 
1.01679 0.184395 0.00689424 1.84993 
1.01835 0.176091 0.00413133 1.85289 
1.01686 0.185572 0.00422918 1.8502 
1.01616 0.187262 0.00687436 1.84878 
1.01887 0.185888 -0.00334708 1.85546 
1.01659 0.188593 0.00406747 1.84997 
1.01698 0.196085 -0.000431857 1.85197 
1.01683 0.193914 -0.00298775 1.85138 
1.01586 0.200304 4.20232e-05 1.84969 
1.01659 0.200473 -0.00724019 1.85187 
1.01581 0.211965 -0.00466926 1.85146 
1.01869 0.195267 -0.0212407 1.85747 
1.01517 0.212414 -0.00889477 1.8503 
1.01874 0.201368 -0.0437908 1.86142 
1.02153 0.185559 -0.0574802 1.86788 
1.02179 0.181981 -0.0512521 1.8673 
1.02475 0.170888 -0.0497095 1.8735 
1.02273 0.180119 -0.0378288 1.86759 
1.0199 0.19405 -0.0456042 1.86332 
1.01981 0.189023 -0.0302672 1.86045 
1.02155 0.183674 -0.0422517 1.86559 
1.02189 0.181713 -0.0324408 1.86499 
1.02274 0.173436 -0.0400176 1.8672 
1.02427 0.174292 -0.0460025 1.87195 
1.02672 0.156538 -0.0473436 1.87732 
1.02188 0.177834 -0.0274229 1.86401 
1.02229 0.168824 -0.0175756 1.86348 
1.02196 0.162311 -0.0137562 1.8621 
1.01943 0.174453 -0.00247399 1.85566 
1.01598 0.206173 -0.0126568 1.85158 
1.01984 0.181878 -0.0167438 1.85831 
1.0167 0.194798 -0.00612526 1.85129 
1.01294 0.224893 -0.0289334 1.84996 
1.02032 0.190239 -0.0411929 1.86321 
1.01655 0.214834 -0.0262889 1.8561 
1.01783 0.205465 -0.0271328 1.85764 
1.01897 0.201352 -0.0326972 1.86055 
1.02062 0.189404 -0.0247393 1.86188 
1.01889 0.193137 -0.0340397 1.8592 
1.01804 0.185316 -0.00695397 1.85346 
1.01851 0.188767 -0.0132775 1.85547 
1.01815 0.194504 -0.0156256 1.85549 
1.02026 0.182297 -0.0219382 1.85986 
1.02022 0.175658 -0.0141459 1.85846 
1.01506 0.214754 -0.016511 1.85114 
1.02152 0.170757 -0.028281 1.86259 
1.01838 0.171953 0.0110927 1.85266 
1.01943 0.16905 0.00707446 1.85535 
1.01865 0.162981 0.012412 1.85459 
1.01322 0.189307 0.0195624 1.84329 
1.01233 0.180243 0.0236008 1.84053 
1.0126 0.191777 0.022548 1.84169 
1.01302 0.207566 0.0220853 1.84336 
1.01262 0.212741 0.0191968 1.84278 
1.01331 0.208157 0.0157411 1.84438 
1.0111 0.224588 0.0177263 1.84013 
1.01491 0.205068 0.00676397 1.84793 
1.01264 0.188801 0.0104427 1.84275 
1.01242 0.183337 0.00833779 1.84222 
1.01252 0.189542 0.0113449 1.84233 
1.01266 0.18824 0.0126165 1.84247 
1.01315 0.19118 0.0162976 1.84344 
1.01287 0.193966 0.0156921 1.84286 
1.01298 0.192554 0.0183664 1.8429 
1.01298 0.183186 0.0177514 1.84256 
1.01327 0.182046 0.0146657 1.84349 
1.01354 0.171792 0.0119482 1.84392 
1.01369 0.198556 0.0221338 1.84476 
1.01357 0.2056 0.0187706 1.84486 
1.01295 0.192709 0.01429 1.84317 
1.01375 0.192818 0.0105429 1.84446 
1.01384 0.194104 0.0100839 1.84467 
1.01384 0.196041 0.0097555 1.84478 
1.01444 0.19279 0.00982942 1.84582 
1.01424 0.191903 0.0103777 1.84527 
1.01231 0.211726 0.0326366 1.842 
1.01201 0.21619 0.0317028 1.84122 
1.01224 0.214331 0.0288193 1.8417 
1.01189 0.220234 0.0210042 1.84141 
1.01175 0.219604 0.0267669 1.84083 
1.01142 0.222822 0.0232936 1.84045 
1.01287 0.201386 0.0267211 1.8427 
1.01272 0.194532 0.0139294 1.8427 
1.01295 0.198474 0.0168856 1.84309 
1.01325 0.20087 0.0160246 1.84399 
1.01288 0.193149 0.0126622 1.84323 
1.01269 0.201868 0.0137258 1.84277 
1.01235 0.194119 0.0122848 1.84194 
1.01285 0.195067 0.0115059 1.84318 
1.01236 0.190329 0.00903431 1.84203 
1.01272 0.18109 0.0089576 1.84268 
1.01204 0.186166 0.00905667 1.84129 
1.01215 0.189932 0.0102403 1.84153 
1.01211 0.185546 0.00765655 1.84153 
1.01195 0.179159 0.0030387 1.84127 
1.01191 0.182556 0.00648488 1.84108 
1.01189 0.184239 0.00811212 1.84096 
1.01214 0.18656 0.0086309 1.84156 
1.01187 0.183957 0.00581051 1.841 
1.01294 0.164743 0.00247734 1.84276 
1.01281 0.172489 0.00652345 1.84264 
1.01252 0.180713 0.0102188 1.84201 
1.01317 0.177159 0.0122171 1.84323 
1.01296 0.18606 0.0144483 1.84291 
1.01275 0.16755 -0.00292012 1.84287 
1.01206 0.176341 0.00512684 1.8412 
1.01183 0.176257 0.00337548 1.84079 
1.01197 0.173849 0.00390901 1.84093 
1.0121 0.187678 0.00725877 1.84145 
1.01008 0.227258 0.0257598 1.83772 
1.01286 0.221 0.0108809 1.84449 
1.0127 0.210915 0.0256784 1.84267 
1.01314 0.214404 0.0211738 1.84406 
1.01202 0.220825 0.017898 1.84193 
1.01259 0.216972 0.0161404 1.84309 
1.01314 0.208404 0.019695 1.8438 
1.01224 0.216652 0.0298402 1.84182 
1.01257 0.213988 0.0325848 1.84267 
1.01215 0.208853 0.0349796 1.84175 
1.01207 0.20958 0.0367894 1.84185 
1.01218 0.217427 0.0330001 1.84171 
1.00894 0.223769 0.0482893 1.83505 
1.01255 0.214475 0.0358865 1.8426 
1.01259 0.214736 0.0343848 1.84276 
1.01268 0.211917 0.0354984 1.84328 
1.01049 0.206992 0.042255 1.84017 
1.00734 0.178637 0.0526486 1.82965 
1.00491 0.182767 0.0621228 1.82597 
1.0659 0.153086 -0.0113774 1.98338 
1.01458 0.204965 0.0337074 1.84791 
1.01568 0.199038 0.0271853 1.8528 
1.01661 0.199183 0.0341038 1.85254 
1.02688 0.185921 -0.00997681 1.88663 
1.00878 0.204696 0.0452598 1.83889 
1.01705 0.193197 0.0295748 1.85418 
1.01199 0.208174 0.0384877 1.84384 
1.0143 0.205081 0.0313026 1.84953 
1.01399 0.206357 0.0331731 1.84737 
0.995827 0.207978 0.0458517 1.81226 
1.0011 0.248873 0.0542963 1.82163 
1.00272 0.244514 0.0557853 1.82466 
0.998001 0.253463 0.0476104 1.81468 
1.00692 0.231517 0.0487129 1.83149 
1.00552 0.235149 0.0543877 1.82928 
1.00565 0.234478 0.0483612 1.82893 
1.00257 0.241903 0.0489664 1.82304 
1.00329 0.239866 0.0460122 1.82411 
1.00708 0.231031 0.051939 1.83207 
1.00037 0.247561 0.034132 1.8179 
1.00008 0.247658 0.0345433 1.81724 
1.00002 0.247552 0.0344998 1.81713 
1.00008 0.247664 0.0347052 1.81719 
1.0209 0.203895 -0.0767722 1.87326 
1.01065 0.219559 -0.0580694 1.85183 
1.02499 0.168097 -0.063595 1.87574 
1.01135 0.228406 -0.0449539 1.8501 
1.00906 0.233247 -0.0449347 1.84682 
1.00507 0.23583 -0.0373442 1.83772 
1.00902 0.228276 -0.0525458 1.84746 
1.01339 0.222538 -0.0571015 1.8555 
1.01603 0.210329 -0.06478 1.85979 
1.01837 0.207589 -0.0612578 1.8644 
1.0126 0.226395 -0.00301946 1.84588 
1.01382 0.224622 -0.00822143 1.84911 
1.01369 0.215108 0.00167538 1.84619 
1.01368 0.213317 0.0120206 1.84565 
1.01328 0.212724 0.00989935 1.84463 
1.0141 0.211403 0.00277964 1.84664 
1.01458 0.199442 0.00761243 1.84662 
1.01412 0.202535 0.00815813 1.8458 
1.01503 0.203286 0.00569913 1.84804 
1.01403 0.199185 0.00967228 1.84553 
1.01303 0.226664 -0.0164805 1.84867 
1.01247 0.229093 -0.0103776 1.84701 
1.01481 0.218593 -0.0200428 1.85172 
1.01469 0.217626 -0.0109793 1.85019 
1.00555 0.247813 0.0163643 1.83225 
1.00547 0.248322 0.00798432 1.83362 
1.00351 0.249571 0.0101131 1.8299 
1.00966 0.239775 -0.00725167 1.84265 
1.0058 0.247229 -0.000150322 1.83543 
1.00602 0.246741 -0.00480943 1.83664 
1.00726 0.243008 0.00838995 1.83559 
1.01117 0.233322 0.000504573 1.8435 
1.01087 0.234096 0.00491282 1.84246 
1.01244 0.200304 0.0188366 1.84181 
1.01281 0.205274 0.0169962 1.843 
1.01327 0.199418 0.0150121 1.84416 
1.01238 0.208693 0.0122345 1.84209 
1.0127 0.196745 0.0128694 1.84278 
1.00691 0.242936 0.0168169 1.83374 
1.00303 0.249706 0.0239013 1.82624 
1.00021 0.248853 0.0232574 1.82091 
1.00552 0.24631 0.0179912 1.83132 
0.994147 0.232773 0.0207777 1.80392 
0.989634 0.227131 0.0013569 1.79263 
0.986374 0.241372 -0.00658209 1.78653 
0.985991 0.235877 -0.0114352 1.78536 
0.989387 0.236502 0.00153658 1.79257 
0.991157 0.240492 0.0111029 1.7965 
0.990474 0.245074 0.0093307 1.79559 
0.982633 0.254506 -0.0127185 1.78074 
0.985224 0.251382 -0.00336915 1.78518 
0.984182 0.256994 -0.00324796 1.78394 
0.98775 0.201118 -0.00702328 1.78804 
0.986921 0.208914 -0.00588615 1.78598 
0.988731 0.216715 0.00441538 1.79071 
0.9943 0.231959 0.019756 1.80536 
0.987787 0.221317 0.00113309 1.78791 
0.986681 0.217825 -0.00963401 1.78556 
0.984667 0.210538 -0.0194178 1.78069 
0.965163 0.179908 -0.0931067 1.73735 
0.977497 0.203934 -0.0491433 1.76493 
0.977298 0.182366 -0.0493724 1.76222 
0.979232 0.198584 -0.0416337 1.7679 
0.964595 0.204581 -0.0884784 1.73985 
0.966947 0.200205 -0.080023 1.74309 
0.974014 0.201502 -0.0643286 1.75821 
0.97205 0.211079 -0.064316 1.75484 
0.968642 0.212007 -0.0726654 1.74809 
0.976008 0.186644 -0.056326 1.7602 
0.962867 0.257606 -0.0548891 1.74363 
0.979225 0.253549 -0.0253891 1.77394 
0.975527 0.249959 -0.0389098 1.76664 
0.976166 0.243732 -0.0412866 1.76702 
0.968413 0.231693 -0.0643707 1.74998 
0.976979 0.240678 -0.0371725 1.76752 
0.974597 0.237518 -0.0474424 1.76286 
0.972111 0.237727 -0.0526504 1.75795 
0.97613 0.221362 -0.0508847 1.7642 
0.979868 0.227831 -0.0356634 1.77213 
0.979073 0.257369 -0.0240513 1.77438 
0.97778 0.259741 -0.0253304 1.77226 
0.978689 0.25075 -0.0299512 1.77275 
1.01452 0.216353 -0.0631758 1.85756 
1.01715 0.210167 -0.0555861 1.861 
1.01451 0.217697 -0.0506702 1.85551 
1.01821 0.200279 -0.0636808 1.86279 
1.01858 0.204979 -0.0529237 1.86309 
1.01778 0.204704 -0.0370656 1.85875 
1.00841 0.240161 -0.0235481 1.84321 
1.00944 0.236609 -0.0330304 1.84646 
1.00945 0.232532 -0.0424768 1.84673 
1.01089 0.230054 -0.0376989 1.84831 
1.01041 0.235499 -0.0264317 1.84658 
1.00015 0.244311 0.00235578 1.82405 
1.00337 0.230076 -0.0407478 1.83404 
0.999195 0.230471 -0.0260112 1.82338 
0.996843 0.228411 -0.0137553 1.8168 
0.992882 0.213819 -0.0118335 1.80531 
0.989449 0.192697 -0.0233544 1.79529 
0.997725 0.212471 -0.0332532 1.81882 
0.991583 0.209842 -0.0167524 1.80205 
0.990969 0.206288 -0.00786319 1.79917 
0.983253 0.179153 -0.0223867 1.77745 
0.982851 0.172396 -0.0274024 1.77481 
0.973663 0.14821 -0.0664818 1.7518 
0.997878 0.221115 -0.0321099 1.81975 
0.996555 0.221884 -0.0240105 1.81619 
0.980519 0.158529 -0.0383481 1.76946 
1.01192 0.231488 -0.0177258 1.84739 
1.00828 0.242959 -0.0116349 1.84138 
1.01061 0.221541 -0.0606268 1.85072 
1.01253 0.222462 -0.0508999 1.85206 
1.01042 0.228381 -0.0524422 1.84975 
1.00039 0.248563 0.0293 1.81994 
0.997042 0.24213 0.0302241 1.81021 
1.00076 0.249441 0.0250463 1.8217 
0.998383 0.244626 0.0280812 1.8155 
0.998527 0.245798 0.0250535 1.81658 
0.998345 0.242314 0.0164121 1.81769 
0.990978 0.231807 0.0108385 1.79563 
0.989746 0.222203 0.00836385 1.79279 
0.992273 0.233161 0.0174482 1.79876 
0.99686 0.240569 0.0286587 1.81049 
0.998055 0.243539 0.0312691 1.81325 
0.995522 0.239598 0.0266083 1.80622 
0.993017 0.235719 0.0197886 1.80028 
0.985202 0.212159 -0.0122207 1.78178 
0.992777 0.228846 0.0173765 1.80056 
0.990874 0.221445 0.0103734 1.79619 
0.994147 0.229599 0.0165609 1.80544 
0.988449 0.240582 -0.000445649 1.7909 
0.989683 0.228025 0.00792471 1.7925 
0.990138 0.236008 0.00735212 1.79393 
0.996835 0.240926 0.0278492 1.81108 
0.994624 0.237594 0.0247821 1.80421 
0.997291 0.243149 0.0308021 1.81051 
0.99658 0.243207 0.0282388 1.80872 
0.992872 0.246764 0.0203998 1.80056 
0.995078 0.240965 0.0245254 1.80503 
0.995835 0.245036 0.0274548 1.80694 
0.988343 0.245449 0.00328211 1.79097 
1.00372 0.248767 0.00662913 1.83088 
1.00173 0.247598 0.00822442 1.82667 
1.00127 0.249105 0.016186 1.82438 
0.998542 0.245002 0.0189554 1.81771 
0.991318 0.225484 0.0121475 1.79662 
0.995943 0.237619 0.0233742 1.80971 
0.995377 0.23655 0.0244731 1.80744 
0.996615 0.236463 0.0120921 1.81414 
1.00344 0.247629 -0.0018576 1.83126 
1.00029 0.245416 0.00604382 1.82403 
0.998317 0.242165 0.0110033 1.81864 
0.995975 0.234018 0.00861528 1.81289 
0.999371 0.238555 -0.0114354 1.82337 
0.998455 0.237975 -0.00101457 1.82034 
1.00302 0.243515 -0.0121291 1.83173 
0.998158 0.239598 0.00360584 1.81918 
0.994501 0.227228 0.00811116 1.80868 
0.992481 0.220979 0.00788803 1.80265 
0.991619 0.212718 0.00412271 1.7998 
0.990626 0.207176 -0.00136124 1.7975 
1.00607 0.246409 0.0114952 1.83352 
1.00366 0.249904 0.0186862 1.82848 
1.00525 0.248878 0.0116646 1.83266 
0.994358 0.224388 0.00451263 1.80853 
1.00462 0.247986 0.0217275 1.8294 
1.00834 0.241992 0.00265333 1.83863 
1.00709 0.245262 0.00279365 1.83682 
1.01107 0.235617 -0.00665794 1.84472 
1.00978 0.236978 -0.00104905 1.84116 
1.00569 0.239087 0.0252115 1.82921 
1.0049 0.246725 0.0235094 1.8294 
0.999865 0.247412 0.0346509 1.81661 
0.999752 0.247524 0.0344544 1.81636 
0.999761 0.247299 0.0344356 1.81638 
1.00158 0.249444 0.0304274 1.82201 
1.0009 0.247432 0.0330484 1.8192 
1.00066 0.24845 0.0328716 1.8192 
1.00036 0.247987 0.0338046 1.81813 
0.999727 0.247218 0.0343898 1.81633 
0.999472 0.246898 0.033896 1.81567 
0.998898 0.246005 0.0329882 1.81436 
0.999532 0.247561 0.0340271 1.81586 
0.998933 0.245919 0.0330416 1.81471 
0.999959 0.24751 0.0347393 1.81688 
0.999476 0.246753 0.0315267 1.8171 
1.00231 0.249841 0.0269037 1.82445 
1.00005 0.248026 0.032112 1.81823 
1.00056 0.247771 0.033604 1.81849 
0.999329 0.246652 0.033863 1.81538 
0.999988 0.247552 0.0333547 1.81765 
0.999634 0.24827 0.0370729 1.81647 
0.994326 0.261448 0.0409136 1.80769 
0.99636 0.25594 0.0490365 1.81148 
0.990497 0.267344 0.0336112 1.80006 
0.998287 0.250996 0.0348674 1.81385 
0.99392 0.247339 0.0240283 1.80283 
0.999701 0.247869 0.0346142 1.81633 
0.998644 0.249855 0.0339307 1.81437 
0.996747 0.246283 0.0291128 1.80914 
0.99984 0.247469 0.0345755 1.81655 
0.999849 0.247628 0.0345982 1.81661 
0.999894 0.247689 0.0346883 1.81674 
0.999935 0.247626 0.0347587 1.81682 
1.00003 0.247527 0.0348463 1.81704 
0.991786 0.250705 0.017652 1.7989 
0.995698 0.250701 0.0271112 1.8077 
0.99884 0.248174 0.0328542 1.81438 
0.997981 0.246075 0.0313202 1.812 
0.998801 0.247296 0.032572 1.81411 
0.999581 0.247892 0.0342767 1.81605 
0.997787 0.249224 0.0318824 1.81211 
0.999223 0.24712 0.0334288 1.81506 
0.993485 0.258798 0.0323766 1.80451 
0.992314 0.266049 0.0394489 1.80421 
0.991167 0.261928 0.0297663 1.79988 
0.987865 0.271659 0.0292706 1.79509 
0.982753 0.275766 0.013846 1.78462 
0.966903 0.222794 -0.0719622 1.74588 
0.972409 0.220452 -0.0587973 1.75628 
0.971859 0.230161 -0.0589184 1.75691 
0.975836 0.230256 -0.0464558 1.76426 
0.976011 0.258412 -0.0253339 1.77003 
0.975915 0.2576 -0.0306329 1.76864 
0.977132 0.259447 -0.0261751 1.77098 
0.977313 0.252729 -0.0284261 1.77051 
0.977684 0.25354 -0.0244634 1.77207 
0.976776 0.255805 -0.0280046 1.76964 
0.976715 0.260998 -0.0259523 1.77008 
0.977873 0.251447 -0.0263913 1.77187 
0.977572 0.255994 -0.0026464 1.77848 
0.999828 0.24735 0.034609 1.81653 
0.999665 0.247428 0.0342688 1.81615 
0.996527 0.248826 0.0293505 1.80908 
0.992523 0.221778 0.00942756 1.80221 
0.995032 0.233131 0.0162621 1.80866 
0.987474 0.218557 -0.00289531 1.78736 
0.985995 0.203695 -0.00983172 1.78352 
0.991289 0.21484 0.00555824 1.79814 
0.988639 0.213648 0.00234433 1.79078 
0.98157 0.233287 -0.028834 1.77616 
0.986811 0.230278 -0.00926249 1.78654 
0.97868 0.244611 -0.0323346 1.77166 
0.978209 0.232594 -0.0398349 1.76943 
0.980738 0.241401 -0.0279279 1.7754 
0.98434 0.237325 -0.0171015 1.78214 
0.988356 0.230243 -0.00288802 1.78981 
0.985238 0.247025 -0.0076837 1.78486 
0.981334 0.245859 -0.0226566 1.77696 
0.983895 0.230916 -0.0229916 1.78086 
0.981309 0.219354 -0.0376184 1.77484 
0.97819 0.214485 -0.0472912 1.7677 
0.980815 0.203404 -0.0344006 1.77165 
0.984768 0.224336 -0.0210329 1.78208 
0.983089 0.202843 -0.0196757 1.77633 
0.985994 0.223762 -0.013684 1.78443 
0.973754 0.251601 -0.043459 1.76401 
0.974581 0.197035 -0.0569829 1.75792 
0.982968 0.215676 -0.0252641 1.77724 
1.00386 0.248176 0.0264427 1.82711 
1.00111 0.248736 0.0316296 1.82034 
1.00239 0.249593 0.028037 1.82409 
0.979353 0.165588 -0.0380467 1.76568 
0.978054 0.172459 -0.0497757 1.76327 
0.982376 0.186386 -0.0330505 1.77415 
0.966963 0.178758 -0.0872315 1.74074 
0.973059 0.180778 -0.0710371 1.75391 
0.971373 0.189425 -0.0726067 1.75107 
0.975887 0.155768 -0.057292 1.75734 
0.979446 0.158567 -0.0407857 1.7662 
0.97876 0.149804 -0.0484487 1.76411 
0.977882 0.158908 -0.0462374 1.76205 
0.973531 0.141604 -0.0625945 1.75084 
0.970589 0.15049 -0.0765646 1.74514 
0.96807 0.136189 -0.0871518 1.73857 
0.96609 0.158951 -0.0944347 1.73676 
0.961742 0.132625 -0.0966054 1.72342 
0.963758 0.127043 -0.0655437 1.72582 
0.96979 0.13398 -0.0751216 1.74175 
0.947618 0.122009 -0.084546 1.6867 
0.982354 0.199838 -0.025751 1.7747 
0.98213 0.214084 -0.0331994 1.7758 
0.980414 0.18803 -0.0406085 1.7698 
0.974085 0.169771 -0.0594559 1.75398 
0.988146 0.19572 -0.00653312 1.78932 
0.984031 0.181602 -0.0225469 1.77788 
0.980271 0.1716 -0.0410999 1.76827 
0.984368 0.180103 -0.0202202 1.77896 
0.986015 0.187708 -0.0126268 1.78392 
0.982763 0.172478 -0.0279469 1.77616 
0.993725 0.229967 0.013198 1.80579 
0.968741 0.190379 -0.0795315 1.74576 
0.965079 0.198856 -0.0874375 1.73962 
0.97268 0.161635 -0.0738338 1.75119 
0.985911 0.189767 -0.0139424 1.78302 
0.983801 0.192484 -0.0240781 1.77785 
0.982176 0.178622 -0.0318009 1.77313 
0.980968 0.168007 -0.0306521 1.77083 
0.968815 0.146042 -0.0875434 1.74133 
1.00062 0.211893 -0.0423314 1.82628 
0.999002 0.196112 -0.0392489 1.82044 
1.01622 0.215578 -0.0620484 1.86574 
0.989367 0.205778 -0.000316596 1.79269 
0.985793 0.193245 -0.0151455 1.78274 
0.989819 0.205074 0.000283571 1.79423 
0.987733 0.195894 -0.00617634 1.78879 
0.986233 0.18991 -0.0123313 1.78521 
0.983736 0.180065 -0.0201437 1.77822 
0.989288 0.196084 -0.0186154 1.79484 
0.991602 0.212566 -0.00348573 1.80109 
1.00268 0.240878 -0.0190751 1.83181 
1.00368 0.246668 -0.0051673 1.83273 
0.994599 0.225446 -0.00329986 1.81009 
0.999925 0.240702 -0.00742038 1.82441 
0.995409 0.229288 0.00104056 1.81203 
0.991593 0.214272 0.00309715 1.80038 
0.996675 0.231162 -0.00884936 1.81624 
0.980946 0.251934 -0.0217909 1.77723 
0.977112 0.268686 -0.0192519 1.772 
0.979633 0.273035 -0.0051 1.77782 
0.974684 0.288216 -0.00282273 1.77107 
0.975226 0.279825 -0.00888825 1.76983 
0.976184 0.284893 -0.000572577 1.77311 
0.964159 0.187467 -0.0934761 1.73625 
0.959052 0.190361 -0.100383 1.72546 
0.950956 0.17933 -0.106854 1.70461 
0.95942 0.174892 -0.103198 1.72389 
0.963196 0.170868 -0.0993911 1.73197 
0.963846 0.162505 -0.100309 1.73244 
0.957284 0.149812 -0.104174 1.71499 
0.961234 0.144402 -0.102257 1.72382 
0.968227 0.169254 -0.0859884 1.74234 
0.973063 0.162404 -0.0631461 1.75124 
0.974024 0.178989 -0.0641009 1.75526 
0.970872 0.168378 -0.0783588 1.74786 
0.980321 0.155625 -0.0405996 1.76909 
0.977142 0.253124 -0.0329342 1.77023 
0.942851 0.197715 -0.104075 1.68839 
0.95743 0.207013 -0.0952239 1.72412 
0.946822 0.210678 -0.100579 1.70051 
0.967552 0.149928 -0.0944695 1.7393 
0.958129 0.137597 -0.10018 1.71526 
0.954097 0.205616 -0.0993255 1.71653 
0.952105 0.194173 -0.104307 1.7101 
0.95962 0.200076 -0.0956677 1.72801 
0.953492 0.163129 -0.106806 1.70796 
0.958979 0.156869 -0.1056 1.72028 
0.960713 0.184217 -0.100029 1.72826 
0.955525 0.267293 -0.034363 1.7313 
0.969159 0.24232 -0.0599347 1.7537 
0.962712 0.237443 -0.0727164 1.73966 
0.958938 0.246202 -0.0727249 1.73416 
0.960044 0.218271 -0.0882528 1.7318 
0.963745 0.224893 -0.0768554 1.73975 
0.97426 0.259911 -0.0297301 1.76679 
0.977225 0.255888 -0.0208808 1.77285 
0.972053 0.26216 -0.0309523 1.7634 
0.969649 0.266172 -0.0243748 1.76137 
0.958627 0.265531 -0.0450023 1.73721 
0.955048 0.259098 -0.0595859 1.72786 
0.971602 0.24553 -0.0511331 1.75852 
0.969421 0.257203 -0.0448664 1.75656 
0.96923 0.261693 -0.0389922 1.7574 
0.968215 0.25374 -0.0543238 1.75444 
0.967492 0.24644 -0.0617976 1.75155 
0.955821 0.171472 -0.107209 1.71509 
0.954338 0.187847 -0.105518 1.71433 
0.937625 0.219353 -0.0949883 1.67973 
0.946749 0.234216 -0.0855203 1.7044 
0.939239 0.242671 -0.0753776 1.68768 
0.973271 0.255786 -0.040523 1.76394 
0.974365 0.258103 -0.0335001 1.76615 
0.966292 0.263175 -0.04382 1.75243 
0.959161 0.254038 -0.0633239 1.73564 
0.944607 0.254101 -0.0659351 1.70293 
0.954441 0.226247 -0.0896929 1.7207 
0.961364 0.215803 -0.0842737 1.73353 
0.958298 0.22715 -0.0854292 1.7293 
0.959976 0.23754 -0.0771911 1.73448 
0.953 0.235018 -0.0847189 1.71887 
0.95168 0.214127 -0.0975308 1.71239 
0.978426 0.251771 -0.0089196 1.7772 
0.970892 0.264358 -0.0145245 1.76495 
0.972735 0.262477 -0.0235057 1.76587 
1.00682 0.228803 0.0673905 1.83266 
1.00646 0.228317 0.0833051 1.83407 
1.00286 0.238975 0.0994868 1.83093 
0.997138 0.252394 0.0971083 1.81999 
1.00258 0.243328 0.0598625 1.82448 
1.00404 0.238686 0.0756314 1.82908 
1.00105 0.247705 0.0630694 1.82217 
0.973675 0.226022 -0.0360521 1.75779 
0.976662 0.244717 -0.0359786 1.76765 
0.974287 0.238901 -0.0407178 1.76103 
0.976406 0.234135 -0.0383918 1.76561 
0.979422 0.237815 -0.0235935 1.77383 
0.977399 0.252348 -0.0212418 1.77177 
0.976752 0.257516 -0.0168317 1.77362 
0.97678 0.257066 -0.026593 1.76991 
0.977765 0.245257 -0.028528 1.77051 
0.976748 0.257687 -0.0261186 1.77073 
0.97705 0.25123 -0.0317 1.7696 
0.977768 0.240139 -0.033696 1.76971 
0.978913 0.241448 -0.0284328 1.77282 
0.977099 0.247411 -0.0321835 1.76913 
0.955838 0.306034 -0.0037241 1.73541 
0.97578 0.246489 -0.0389056 1.76584 
0.975411 0.261586 -0.0271706 1.76712 
0.973961 0.263933 -0.0300487 1.76457 
0.974868 0.258693 -0.0322153 1.7657 
0.974201 0.271256 -0.0228113 1.76624 
0.973174 0.269286 -0.0279028 1.76389 
0.975195 0.268722 -0.0237337 1.768 
0.975544 0.264158 -0.0262022 1.76792 
0.977808 0.266301 -0.0182326 1.77283 
0.976544 0.264824 -0.0238666 1.77022 
0.977135 0.262981 -0.0242595 1.77126 
0.977068 0.261917 -0.023471 1.77065 
0.974466 0.266359 -0.0264043 1.76591 
0.975714 0.267155 -0.022404 1.76859 
0.972746 0.274739 -0.0240749 1.76409 
0.975244 0.273304 -0.0190915 1.7689 
0.974794 0.276176 -0.0172641 1.76852 
0.972288 0.271246 -0.0297117 1.76265 
0.975045 0.244489 -0.0416122 1.76379 
0.97604 0.253202 -0.0332211 1.76748 
0.975589 0.256446 -0.0315424 1.76693 
0.976121 0.25719 -0.0290688 1.76825 
0.974921 0.261202 -0.0301476 1.76625 
0.974359 0.256475 -0.0363554 1.76424 
0.971952 0.251995 -0.0432186 1.75771 
0.973876 0.252131 -0.040932 1.76235 
0.97481 0.253353 -0.0361586 1.76464 
0.972717 0.257202 -0.0410524 1.7607 
0.973568 0.257114 -0.0380777 1.76257 
0.973057 0.259628 -0.0378277 1.76193 
0.972689 0.259609 -0.0395969 1.76115 
0.97203 0.257018 -0.0421275 1.75904 
0.97428 0.259068 -0.034167 1.76451 
0.975066 0.260016 -0.0285243 1.76615 
0.972797 0.267222 -0.0320772 1.76292 
0.971902 0.267686 -0.0337962 1.76106 
0.972041 0.264317 -0.036795 1.76065 
0.973472 0.263848 -0.0322978 1.76361 
0.972761 0.263592 -0.0357993 1.76211 
0.973145 0.261628 -0.0360986 1.76254 
0.975037 0.250612 -0.0387173 1.76477 
0.973328 0.250641 -0.0427848 1.76077 
0.973241 0.246783 -0.0426814 1.75977 
0.972329 0.261101 -0.0398252 1.76069 
0.971643 0.255354 -0.0426051 1.75771 
0.973639 0.255564 -0.0400621 1.7625 
0.970588 0.263479 -0.0403229 1.75715 
0.969487 0.264692 -0.0399946 1.75479 
0.970384 0.26192 -0.0407622 1.75624 
0.969366 0.26884 -0.038206 1.75563 
0.970607 0.265782 -0.0384882 1.75773 
0.970887 0.266926 -0.0370812 1.75865 
0.970072 0.266137 -0.0393059 1.7566 
0.969384 0.270797 -0.0364472 1.75616 
0.969182 0.267422 -0.0387261 1.75479 
0.970486 0.268508 -0.0364207 1.75811 
0.968957 0.274609 -0.0327097 1.75603 
0.969133 0.2733 -0.0341799 1.75617 
0.970767 0.272131 -0.0319661 1.75952 
0.971169 0.270636 -0.0319275 1.76 
0.971622 0.266255 -0.0359306 1.76013 
0.972555 0.269494 -0.0297204 1.76272 
0.969421 0.279767 -0.0261875 1.75814 
0.968778 0.278503 -0.0294263 1.75661 
0.96999 0.276268 -0.0283474 1.75858 
0.971418 0.273405 -0.0281431 1.76105 
0.973598 0.272274 -0.0246357 1.7654 
0.968675 0.276162 -0.0322845 1.75582 
0.970193 0.271109 -0.034061 1.758 
0.969975 0.277852 -0.0267708 1.75887 
0.96961 0.274571 -0.0313588 1.75745 
0.970751 0.27442 -0.0291055 1.7599 
0.973897 0.266633 -0.0281086 1.76488 
0.971054 0.280598 -0.0208625 1.76157 
0.967659 0.282749 -0.0256829 1.755 
0.966704 0.284858 -0.0255624 1.7535 
0.966039 0.284023 -0.0279929 1.75191 
0.969388 0.276134 -0.0300732 1.7573 
0.97043 0.283621 -0.018124 1.76079 
0.968358 0.26995 -0.0379067 1.75351 
0.970563 0.269542 -0.0346868 1.75847 
0.971563 0.269124 -0.0333562 1.76064 
0.970426 0.273475 -0.0309494 1.75903 
0.968364 0.272261 -0.0368098 1.75419 
0.969663 0.271866 -0.0348583 1.75705 
0.96853 0.273695 -0.0352395 1.75493 
0.968961 0.271239 -0.0372286 1.75533 
0.966821 0.274499 -0.0358893 1.75109 
0.967246 0.272635 -0.0368701 1.7516 
0.967927 0.277601 -0.0324372 1.75455 
0.968217 0.276455 -0.0331004 1.7549 
0.973449 0.26548 -0.0329032 1.76408 
0.969865 0.269303 -0.0371817 1.75691 
0.973935 0.261439 -0.0342018 1.76427 
0.97167 0.263078 -0.0386586 1.75955 
0.971418 0.260539 -0.0411356 1.7584 
0.971166 0.264074 -0.039291 1.75865 
0.971164 0.25889 -0.0416245 1.75737 
0.966498 0.280838 -0.031091 1.75215 
0.966644 0.276805 -0.0341025 1.75131 
0.968009 0.278707 -0.0307328 1.75498 
0.96811 0.275307 -0.0345617 1.75438 
0.967137 0.277811 -0.0333007 1.7528 
0.967301 0.275514 -0.0351632 1.75254 
0.967482 0.279783 -0.0302651 1.75405 
0.963769 0.295296 -0.0161148 1.7498 
0.963806 0.292788 -0.0190204 1.74913 
0.964456 0.294344 -0.0155073 1.75086 
0.963817 0.291705 -0.0205477 1.74893 
0.96739 0.291814 -0.0149645 1.75665 
0.967451 0.281062 -0.028784 1.75426 
0.965634 0.282506 -0.0304982 1.75063 
0.963502 0.285225 -0.0285759 1.74637 
0.964038 0.28358 -0.029705 1.74715 
0.965167 0.287978 -0.0241759 1.75098 
0.9652 0.28559 -0.027504 1.75045 
0.97391 0.290887 -0.000383948 1.77016 
0.973184 0.286574 -0.00747999 1.76723 
0.970437 0.293172 -0.00387332 1.76309 
0.971655 0.287307 -0.0116738 1.76436 
0.970588 0.289895 -0.0112234 1.76286 
0.967677 0.288674 -0.0188663 1.75645 
0.968343 0.285198 -0.0200785 1.75676 
0.971471 0.27511 -0.0258973 1.76139 
0.973581 0.278441 -0.0178665 1.76645 
0.970839 0.277686 -0.0250922 1.76068 
0.970044 0.279867 -0.0230424 1.75922 
0.969359 0.285797 -0.0180882 1.7591 
0.969218 0.283172 -0.022499 1.75849 
0.968729 0.279903 -0.0276372 1.75675 
0.970007 0.281457 -0.0236136 1.75986 
0.968067 0.28384 -0.0238255 1.75612 
0.968255 0.286966 -0.0203233 1.75732 
0.96652 0.288728 -0.0207926 1.75402 
0.966053 0.285023 -0.0265027 1.75214 
0.966469 0.287401 -0.0228137 1.75362 
0.965629 0.287165 -0.0245075 1.75177 
0.969257 0.277339 -0.0303005 1.75744 
0.976519 0.280824 -0.00437088 1.77279 
0.972916 0.281869 -0.0146237 1.76566 
0.971658 0.284376 -0.0151003 1.76361 
0.971869 0.277848 -0.0210593 1.76255 
0.976477 0.276775 -0.0121608 1.77222 
0.978111 0.271134 -0.0107088 1.77412 
0.976493 0.27153 -0.0174027 1.77115 
0.979435 0.267415 -0.0134956 1.77654 
0.978467 0.263286 -0.0205548 1.77393 
0.977625 0.257863 -0.0263923 1.77149 
0.97686 0.259112 -0.0263472 1.7703 
0.977474 0.256343 -0.0301159 1.77156 
0.978742 0.260239 -0.0206747 1.77375 
0.980989 0.255803 -0.0169983 1.77757 
0.984744 0.264456 0.00568183 1.78641 
0.977105 0.273413 -0.0132138 1.77272 
0.980589 0.260136 -0.0166568 1.77768 
0.976919 0.258504 -0.0273326 1.77093 
0.982704 0.258863 -0.00765664 1.78137 
0.979893 0.263881 -0.0128853 1.77652 
0.983464 0.24872 -0.0128019 1.78147 
0.965912 0.28998 -0.0200592 1.75303 
0.965108 0.2928 -0.0174592 1.75202 
0.96445 0.290379 -0.0220375 1.75005 
0.963926 0.288733 -0.0249994 1.74844 
0.963123 0.29084 -0.0231082 1.74719 
0.962163 0.289269 -0.0249851 1.74445 
0.964347 0.286328 -0.0273734 1.74869 
0.963715 0.289894 -0.0235679 1.74826 
0.963072 0.28719 -0.0268738 1.74596 
0.964892 0.289429 -0.0223076 1.75069 
0.963222 0.291945 -0.0215418 1.74774 
0.962712 0.293017 -0.0207503 1.74691 
0.961573 0.291429 -0.0228279 1.74375 
0.963167 0.288388 -0.0258808 1.74657 
0.960839 0.293513 -0.0205324 1.7427 
0.961154 0.294801 -0.0193686 1.74389 
0.96313 0.296657 -0.0148939 1.74876 
0.963662 0.297998 -0.0124704 1.75032 
0.961271 0.298776 -0.0141396 1.7454 
0.961109 0.301391 -0.01069 1.74577 
0.959075 0.297591 -0.0162574 1.73994 
0.959133 0.302239 -0.010928 1.74164 
0.958001 0.299823 -0.0138298 1.7382 
0.96033 0.296847 -0.0172679 1.74265 
0.960143 0.295561 -0.0183418 1.74176 
0.962238 0.296538 -0.0164485 1.74688 
0.959293 0.299086 -0.014991 1.741 
0.961667 0.297521 -0.0158158 1.74595 
0.96013 0.299585 -0.0139508 1.74306 
0.951773 0.314543 0.0350746 1.73122 
0.966713 0.306526 0.011309 1.75921 
0.953615 0.314156 0.0273238 1.73483 
0.955988 0.313352 0.0160947 1.73914 
0.955136 0.314853 0.0283229 1.73853 
0.956413 0.314812 0.025228 1.74115 
0.95668 0.313994 0.019329 1.74113 
0.960531 0.314581 0.0227251 1.74947 
0.957683 0.315632 0.0335363 1.74463 
0.964227 0.314363 0.0349555 1.75771 
0.956178 0.315234 0.0419749 1.74212 
0.959591 0.315492 0.0459487 1.74981 
0.958439 0.315722 0.0376465 1.74655 
0.961104 0.315263 0.0435981 1.75239 
0.96212 0.315343 0.0347484 1.75397 
0.966281 0.31184 0.0559049 1.76344 
0.957462 0.314002 0.0521784 1.7457 
0.967784 0.311883 0.0499903 1.76601 
0.962535 0.313881 0.0559501 1.75685 
0.966412 0.313547 0.0452323 1.76328 
0.955014 0.303118 0.0788971 1.74104 
0.958915 0.308775 0.0688121 1.74978 
0.960386 0.306268 0.0748259 1.75315 
0.954213 0.31356 0.0209101 1.73555 
0.974141 0.293114 0.00910047 1.77069 
0.967883 0.298023 -0.00302461 1.75906 
0.965306 0.301584 -0.00279502 1.75468 
0.964854 0.3002 -0.00642691 1.75338 
0.966682 0.293557 -0.0125299 1.75537 
0.965774 0.291471 -0.0179852 1.75305 
0.963358 0.294215 -0.0180133 1.74858 
0.961845 0.292693 -0.0215944 1.74482 
0.962746 0.29424 -0.0190687 1.74733 
0.96176 0.299817 -0.0121679 1.74673 
0.962244 0.295276 -0.0183031 1.74654 
0.962462 0.290596 -0.0238769 1.7456 
0.971555 0.305124 0.0717061 1.77461 
0.96892 0.297689 0.0879356 1.77084 
0.966446 0.307399 0.0735459 1.7656 
0.958608 0.315516 0.0296687 1.74624 
0.952591 0.313354 0.0237983 1.73184 
0.959428 0.314709 0.0510835 1.74979 
0.958015 0.315727 0.0418237 1.74611 
0.963976 0.313723 0.0529074 1.75914 
0.969879 0.30827 0.0644383 1.77082 
0.965337 0.310616 0.0668839 1.76304 
0.962876 0.31372 0.0262561 1.75397 
0.959114 0.312398 0.0139313 1.74539 
0.96167 0.310114 0.0102272 1.74991 
0.969836 0.292139 -0.00799765 1.76169 
0.972262 0.293027 0.00441673 1.76658 
0.96708 0.300628 -0.000503766 1.75813 
0.970773 0.296996 0.00337146 1.76482 
0.969722 0.300309 0.00709568 1.76347 
0.973275 0.297292 0.0144841 1.76999 
0.967484 0.30222 0.00410993 1.75936 
0.962808 0.302596 -0.00666736 1.74981 
0.961344 0.305621 -0.00325347 1.74767 
0.961004 0.306549 -0.00173226 1.74734 
0.958688 0.30527 -0.0063567 1.7417 
0.959451 0.303978 -0.00819183 1.74295 
0.978584 0.287261 0.0158791 1.77861 
0.981884 0.282486 0.0264307 1.78453 
0.978543 0.29196 0.0214311 1.78016 
0.981379 0.292044 0.0343358 1.78722 
0.984855 0.285684 0.0440769 1.79341 
0.984599 0.288462 0.0695676 1.79676 
0.971704 0.307024 0.0324633 1.77065 
0.972391 0.309392 0.0518314 1.77535 
0.978736 0.301056 0.0528053 1.78592 
0.980506 0.299493 0.0597068 1.79032 
0.981436 0.296154 0.0509495 1.79 
0.983136 0.289769 0.0806441 1.79599 
0.967058 0.311406 0.0283667 1.76208 
0.963385 0.312828 0.0220925 1.75475 
0.957834 0.315212 0.0260524 1.74425 
0.961316 0.3134 0.0198449 1.75047 
0.969771 0.305288 0.0162038 1.76549 
0.964756 0.310913 0.0196999 1.75671 
0.975305 0.297289 0.0198647 1.77462 
0.977054 0.298338 0.0323136 1.77932 
0.970719 0.301364 0.0120267 1.76597 
0.964223 0.305062 0.00281691 1.75329 
0.965648 0.308835 0.0125591 1.75811 
0.962968 0.308999 0.00865269 1.75226 
0.969603 0.296043 -0.00122513 1.76205 
0.968667 0.288738 -0.0150365 1.75822 
0.967815 0.294399 -0.00938079 1.75802 
0.968118 0.290114 -0.0161951 1.75776 
0.965321 0.2952 -0.0132338 1.75298 
0.96504 0.281404 -0.0314284 1.74886 
0.965861 0.280555 -0.0320298 1.75058 
0.965515 0.279145 -0.0326761 1.74932 
0.966848 0.279815 -0.0313819 1.75265 
0.96544 0.284395 -0.0284933 1.75067 
0.966066 0.281989 -0.0300257 1.75143 
0.96631 0.282808 -0.0288511 1.75218 
0.966841 0.278638 -0.0326912 1.75235 
0.967009 0.282391 -0.0281373 1.75361 
0.96512 0.28328 -0.0298752 1.74964 
0.968418 0.281185 -0.0272518 1.75645 
0.966923 0.286078 -0.0237257 1.75426 
0.967207 0.283477 -0.0264078 1.75429 
0.967685 0.2857 -0.0226792 1.75576 
0.96432 0.28773 -0.0255596 1.74901 
0.963788 0.286221 -0.0279062 1.74737 
0.965737 0.286191 -0.0258531 1.75178 
0.99131 0.262398 0.0249767 1.80053 
0.987246 0.279241 0.0406058 1.7966 
0.98196 0.263789 -0.00734493 1.78092 
0.986132 0.260158 0.00311888 1.78889 
0.980475 0.26829 -0.00302595 1.77812 
0.981974 0.268924 0.00246178 1.78134 
0.986284 0.265433 0.012201 1.7899 
0.98804 0.260287 0.0142185 1.79244 
0.987017 0.269217 0.0228942 1.79229 
0.985088 0.269866 0.0166792 1.78811 
0.979296 0.27928 0.00368735 1.77827 
0.973998 0.282838 -0.0103834 1.76812 
0.991407 0.259948 0.020684 1.80018 
0.981067 0.274943 0.00709652 1.78073 
0.986143 0.25507 0.00515184 1.78736 
0.997499 0.254653 0.058365 1.81478 
1.00475 0.235391 0.0660337 1.82874 
0.995259 0.263719 0.0683498 1.81327 
0.966464 0.31367 0.0395571 1.76275 
0.972642 0.309106 0.0460584 1.77498 
0.98099 0.296599 0.0447567 1.78859 
0.962537 0.312347 0.0619106 1.75707 
0.967048 0.310429 0.0618094 1.76515 
0.977059 0.291429 0.0909818 1.78679 
0.971518 0.30039 0.0833015 1.77584 
0.976113 0.300728 0.074671 1.78361 
0.959699 0.311377 0.0629669 1.75132 
0.952691 0.30884 0.063975 1.73485 
0.963223 0.314652 0.0465625 1.75699 
0.953453 0.313239 0.0478304 1.73603 
0.957179 0.312635 0.0574925 1.74538 
0.952102 0.311687 0.0535526 1.73297 
0.961202 0.315413 0.0388418 1.75247 
0.977567 0.287273 0.010823 1.77653 
0.978824 0.277638 -0.00199307 1.77707 
0.982494 0.282029 0.0189878 1.78605 
0.994374 0.263687 0.0488179 1.80906 
0.98161 0.289961 0.0283491 1.7868 
0.986007 0.278629 0.031521 1.79311 
0.985831 0.284872 0.0533831 1.79611 
0.964643 0.313565 0.0294116 1.75792 
0.96747 0.310008 0.0228949 1.76237 
0.969711 0.311525 0.0393667 1.76884 
0.97897 0.284871 0.00626404 1.77935 
0.95934 0.309344 0.00485582 1.74467 
0.957766 0.307969 -0.000575326 1.74066 
0.960768 0.307596 0.00159965 1.74706 
0.95898 0.307597 -0.000991995 1.74326 
0.959153 0.306536 -0.00322411 1.74318 
0.956251 0.303961 -0.00832017 1.73554 
0.961477 0.302824 -0.00818673 1.74701 
0.958181 0.30151 -0.0121115 1.73924 
0.965555 0.29822 -0.00832562 1.7543 
0.963477 0.300889 -0.00814395 1.7507 
0.964732 0.297118 -0.0112665 1.75221 
0.9832 0.24388 -0.017871 1.78053 
0.988404 0.255478 0.0104178 1.79244 
0.987473 0.250357 0.00184245 1.78995 
0.989165 0.250201 0.0122122 1.7929 
0.991759 0.239277 0.0157872 1.79739 
0.993483 0.241947 0.0202762 1.80147 
0.995826 0.258055 0.059444 1.81183 
0.99696 0.258085 0.0666675 1.81548 
0.994954 0.26373 0.055189 1.81106 
0.995726 0.254416 0.0313775 1.80866 
0.994859 0.258233 0.0380017 1.80782 
0.992274 0.255252 0.0213066 1.80088 
1.00118 0.244575 0.0375961 1.8194 
1.00229 0.242918 0.0400072 1.8219 
1.00085 0.246414 0.0383963 1.81907 
1.00016 0.247582 0.0408353 1.81786 
0.996735 0.254851 0.0396155 1.81144 
0.997559 0.252885 0.0380409 1.81277 
0.998911 0.24978 0.0369246 1.81511 
0.998754 0.250395 0.0388037 1.81502 
0.996499 0.253016 0.0341702 1.81008 
0.96012 0.301083 -0.0120273 1.74352 
0.963047 0.299454 -0.0111213 1.74941 
0.967024 0.296801 -0.00690828 1.75693 
0.964751 0.303467 -0.00105853 1.75419 
0.960146 0.308398 0.00237926 1.74616 
0.962723 0.305541 -0.00151816 1.75059 
0.963861 0.306797 0.0029063 1.75356 
0.963225 0.304055 -0.00313555 1.75113 
0.966638 0.305177 0.00678051 1.75864 
0.957065 0.305054 -0.00673761 1.73789 
0.956821 0.302006 -0.0107927 1.73621 
0.960819 0.304206 -0.00668849 1.74604 
0.956216 0.307317 -0.00165701 1.73683 
0.955461 0.309161 0.00294026 1.73589 
0.960909 0.312401 0.0161105 1.7492 
0.95971 0.310434 0.00817572 1.74585 
0.962093 0.311036 0.0136863 1.75121 
0.962882 0.307954 0.00520613 1.75178 
0.964599 0.310058 0.0160041 1.75618 
0.954639 0.312551 0.014802 1.73577 
0.956596 0.312416 0.0117793 1.73997 
0.955938 0.314183 0.0217227 1.7397 
0.956664 0.312947 0.0142189 1.74036 
0.95831 0.313188 0.0158477 1.74416 
0.956697 0.310757 0.00698337 1.73942 
0.955038 0.310673 0.00722188 1.73559 
0.957374 0.309735 0.00409707 1.7406 
0.954976 0.307996 0.000859054 1.73423 
0.958017 0.309125 0.00277434 1.74173 
0.954639 0.312233 0.0116825 1.73541 
0.954392 0.309777 0.00538282 1.73365 
0.957662 0.314009 0.0193748 1.74305 
0.957138 0.311556 0.0093082 1.74072 
0.959005 0.311513 0.0104053 1.74484 
0.952833 0.312502 0.0172289 1.73163 
0.953992 0.311387 0.0099625 1.73348 
0.961655 0.314907 0.0267867 1.75223 
0.960939 0.315435 0.0305469 1.75117 
0.958491 0.314686 0.0220607 1.74517 
0.951791 0.313621 0.030385 1.73058 
0.955187 0.3153 0.0372613 1.73957 
0.980921 0.273757 0.099629 1.79274 
0.971431 0.292061 0.0942085 1.7762 
0.980421 0.286461 0.092446 1.79294 
0.972956 0.306612 0.0592424 1.77604 
0.982301 0.286688 0.090105 1.79577 
0.982297 0.292841 0.0745263 1.79412 
0.977553 0.296664 0.0815564 1.7867 
0.978733 0.299003 0.0705566 1.78784 
0.990735 0.277587 0.0702428 1.80731 
0.953948 0.311038 0.0581632 1.73773 
0.975838 0.296376 0.0860546 1.7844 
0.961009 0.284536 0.101812 1.75434 
0.959912 0.298995 0.0861674 1.75233 
0.964088 0.289103 0.0974499 1.76131 
0.98249 0.256359 0.0878664 1.79195 
0.987889 0.220962 0.0763754 1.79989 
0.983828 0.266551 0.0958446 1.79701 
0.956025 0.315442 0.0329192 1.74106 
0.952304 0.31368 0.0439579 1.73304 
0.953007 0.314705 0.0377574 1.73444 
0.955707 0.314412 0.047134 1.74141 
0.980526 0.230883 0.0599117 1.78142 
0.982516 0.265113 0.104003 1.79683 
0.964289 0.30521 0.0772217 1.7615 
0.963338 0.296592 0.0894737 1.75989 
0.95928 0.303186 0.0797165 1.75101 
0.954531 0.299233 0.0850494 1.73983 
0.95332 0.304861 0.0743892 1.73676 
0.954419 0.307647 0.0685712 1.73926 
0.957735 0.295873 0.0901342 1.74742 
0.985144 0.269505 0.0996768 1.80025 
1.00369 0.239872 0.0704704 1.82772 
1.02852 0.168008 0.17168 1.90328 
1.00746 0.226799 0.0725483 1.83458 
1.00002 0.24738 0.0947051 1.82504 
1.00109 0.247247 0.0679868 1.82278 
1.00161 0.24188 0.0797611 1.82451 
1.00297 0.240053 0.0861464 1.82855 
1.00106 0.248566 0.0800556 1.82491 
0.999992 0.253219 0.075858 1.82283 
1.01521 0.195884 0.061542 1.8489 
1.01353 0.209655 0.0694862 1.84665 
1.01065 0.206829 0.101706 1.84499 
1.01855 0.177499 0.106749 1.86327 
1.02388 0.159497 0.102184 1.8749 
1.02325 0.154205 0.141127 1.88094 
1.0111 0.208457 0.113379 1.8492 
1.00487 0.232575 0.0883772 1.83198 
1.01789 0.186826 0.0936407 1.85956 
1.00774 0.221141 0.116417 1.84373 
1.01368 0.209632 0.0611296 1.8461 
1.01437 0.20455 0.0579563 1.84714 
1.01555 0.194746 0.0494264 1.84891 
1.01939 0.177532 0.0581007 1.85845 
1.01388 0.20403 0.0748678 1.84777 
1.01006 0.219079 0.0644228 1.83863 
1.00883 0.219688 0.0742968 1.83694 
1.0124 0.205581 0.0839866 1.84575 
1.00628 0.230776 0.0773951 1.83317 
1.0077 0.22543 0.0630107 1.83366 
1.00775 0.228792 0.0456293 1.83281 
1.01132 0.221207 0.0374948 1.83999 
1.01044 0.218885 0.0445466 1.83779 
1.01086 0.219462 0.0403483 1.83869 
1.00905 0.224126 0.0428137 1.83503 
1.00934 0.22509 0.0399193 1.83578 
1.01262 0.216572 0.035791 1.84277 
1.01162 0.219952 0.0359582 1.84058 
1.01117 0.219398 0.0335812 1.83934 
1.01214 0.215126 0.043752 1.84152 
1.00861 0.225294 0.051927 1.83478 
1.00994 0.222954 0.0549212 1.83797 
1.01018 0.216117 0.0696283 1.83909 
1.00823 0.226765 0.0592703 1.83479 
1.00511 0.236966 0.0523522 1.82847 
1.00786 0.22942 0.0576168 1.83418 
1.00413 0.234592 0.0579456 1.82605 
0.976883 0.198914 0.0608991 1.7686 
0.977787 0.264931 0.0932796 1.78274 
0.978245 0.245072 0.0726997 1.7789 
0.982544 0.264912 0.0941831 1.79385 
0.983616 0.263169 0.0928518 1.79603 
0.985735 0.258545 0.0948899 1.80101 
0.983847 0.265628 0.0970312 1.79731 
0.984833 0.270039 0.0977879 1.7997 
0.97587 0.25249 0.0751197 1.77477 
0.99999 0.0900534 0.140899 1.82754 
0.985759 0.145278 0.149786 1.79983 
0.998623 0.118518 0.0874956 1.81609 
0.999033 0.105308 0.0981641 1.81782 
0.994231 0.164634 0.10332 1.81387 
0.963163 0.266059 0.113329 1.75746 
0.958065 0.289728 0.0970567 1.7478 
0.967858 0.284566 0.101074 1.76931 
0.968138 0.217675 0.13814 1.76551 
0.987011 0.214544 0.113556 1.8041 
0.982925 0.189321 0.126603 1.79387 
0.980003 0.240327 0.118858 1.79288 
0.978896 0.26424 0.108839 1.78994 
0.98303 0.252391 0.112271 1.79877 
0.975744 0.278661 0.103456 1.78504 
0.971819 0.28618 0.0993376 1.77753 
0.975359 0.289205 0.0946065 1.78382 
0.979397 0.279789 0.0974613 1.79032 
0.983513 0.256047 0.10211 1.79728 
0.985467 0.235097 0.10544 1.80035 
0.979405 0.222954 0.123581 1.78977 
0.982279 0.189553 0.135933 1.79469 
0.977011 0.221611 0.13073 1.78574 
0.983739 0.210371 0.121368 1.79774 
0.991459 0.203062 0.107087 1.81206 
0.977475 0.206834 0.135972 1.78578 
0.985953 0.175125 0.123404 1.79856 
0.992581 0.149855 0.12621 1.81244 
0.979312 0.185782 0.147443 1.78944 
0.963798 0.254229 0.121554 1.75828 
0.987471 0.281423 0.0892152 1.80487 
0.981018 0.291568 0.0840822 1.79298 
0.985451 0.284981 0.08309 1.79988 
0.985049 0.281817 0.0920611 1.80062 
0.986752 0.283024 0.0723527 1.80007 
0.989808 0.275457 0.0839676 1.80677 
0.988207 0.281577 0.0804988 1.80452 
0.996763 0.258167 0.0836079 1.81773 
0.992736 0.270952 0.0755707 1.81062 
0.995351 0.264899 0.0742785 1.81474 
0.985257 0.273964 0.0968366 1.80126 
0.987037 0.272613 0.0984498 1.80373 
0.98703 0.269929 0.101845 1.80435 
0.988179 0.266613 0.106143 1.80673 
0.994217 0.25613 0.106225 1.81644 
0.987158 0.264913 0.109462 1.80553 
0.991313 0.254635 0.120498 1.81433 
0.994846 0.252536 0.117054 1.82048 
1.00842 0.195766 0.152574 1.85172 
0.980036 0.245354 0.144092 1.79184 
0.992115 0.247503 0.128575 1.8165 
1.00362 0.213915 0.144736 1.84071 
0.988069 0.248585 0.133774 1.80894 
0.99591 0.238003 0.131458 1.82362 
0.985953 0.276507 0.0962142 1.80234 
0.984265 0.267296 0.0998758 1.79848 
0.982116 0.272254 0.0978116 1.79435 
0.98978 0.211249 0.0961076 1.80639 
0.986557 0.229471 0.112075 1.80431 
0.969563 0.238832 0.127636 1.77042 
0.973196 0.265966 0.112345 1.77997 
0.976368 0.270369 0.107984 1.78579 
0.983978 0.242466 0.114948 1.80104 
0.974374 0.245439 0.120572 1.78092 
0.98593 0.253842 0.0969724 1.80161 
0.990927 0.205412 0.0849051 1.8067 
0.986758 0.239259 0.0923942 1.80119 
0.985763 0.235207 0.0832037 1.79688 
0.985501 0.221465 0.0625404 1.7929 
0.988233 0.229523 0.0987045 1.80498 
0.997476 0.1838 0.0763338 1.81971 
0.998088 0.0944766 0.119497 1.81898 
0.995041 0.104703 0.132964 1.81502 
0.994055 0.13931 0.113035 1.81226 
0.994987 0.127078 0.156593 1.82181 
0.991187 0.180979 0.110322 1.80954 
0.963022 0.274147 0.109682 1.75831 
0.969191 0.273976 0.108639 1.77196 
0.97721 0.283058 0.0985218 1.78728 
0.965705 0.300268 0.0849782 1.76453 
0.970264 0.3045 0.077254 1.77325 
0.984989 0.247536 0.106805 1.80106 
0.96492 0.243238 0.128012 1.76025 
0.968377 0.249418 0.122581 1.76852 
0.973234 0.254857 0.117701 1.7795 
0.972431 0.233642 0.12811 1.77617 
0.967286 0.230911 0.132568 1.76468 
0.97195 0.205105 0.14144 1.77329 
1.00211 0.160894 0.0890817 1.83058 
0.980273 0.169996 0.145947 1.78899 
1.00407 0.099567 0.0761571 1.82425 
1.00431 0.074656 0.0831112 1.82494 
1.00442 0.0634999 0.0982175 1.82851 
0.992009 0.135691 0.136518 1.81161 
0.995514 0.113359 0.10961 1.81224 
1.00356 0.0795242 0.0932674 1.82588 
1.00791 0.0620147 0.0659973 1.82996 
1.00204 0.0681201 0.112474 1.82555 
1.00843 0.0452692 0.0714102 1.83332 
1.01983 0.0361192 0.107421 1.86852 
1.00155 0.103087 0.148623 1.83429 
0.997981 0.101635 0.081724 1.81065 
1.00759 0.0899466 0.0669576 1.82944 
1.00498 0.0835792 0.0807127 1.82612 
1.00794 0.0710764 0.0669734 1.82966 
1.00788 0.0723267 0.061893 1.82806 
1.01334 0.0647031 0.0425597 1.84051 
1.01017 0.067794 0.132319 1.84996 
1.00545 0.0794807 0.0725568 1.82484 
1.00835 0.0526642 0.119647 1.84201 
1.00642 0.0858773 0.0641735 1.82515 
1.00935 0.0414123 0.0845201 1.83801 
1.00678 0.0837253 0.0704319 1.82766 
1.00395 0.0912547 0.0712579 1.82153 
1.0059 0.0825321 0.0656296 1.8238 
1.00785 0.0847328 0.0621253 1.82773 
1.0074 0.0831134 0.0609603 1.82578 
1.01179 0.0566474 0.0552092 1.83836 
1.01465 0.0363933 0.0513019 1.84684 
1.00807 0.0603158 0.0735377 1.83223 
1.00929 0.0818842 0.0565663 1.82963 
1.00544 0.0864956 0.061538 1.81943 
1.01736 0.0257223 0.0891161 1.85908 
1.01936 0.0438216 0.0169034 1.85621 
1.03105 0.0209769 0.0494096 1.88992 
1.01488 0.0480612 0.0332442 1.84511 
1.01314 0.0460716 0.046422 1.84175 
1.02176 0.0248203 0.0389537 1.86465 
1.02977 0.0186373 0.0751105 1.88915 
1.01139 0.0633655 0.0513797 1.83626 
1.00806 0.0883017 0.0577856 1.82613 
1.00814 0.0862064 0.0551575 1.82639 
1.00785 0.0837054 0.059673 1.8259 
1.00757 0.08175 0.0610936 1.82616 
1.00686 0.0851966 0.0598772 1.82309 
1.01009 0.0785985 0.0566217 1.83212 
1.00881 0.0770104 0.0615215 1.82984 
1.00735 0.0833607 0.0603038 1.82503 
0.998379 0.103745 0.0743061 1.80344 
1.00555 0.0939017 0.0627997 1.82006 
1.0109 0.106692 0.0458687 1.83373 
1.01342 0.118068 0.0296403 1.84055 
1.01329 0.0886196 0.0315443 1.83945 
1.00595 0.0936737 0.0591284 1.82096 
1.01012 0.0899026 0.0505576 1.83136 
1.00761 0.0820966 0.0593961 1.8256 
1.01323 0.0735657 0.0410579 1.83964 
1.00721 0.0800098 0.0633977 1.82605 
1.0096 0.0755481 0.0529683 1.83087 
1.01084 0.0698035 0.0554419 1.8347 
1.00833 0.0981637 0.0513775 1.82698 
1.00588 0.109181 0.0585567 1.82157 
1.00586 0.108588 0.0646259 1.82185 
1.00771 0.130034 0.0556823 1.82724 
1.01181 0.130302 0.0414144 1.837 
1.00817 0.119901 0.0545319 1.82775 
1.00658 0.150438 0.0535213 1.82567 
1.01474 0.0978823 0.0162982 1.84358 
1.01235 0.12938 0.0340324 1.83826 
1.01482 0.10812 0.014074 1.84412 
1.01943 0.0584383 -0.00296763 1.85605 
1.03388 0.0401125 -0.00480876 1.89348 
1.02632 0.0284911 0.0240267 1.8753 
1.00179 0.0912069 0.0663202 1.81054 
1.01112 0.189316 0.0404432 1.83849 
1.00953 0.117431 0.0473672 1.83075 
1.0061 0.173809 0.0638799 1.82801 
1.00489 0.169992 0.0590967 1.82372 
1.00687 0.15632 0.0620912 1.82776 
1.00501 0.13429 0.0621527 1.82124 
1.0011 0.134332 0.0729541 1.81255 
1.00274 0.12734 0.0671325 1.81548 
1.00441 0.115085 0.0672538 1.81883 
1.0075 0.100265 0.0564022 1.82509 
1.00417 0.09961 0.0657568 1.81705 
1.00464 0.0895725 0.0638149 1.81755 
1.00245 0.0956802 0.0683079 1.81259 
0.999709 0.0986013 0.0707175 1.80609 
0.993768 0.104848 0.0781254 1.79243 
0.973385 0.132148 0.0915766 1.74654 
0.999966 0.112539 0.0734586 1.80802 
0.983015 0.11463 0.0859703 1.76764 
1.01821 0.0750634 0.0257636 1.8524 
1.01351 0.0970475 0.0258428 1.84017 
1.01164 0.0925808 0.0396604 1.83531 
1.0106 0.106344 0.0328152 1.83298 
1.01936 0.0899264 -0.0183227 1.85646 
1.02174 0.071849 -0.0199422 1.86223 
1.01984 0.0866629 -0.0106893 1.85729 
1.01459 0.0776144 0.00804774 1.84336 
1.01722 0.0936706 -0.0033417 1.8505 
1.01768 0.104389 -0.0029073 1.85198 
1.01516 0.12136 0.00670434 1.84582 
1.01638 0.116516 -0.0101869 1.84926 
1.01523 0.0789421 0.0310174 1.84449 
1.01095 0.0866814 0.0460037 1.83351 
1.0121 0.10344 0.0401113 1.83671 
1.01628 0.0887336 0.00809324 1.84764 
1.01192 0.0789183 0.0467886 1.83624 
1.01762 0.0642537 0.0161132 1.85124 
1.01508 0.0595521 0.0346559 1.84502 
1.01483 0.0650938 0.0262565 1.84411 
1.02339 0.0338657 0.0101678 1.86676 
0.993731 0.143127 0.0841108 1.79698 
0.995946 0.125675 0.0825944 1.80033 
0.987132 0.167056 0.077178 1.78432 
0.99844 0.182353 0.0700135 1.81221 
1.01761 0.0557021 0.00911322 1.85141 
1.01274 0.0744668 0.0148313 1.83874 
1.0236 0.0531569 -0.0128623 1.86693 
1.01769 0.0702001 -0.0035183 1.85146 
1.01818 0.0750266 -0.0110706 1.85289 
1.02726 0.0622914 -0.0189474 1.87637 
1.01106 0.201294 0.0398835 1.83917 
1.01676 0.131583 -0.0117406 1.85107 
1.01437 0.144185 -0.00942695 1.84576 
1.01925 0.138401 -0.0127964 1.8579 
1.01526 0.134861 -0.00512073 1.84715 
1.02042 0.123362 -0.0123759 1.85993 
1.01435 0.146521 0.00667718 1.84499 
1.01419 0.125773 0.0163641 1.84316 
1.01421 0.117817 0.0211474 1.84274 
1.01317 0.140713 0.02818 1.84087 
1.01322 0.154311 0.0305223 1.84148 
1.01181 0.178694 0.0321677 1.83916 
1.01309 0.174565 0.0266961 1.84214 
1.01346 0.153277 -0.00319028 1.84367 
0.969517 0.183007 0.0663097 1.74372 
1.01419 0.124461 0.000703085 1.84373 
1.0164 0.111232 0.00523668 1.8486 
1.02219 0.101601 -0.017783 1.86399 
1.02504 0.0817871 -0.0220264 1.87089 
1.0119 0.193425 0.0281446 1.83999 
1.01342 0.178044 0.0190324 1.84338 
1.0111 0.159187 0.036938 1.83645 
1.01104 0.173035 0.0372466 1.83711 
1.01419 0.152003 0.0170479 1.84436 
1.01229 0.16163 0.00618885 1.84068 
1.01291 0.16841 0.00614163 1.84269 
1.01307 0.161266 0.00181412 1.84288 
1.01368 0.137582 0.0205416 1.84226 
1.01675 0.109188 -0.0124429 1.85017 
1.01306 0.158724 0.00686749 1.84247 
1.0154 0.16089 0.0200972 1.84768 
1.0087 0.153523 0.04265 1.83038 
1.011 0.140013 0.0437397 1.83549 
1.00796 0.139641 0.0508158 1.82815 
1.00908 0.190357 0.0487725 1.83462 
1.00881 0.16049 0.0488849 1.83154 
1.00794 0.149701 0.0599733 1.82969 
1.01236 0.194787 0.0349991 1.84152 
1.01064 0.194475 0.0427502 1.83796 
1.01074 0.17938 0.0422001 1.83705 
1.00892 0.172276 0.0482994 1.83254 
1.01202 0.202241 0.0336312 1.84095 
1.01411 0.14832 -0.00888584 1.84521 
1.00341 0.20691 0.0137884 1.83136 
1.01598 0.198098 0.0222014 1.85603 
0.998299 0.123513 0.0771486 1.80518 
0.990772 0.111874 0.0839451 1.78624 
1.00284 0.158691 0.0722383 1.81925 
0.997324 0.158693 0.0776888 1.80653 
0.986296 0.14808 0.0883402 1.78032 
1.00111 0.175508 0.0714587 1.81747 
1.00593 0.199536 0.0554154 1.83148 
1.00844 0.201576 0.050273 1.83592 
1.0037 0.149984 0.0706886 1.82022 
1.01085 0.205463 0.0400466 1.83913 
1.01237 0.212064 0.0358431 1.84261 
1.01194 0.204672 0.0360662 1.84109 
1.01169 0.177859 0.00383022 1.84049 
1.01165 0.180436 0.00400514 1.8405 
1.01179 0.177645 0.00238486 1.84084 
1.01547 0.156867 -0.00875528 1.84929 
1.01268 0.197973 0.0199013 1.84232 
1.01286 0.189072 0.0248777 1.84219 
1.01383 0.163055 0.0248591 1.84348 
1.01217 0.190478 0.0318728 1.8407 
1.01301 0.202318 0.023311 1.84309 
1.01267 0.206261 0.0278226 1.84242 
1.0121 0.206756 0.0306152 1.84113 
1.01221 0.217236 0.0250636 1.8418 
1.01224 0.217281 0.0218127 1.84197 
1.01281 0.210784 0.0232364 1.84295 
1.01243 0.214203 0.0264717 1.84215 
1.01246 0.211226 0.0306343 1.84224 
1.01118 0.221999 0.0264154 1.83967 
1.01197 0.179868 0.0054916 1.84121 
1.0142 0.147621 0.00148627 1.845 
1.01418 0.131794 0.00116354 1.84397 
1.01494 0.13969 0.00767263 1.84599 
1.01273 0.17672 0.00939898 1.84241 
1.013 0.185292 0.01271 1.84319 
1.01259 0.18411 0.00949903 1.84249 
1.01453 0.142095 -0.00437976 1.84577 
1.01387 0.152774 0.0116323 1.8439 
1.01236 0.141729 0.0161906 1.83923 
1.01371 0.167439 0.00855105 1.84442 
1.01234 0.164796 0.0156345 1.84039 
1.01297 0.171082 0.0160127 1.84215 
1.01326 0.152521 0.00126926 1.84294 
1.01347 0.158619 0.0108449 1.84324 
1.0166 0.15092 -0.00993563 1.85169 
1.01291 0.157387 -0.0026927 1.84252 
1.01349 0.159346 -0.00606674 1.84432 
1.0129 0.165525 0.000426811 1.84288 
1.01273 0.169058 -0.000532786 1.84281 
1.01289 0.172045 0.00432433 1.84308 
1.0122 0.17312 0.00152847 1.84166 
1.01385 0.164745 -0.00414269 1.8455 
1.01273 0.162441 -0.00414515 1.84248 
1.0132 0.169543 -0.00269729 1.84417 
1.01241 0.168354 0.0011066 1.84182 
1.0123 0.171284 -0.00155714 1.84196 
1.01212 0.171235 -0.000154368 1.84143 
1.01192 0.174727 0.00179542 1.84104 
1.01196 0.174538 0.000473054 1.84121 
1.01239 0.173043 -0.000766163 1.84228 
1.0116 0.180862 0.00547848 1.84032 
1.0122 0.176213 0.00120914 1.84186 
1.0122 0.183941 0.00490054 1.84187 
1.01194 0.188193 0.0087431 1.84109 
1.01169 0.183851 0.00648989 1.84051 
1.01229 0.188384 0.00922365 1.84195 
1.01238 0.190816 0.00861829 1.84203 
1.01237 0.18912 0.00741734 1.84207 
1.01214 0.188979 0.0077731 1.84151 
1.01228 0.18796 0.00693069 1.84191 
1.01245 0.191098 0.00998402 1.84225 
1.01232 0.191434 0.00981081 1.8419 
1.01212 0.189098 0.00842645 1.84147 
1.01242 0.192586 0.0108695 1.84213 
1.01203 0.186588 0.00769784 1.84137 
1.01237 0.192029 0.0110326 1.84204 
1.01258 0.192762 0.00974811 1.84233 
1.03864 0.120765 0.102125 1.91109 
1.01547 0.185873 0.0115127 1.8471 
1.01518 0.186959 0.0116347 1.8466 
1.01545 0.187044 0.0110098 1.84724 
1.01187 0.186039 0.00616289 1.84098 
1.01185 0.184762 0.00546855 1.84098 
1.01179 0.18488 0.00611402 1.84079 
1.01282 0.196721 0.011222 1.84306 
1.01252 0.192266 0.00942632 1.84225 
1.01275 0.19272 0.00979899 1.8427 
1.01247 0.19159 0.00901871 1.84216 
1.01218 0.188646 0.0072874 1.84163 
1.01597 0.19465 0.00375022 1.84923 
1.01611 0.186901 0.0080824 1.84867 
1.01572 0.1925 0.00645888 1.84846 
1.01481 0.18943 0.0104845 1.84612 
1.01499 0.187956 0.0115937 1.84635 
1.01446 0.189761 0.0112219 1.84545 
1.01458 0.197461 0.00803976 1.84643 
1.01463 0.194638 0.00856099 1.84629 
1.01428 0.195198 0.00905841 1.84558 
1.01308 0.198615 0.0109552 1.84351 
1.01457 0.200536 0.00814397 1.84676 
1.01519 0.19786 0.00575095 1.8478 
1.01503 0.195701 0.00676764 1.8472 
1.01283 0.199745 0.0120323 1.8431 
1.01319 0.20678 0.0143716 1.84414 
1.01325 0.198892 0.0106345 1.84381 
1.01334 0.203299 0.0117673 1.84428 
1.01263 0.207014 0.0129848 1.84272 
1.01326 0.207145 0.0101565 1.84408 
1.0141 0.202764 0.0091847 1.84587 
1.01272 0.191995 0.00995325 1.84249 
1.01287 0.192181 0.0101664 1.8428 
1.01269 0.192253 0.00980918 1.8425 
1.01287 0.192655 0.0100494 1.84288 
1.01255 0.191758 0.00924352 1.8423 
1.01297 0.19347 0.010042 1.8432 
1.01326 0.193036 0.0105158 1.84357 
1.01251 0.191308 0.00879289 1.84225 
1.0131 0.193875 0.0102868 1.84335 
1.01253 0.191743 0.00942777 1.84218 
1.01487 0.195981 0.00778589 1.84694 
1.00898 0.239911 0.00916986 1.83879 
1.0132 0.219156 0.00819545 1.84527 
1.00963 0.234341 0.0162752 1.83834 
1.01169 0.229775 0.00656797 1.84338 
1.00947 0.230602 0.0174096 1.83712 
1.02194 0.162682 -0.0071023 1.86178 
1.02002 0.166672 0.00114658 1.8567 
1.01885 0.173803 0.000387824 1.85407 
1.01983 0.176163 -0.00932609 1.85721 
1.00211 0.247543 0.00394571 1.82817 
1.00413 0.245026 -0.0110549 1.83377 
1.00308 0.238837 -0.0246917 1.83294 
1.0085 0.236525 -0.0354489 1.84497 
1.0051 0.238215 -0.0319971 1.83766 
0.999527 0.232886 -0.0208466 1.82413 
1.00287 0.233557 -0.0346416 1.83279 
1.01325 0.226415 -0.0371762 1.85275 
1.00926 0.241596 -0.0163531 1.84425 
1.00783 0.240649 -0.0256527 1.84283 
1.0065 0.243299 -0.0162337 1.83866 
1.00399 0.242509 -0.0191743 1.83427 
1.01049 0.238631 -0.0123298 1.8452 
1.01039 0.23625 -0.0216709 1.8459 
1.01309 0.231478 -0.0223267 1.85109 
1.01542 0.205643 -0.00364693 1.84947 
1.01625 0.189674 0.00520364 1.84929 
1.01781 0.188463 -0.0018913 1.85305 
1.01834 0.177905 0.00526846 1.853 
1.01823 0.181923 0.00266153 1.85321 
1.01871 0.176728 0.00204534 1.8539 
1.01822 0.180312 0.0011229 1.85304 
1.02035 0.171836 -0.00567131 1.85793 
1.01916 0.178564 -0.00333713 1.85538 
1.0199 0.180095 -0.00691131 1.85759 
1.01517 0.20462 -0.000786468 1.84858 
1.0155 0.200462 0.00261564 1.84881 
1.01493 0.203561 0.00362966 1.84778 
1.01217 0.188507 0.00834122 1.84161 
1.01216 0.188573 0.00779081 1.84158 
1.01186 0.187318 0.00746147 1.84088 
1.01216 0.186671 0.00638474 1.84167 
1.01196 0.185385 0.00573325 1.84123 
1.01264 0.193085 0.0102634 1.84268 
1.01239 0.191479 0.00930379 1.84206 
1.01196 0.189011 0.00900465 1.84107 
1.01227 0.190558 0.0089 1.8418 
1.01211 0.18736 0.00677989 1.84149 
1.01404 0.194533 0.009462 1.84501 
1.01426 0.197401 0.009301 1.84585 
1.0143 0.196705 0.00887162 1.84577 
1.01402 0.194945 0.00976498 1.84512 
1.01347 0.193848 0.0104457 1.844 
1.01385 0.195769 0.0100517 1.84495 
1.01373 0.194595 0.0102976 1.8446 
1.01378 0.19407 0.010281 1.84463 
1.01366 0.193263 0.0104738 1.84432 
1.01352 0.193223 0.0105331 1.84404 
1.01361 0.192294 0.0107797 1.84413 
1.01317 0.192378 0.0106196 1.84332 
1.01331 0.192684 0.0106067 1.84363 
1.01333 0.192072 0.0108677 1.84356 
1.01321 0.192123 0.0107538 1.84336 
1.01313 0.195766 0.0103567 1.84346 
1.01306 0.195656 0.0104387 1.84347 
1.01345 0.193817 0.0104329 1.84403 
1.01225 0.189781 0.00824503 1.84175 
1.01243 0.191529 0.00912787 1.84213 
1.01228 0.190086 0.00819314 1.84182 
1.01282 0.197062 0.0123774 1.84307 
1.01269 0.199777 0.0141654 1.84277 
1.01313 0.199867 0.0126772 1.84387 
1.01261 0.200564 0.0117446 1.84244 
1.01384 0.200789 0.00977523 1.84517 
1.01366 0.200894 0.0104211 1.84484 
1.01364 0.204572 0.00977664 1.8449 
1.01345 0.202955 0.0107668 1.84443 
1.01365 0.209048 0.00909775 1.84519 
1.01424 0.208189 0.00697541 1.84657 
1.01414 0.198824 0.00916266 1.84566 
1.01361 0.197492 0.0100834 1.84449 
1.01282 0.196936 0.0107452 1.84292 
1.01265 0.194427 0.0104045 1.84259 
1.01264 0.195121 0.0110997 1.84266 
1.01293 0.196332 0.0108946 1.84327 
1.01352 0.197468 0.0103668 1.8444 
1.01377 0.196205 0.0101086 1.84484 
1.01337 0.19512 0.0102879 1.84389 
1.01298 0.195337 0.010335 1.8432 
1.01279 0.194517 0.0103398 1.84284 
1.01294 0.194102 0.010109 1.84314 
1.01241 0.193329 0.0100043 1.84204 
1.01286 0.193787 0.0100993 1.84299 
1.01259 0.192867 0.00996329 1.84256 
1.01249 0.192255 0.00941662 1.84225 
1.01253 0.190923 0.00840262 1.84235 
1.0123 0.189743 0.00775448 1.84187 
1.01242 0.19103 0.00861695 1.84209 
1.0125 0.190136 0.007878 1.84234 
1.0127 0.192221 0.00961045 1.8426 
1.01255 0.191584 0.00909807 1.84231 
1.01241 0.190721 0.00827262 1.84209 
1.01265 0.191939 0.00970055 1.84241 
1.01348 0.192325 0.0107727 1.84389 
1.01302 0.192146 0.0104325 1.84302 
1.01338 0.19268 0.0106388 1.84373 
1.01312 0.192433 0.0104855 1.84326 
1.01316 0.192825 0.0104262 1.84339 
1.01292 0.192588 0.0101864 1.84294 
1.01343 0.194172 0.0103318 1.84404 
1.0132 0.193634 0.0103315 1.84354 
1.01311 0.192952 0.010333 1.84332 
1.01296 0.193409 0.0101381 1.8431 
1.01339 0.195109 0.0102987 1.84405 
1.01296 0.192194 0.0103437 1.84292 
1.01306 0.192074 0.0106907 1.84303 
1.01369 0.191974 0.0109323 1.84425 
1.01396 0.192185 0.0105934 1.84478 
1.01372 0.191304 0.0112771 1.84416 
1.01333 0.191873 0.0109857 1.84348 
1.01351 0.191499 0.0112008 1.84374 
1.01366 0.216325 -0.0671253 1.85662 
1.02547 0.209679 -0.0746227 1.88691 
1.01815 0.207775 -0.0742111 1.86639 
1.02284 0.199872 -0.0771608 1.87666 
1.02113 0.195311 -0.0743868 1.87058 
1.01395 0.193349 0.0101042 1.84482 
1.01392 0.190756 0.0114712 1.84445 
1.0137 0.191022 0.0113723 1.84402 
1.01353 0.19175 0.0111 1.84387 
1.01402 0.191328 0.0109706 1.84479 
1.01383 0.192726 0.0104052 1.84454 
1.01428 0.19343 0.00970545 1.84554 
1.02075 0.195044 -0.0711076 1.86912 
1.01418 0.189834 0.0117061 1.84483 
1.01388 0.190484 0.0115695 1.84429 
1.01438 0.191363 0.0104078 1.84548 
1.01413 0.190902 0.0112108 1.84497 
1.01379 0.19184 0.0109066 1.84441 
1.01403 0.191798 0.0106474 1.84484 
1.01386 0.191483 0.0110773 1.84448 
1.02353 0.189204 -0.072269 1.87521 
1.02217 0.187747 -0.0703288 1.87135 
1.02147 0.191152 -0.0688475 1.86994 
1.01558 0.193657 0.0070477 1.84832 
1.01558 0.190327 0.00716107 1.84784 
1.01586 0.188933 0.00639175 1.84826 
1.0155 0.187318 0.00951325 1.84732 
1.01448 0.19017 0.0108721 1.84553 
1.01542 0.189984 0.00876664 1.84753 
1.01487 0.188782 0.0108539 1.84617 
1.01505 0.189622 0.00990582 1.84667 
1.01523 0.187716 0.0106673 1.84683 
1.01525 0.189164 0.00958161 1.84705 
1.01539 0.189477 0.00814918 1.8473 
1.01578 0.187755 0.00860713 1.84803 
1.01615 0.185517 0.00841433 1.84854 
1.01626 0.185505 0.0102161 1.84893 
1.01516 0.188124 0.0109837 1.84677 
1.01553 0.186345 0.0109226 1.84731 
1.0148 0.193326 0.00880462 1.84654 
1.01467 0.190121 0.0105485 1.84593 
1.01435 0.190766 0.0107824 1.84533 
1.01467 0.191527 0.00984602 1.84613 
1.01442 0.192481 0.00950356 1.84562 
1.01544 0.188141 0.00991014 1.84735 
1.01485 0.190559 0.00959125 1.84631 
1.01514 0.191138 0.0087917 1.84704 
1.01425 0.190598 0.0111634 1.84513 
1.01485 0.190878 0.00994835 1.84645 
1.01495 0.192517 0.00835088 1.84673 
1.01474 0.188767 0.0113337 1.84591 
1.01426 0.190054 0.0114295 1.84505 
1.01424 0.189337 0.0118256 1.84487 
1.01398 0.190026 0.0117143 1.84441 
1.0226 0.178098 -0.0601899 1.87008 
1.02345 0.184478 -0.0684773 1.87393 
1.02404 0.178314 -0.0663084 1.87451 
1.02648 0.160307 -0.0612326 1.87895 
1.02424 0.158932 -0.0267938 1.8686 
1.02507 0.164678 -0.0559686 1.87472 
1.024 0.165244 -0.0498161 1.87122 
1.02343 0.172716 -0.054354 1.87096 
1.02045 0.191482 -0.0651094 1.86697 
1.01532 0.21389 -0.041873 1.85523 
1.01909 0.203769 -0.0730749 1.86731 
1.02292 0.182012 -0.0667894 1.8721 
1.02238 0.183713 -0.0642593 1.8706 
1.02181 0.18175 -0.0608427 1.86855 
1.0218 0.191895 -0.0510296 1.8686 
1.02093 0.189287 -0.0590515 1.8671 
1.02094 0.185508 -0.0528541 1.86581 
1.02294 0.180671 -0.0470922 1.86941 
1.01928 0.193975 -0.0554312 1.86322 
1.0178 0.202568 -0.0222009 1.85646 
1.01639 0.200943 -0.0116011 1.8517 
1.0167 0.207754 -0.0174106 1.85406 
1.02158 0.167193 -0.0242355 1.86211 
1.02338 0.168883 -0.036731 1.86802 
1.02495 0.163191 -0.0394877 1.87203 
1.02735 0.142405 -0.0247928 1.87658 
1.01504 0.218166 -0.0307882 1.85373 
1.01732 0.212845 -0.0368884 1.85916 
1.01324 0.229002 -0.0318563 1.8524 
1.01375 0.218507 -0.0428745 1.85264 
1.01795 0.206303 -0.046869 1.86085 
1.02303 0.193147 -0.0746285 1.87493 
1.01902 0.19712 -0.0619966 1.86397 
1.02067 0.188609 -0.063001 1.86682 
1.01877 0.198066 -0.0564484 1.86279 
1.0205 0.198159 -0.0756543 1.86993 
1.01933 0.199705 -0.0684211 1.86612 
1.01897 0.204007 -0.0699472 1.86644 
1.01483 0.188271 0.0116977 1.84606 
1.01447 0.189056 0.0118253 1.84536 
1.01463 0.189214 0.0114525 1.84576 
1.02451 0.170158 -0.0612466 1.87435 
1.01815 0.189215 -0.00897348 1.85433 
1.02362 0.175062 -0.065186 1.87299 
1.02601 0.171574 -0.0653994 1.87876 
1.02376 0.174835 -0.0626759 1.87301 
1.02433 0.168947 -0.05766 1.87337 
1.02281 0.177165 -0.0556949 1.86997 
1.01443 0.188493 0.01191 1.84511 
1.02624 0.164479 -0.0629077 1.87873 
1.01486 0.187455 0.0116765 1.84592 
1.028 0.156435 -0.0617338 1.88284 
1.01697 0.190124 0.0021017 1.8511 
1.01545 0.192434 0.00509773 1.84769 
1.01615 0.19346 0.0018816 1.84949 
1.01653 0.183138 0.0091042 1.84913 
1.01694 0.185603 0.00730715 1.85051 
1.01687 0.182728 0.00823051 1.8499 
1.01764 0.177883 0.0103181 1.85116 
1.01612 0.182931 0.0114461 1.84813 
1.01578 0.184567 0.0115075 1.84761 
1.01561 0.183686 0.0116217 1.84701 
1.01542 0.18515 0.0115821 1.84682 
1.03225 0.145518 -0.0614761 1.89335 
1.01637 0.183249 0.0106759 1.8488 
1.04623 0.127378 -0.0555008 1.92815 
1.03136 0.136499 -0.049357 1.88934 
1.02622 0.152577 -0.0398165 1.87503 
1.02602 0.158006 -0.0346336 1.87392 
1.02503 0.162081 -0.0461543 1.87314 
1.02771 0.155381 -0.0539065 1.88079 
1.02949 0.150537 -0.0606148 1.88625 
1.02841 0.150212 -0.0551583 1.88266 
1.02618 0.160612 -0.0576839 1.87763 
1.01625 0.184149 0.0103913 1.84866 
1.01639 0.179973 0.0114571 1.84833 
1.02826 0.132045 -0.0207499 1.87915 
1.02708 0.145984 -0.0380775 1.87705 
1.03354 0.128824 -0.0363967 1.89375 
1.03491 0.136891 -0.0593639 1.89959 
1.03658 0.120762 -0.0406128 1.9026 
1.01774 0.177278 0.00941724 1.85134 
1.01914 0.171732 0.00874934 1.85457 
1.01769 0.173109 0.0113503 1.8509 
1.017 0.178999 0.0113871 1.84972 
1.01537 0.197581 0.00397634 1.84813 
1.01596 0.184747 0.00973154 1.84801 
1.01614 0.184564 0.00907187 1.8484 
1.01728 0.181059 0.00848604 1.85068 
1.0168 0.181376 0.0103867 1.84956 
1.01597 0.181948 0.0115164 1.8476 
1.01654 0.182516 0.0100134 1.8491 
1.0165 0.181045 0.0113088 1.84877 
1.01499 0.186339 0.0117144 1.84601 
1.01584 0.186195 0.0101475 1.84801 
1.01598 0.184722 0.0108744 1.8481 
1.01852 0.173463 0.00715796 1.85304 
1.01918 0.170201 0.00888668 1.85475 
1.01824 0.17587 0.00966951 1.85247 
1.01813 0.174843 0.00902765 1.8521 
1.01829 0.174139 0.0110256 1.85245 
1.01747 0.18025 0.00756635 1.85104 
1.01846 0.175099 0.00778061 1.85298 
1.01856 0.173716 0.00984056 1.85312 
1.01739 0.175839 0.0113441 1.85028 
1.0174 0.179176 0.0103567 1.85074 
1.01749 0.177141 0.0112917 1.85069 
1.01677 0.177912 0.0115638 1.84898 
1.03679 0.108333 -0.00497705 1.90337 
1.02325 0.149665 -0.00526981 1.86524 
1.02408 0.143956 0.00285572 1.86791 
1.02043 0.159675 0.00467492 1.85803 
1.03001 0.143418 -0.0486537 1.88573 
1.04628 0.113849 -0.0233565 1.92778 
1.07596 0.107458 0.0346162 2.01028 
1.01566 0.15634 0.0274576 1.85103 
1.01807 0.175064 0.0109821 1.85195 
1.01737 0.172838 0.0204346 1.85572 
1.01766 0.163981 0.0161859 1.85342 
1.01827 0.168559 0.0139388 1.85446 
1.01798 0.168129 0.0126438 1.85273 
1.02359 0.155996 -0.0195579 1.86639 
1.02535 0.148343 -0.0168384 1.87081 
1.02458 0.133608 -0.00138974 1.86979 
1.01915 0.152214 0.0125642 1.85596 
1.02187 0.166762 -0.00427454 1.8615 
1.02286 0.156617 -0.00229511 1.86406 
1.01906 0.170891 0.00477485 1.85436 
1.0206 0.163942 0.0043378 1.85831 
1.01946 0.166208 0.00763001 1.85556 
1.02773 0.128849 0.067577 1.88923 
1.02024 0.180375 0.0862248 1.88104 
1.01607 0.139764 0.0298619 1.85236 
1.01904 0.165745 0.010665 1.85498 
1.02394 0.123844 0.0103252 1.86985 
1.01533 0.157199 0.0194402 1.84802 
1.01952 0.158441 0.0098634 1.8564 
1.01852 0.16973 0.0115532 1.85328 
1.0164 0.168044 0.0165914 1.85096 
1.00819 0.172383 0.0302228 1.83514 
0.972653 0.242412 0.0487386 1.77157 
0.987427 0.218421 0.0671563 1.80355 
0.996646 0.217554 0.0388951 1.81978 
0.990409 0.223997 0.00736181 1.80212 
0.992892 0.20323 0.00761457 1.80423 
1.00583 0.181873 0.0364167 1.83326 
1.0187 0.143795 0.0516986 1.86382 
0.99628 0.207702 0.0530555 1.81943 
0.964329 0.266527 -0.0137868 1.75164 
0.984438 0.234775 0.0229234 1.79199 
0.937116 0.259802 -0.0511944 1.68633 
0.948429 0.266267 -0.00865274 1.71587 
0.948554 0.267243 -0.0352093 1.71579 
0.976722 0.248907 0.0123714 1.77635 
0.971837 0.260596 0.00683987 1.76934 
0.9647 0.266392 -0.0371145 1.75021 
0.97795 0.247638 -0.0255639 1.77151 
0.979588 0.247731 -0.0199451 1.77617 
0.977135 0.256209 -0.0254803 1.77103 
0.967158 0.259238 0.0195416 1.7604 
0.981454 0.242233 -0.00831891 1.7816 
0.981224 0.242559 -0.0172265 1.77972 
0.972032 0.205043 -0.0186054 1.75143 
0.981707 0.232158 -0.0253026 1.77863 
0.977189 0.234986 -0.0344129 1.76757 
1.00738 0.176036 0.0527034 1.8398 
1.00241 0.19905 0.0294564 1.8284 
0.988169 0.230257 -0.00438234 1.79624 
0.981693 0.225785 -0.0219248 1.77808 
0.979564 0.219613 -0.0287019 1.7719 
1.01158 0.181382 0.00442806 1.84028 
1.01183 0.183193 0.00482772 1.84091 
1.01219 0.182124 0.00436039 1.84182 
1.01164 0.182782 0.00602643 1.84041 
1.01272 0.187424 0.0112073 1.84275 
1.01234 0.180844 0.00700057 1.84203 
1.01265 0.179051 0.00695077 1.84266 
1.01177 0.18652 0.00692537 1.84072 
1.01199 0.186044 0.0069796 1.84128 
0.999975 0.247609 0.0348056 1.81691 
0.968669 0.247655 0.0664187 1.75565 
0.970577 0.234828 0.0574014 1.75726 
0.981192 0.246877 0.080217 1.78683 
0.983732 0.266526 0.103561 1.79753 
0.974205 0.262825 0.0905315 1.77382 
0.971335 0.258008 0.0841265 1.76529 
0.980993 0.265867 0.10241 1.79155 
0.979834 0.264264 0.108794 1.78948 
0.970444 0.262981 0.100082 1.76586 
1.00659 0.227403 0.109706 1.84006 
0.999837 0.24776 0.0347252 1.81662 
0.999954 0.247652 0.0348748 1.81689 
1.00106 0.245878 0.0342253 1.81921 
1.00019 0.247092 0.0353368 1.81738 
1.00046 0.246691 0.0348573 1.81793 
0.999886 0.247741 0.0349566 1.81676 
1.00035 0.247292 0.034291 1.81777 
1.00018 0.247275 0.0348687 1.81736 
1.00016 0.247332 0.0347669 1.8173 
0.999182 0.248241 0.0339 1.81518 
0.999973 0.247597 0.034855 1.81691 
1.00018 0.247447 0.0345923 1.81737 
1.00012 0.247434 0.0348085 1.81723 
1.00008 0.247479 0.0347675 1.81713 
0.997338 0.259408 0.0780088 1.81846 
0.992606 0.270637 0.082341 1.81146 
0.999246 0.252304 0.0707004 1.81995 
0.99618 0.260779 0.0934946 1.8194 
0.999459 0.251468 0.0850111 1.82263 
1.00126 0.246452 0.0891964 1.82658 
0.99118 0.270668 0.0950137 1.81114 
0.99532 0.2597 0.0470619 1.80995 
0.998827 0.253463 0.0549472 1.81734 
0.992677 0.268011 0.056863 1.80705 
0.991674 0.274221 0.0536248 1.80641 
0.992215 0.268762 0.044026 1.80513 
0.989365 0.27432 0.045314 1.8002 
0.989145 0.279258 0.0575222 1.80237 
0.969526 0.310562 0.0329437 1.76745 
0.969469 0.306399 0.0212527 1.76511 
0.977449 0.300318 0.0382813 1.78132 
0.971666 0.305057 0.0254337 1.7695 
0.975408 0.300248 0.0259294 1.77614 
0.981329 0.290367 0.0407069 1.78658 
0.974805 0.30532 0.0459716 1.77795 
0.974358 0.304723 0.0383795 1.77605 
0.984637 0.29223 0.0637699 1.79758 
0.977791 0.302166 0.0635342 1.78586 
0.984199 0.291064 0.0559048 1.795 
0.995563 0.253485 0.0277708 1.80811 
0.993602 0.264665 0.0961826 1.81513 
0.992025 0.275777 0.064378 1.8089 
0.994085 0.268576 0.0647632 1.81152 
1.00799 0.237336 0.0192373 1.83474 
1.01006 0.229999 0.0204919 1.8383 
1.00752 0.234426 0.0243744 1.83275 
1.0018 0.247411 0.0316071 1.82147 
1.00282 0.243348 0.032039 1.82299 
1.00443 0.239491 0.030743 1.82612 
1.00333 0.24156 0.0351537 1.82393 
1.00218 0.242739 0.0382921 1.82148 
1.00164 0.244449 0.036158 1.82041 
1.00109 0.245401 0.0357153 1.81924 
1.00033 0.246819 0.0359114 1.81772 
0.999863 0.247771 0.0350929 1.81673 
0.999476 0.248314 0.0347552 1.81593 
0.999991 0.247544 0.0349676 1.81696 
0.999255 0.248702 0.0348983 1.81553 
1.00017 0.247541 0.034577 1.81737 
1.00021 0.247631 0.0345077 1.8175 
1.00054 0.246974 0.0341896 1.81816 
1.00131 0.246148 0.03316 1.81989 
1.00024 0.247332 0.0345565 1.81752 
0.999877 0.247887 0.0361795 1.8169 
1.00144 0.245093 0.0343882 1.81998 
1.00352 0.245092 0.0286241 1.82518 
1.004 0.241724 0.0301956 1.82553 
1.00302 0.244916 0.0305271 1.82384 
0.998716 0.243367 0.110492 1.82471 
0.999141 0.235151 0.125141 1.82843 
0.99391 0.262392 0.102059 1.81672 
0.994528 0.257665 0.112052 1.8196 
0.990737 0.264165 0.107368 1.81157 
0.996979 0.251157 0.105535 1.82135 
0.989593 0.270527 0.0984519 1.80856 
0.990581 0.275488 0.0910551 1.81036 
0.99535 0.262927 0.0867753 1.81644 
1.00727 0.241466 0.0191123 1.834 
1.00911 0.239346 0.0122663 1.8386 
1.00967 0.234828 0.0130042 1.8388 
1.01196 0.213128 0.0170614 1.84121 
1.01261 0.216829 0.013486 1.84321 
1.01153 0.226819 0.0152277 1.84168 
1.0126 0.224096 0.00386834 1.84483 
1.01169 0.226176 0.0122166 1.84222 
1.01144 0.230083 0.0100211 1.84246 
1.01329 0.214454 0.00806435 1.84489 
1.01231 0.219976 0.00508791 1.84333 
1.01272 0.222667 -0.000631398 1.84521 
1.0148 0.216398 -0.00203305 1.84937 
1.01485 0.20021 0.00639548 1.84727 
1.01419 0.211472 0.00574941 1.84682 
1.01568 0.207309 0.00173035 1.85012 
1.0097 0.226513 0.0288821 1.83663 
1.00835 0.228822 0.053288 1.8349 
1.00907 0.226031 0.04551 1.83557 
1.00632 0.234034 0.0424105 1.83007 
1.00878 0.227656 0.0394867 1.83483 
1.01072 0.218708 0.0547312 1.83923 
1.0126 0.213466 0.0408974 1.84244 
1.01288 0.213269 0.0366314 1.84332 
1.01242 0.213732 0.0340118 1.84236 
1.00508 0.205123 0.0404959 1.83148 
1.01326 0.210421 0.0354951 1.84517 
1.00889 0.197218 0.0484837 1.83511 
1.01976 0.180964 0.0302398 1.8601 
1.00367 0.237322 0.0609009 1.82587 
1.01253 0.213921 0.035421 1.84265 
1.01199 0.214581 0.0389072 1.84102 
1.01195 0.217347 0.0387863 1.84112 
1.01051 0.220283 0.0475908 1.83834 
1.01315 0.213403 0.0479535 1.84406 
1.01101 0.216821 0.0504774 1.8393 
1.01383 0.208554 0.0477202 1.84536 
1.0141 0.20808 0.0381583 1.846 
1.01783 0.184751 0.0782916 1.85681 
1.01626 0.194769 0.0713199 1.85253 
1.01759 0.189544 0.0559818 1.85413 
1.01649 0.192407 0.0432133 1.8512 
1.02133 0.172855 0.0718414 1.86444 
1.02122 0.169879 0.0485248 1.86271 
1.03108 0.137787 0.0289382 1.88751 
1.01783 0.180476 0.03984 1.85437 
1.01637 0.204207 0.0401504 1.85138 
1.01403 0.207071 0.0435844 1.84557 
1.01403 0.210145 0.0403884 1.84576 
1.01216 0.210696 0.0365171 1.84255 
1.01144 0.207979 0.0403439 1.84155 
1.0103 0.20462 0.0425527 1.83844 
1.00722 0.195138 0.0538762 1.83205 
1.01049 0.206695 0.0375882 1.84106 
1.01307 0.208649 0.0351233 1.84535 
1.01392 0.208259 0.0360635 1.84587 
1.016 0.198942 0.0394413 1.85036 
1.01343 0.21072 0.0356981 1.84488 
1.07253 0.102852 0.0389095 1.99615 
1.02068 0.167577 0.0200719 1.86301 
1.02121 0.181993 0.00932137 1.86802 
1.01124 0.215593 0.0589057 1.84047 
1.01154 0.219151 0.0293853 1.84024 
1.01205 0.21632 0.0342847 1.84136 
1.01142 0.220776 0.0315115 1.84011 
1.01035 0.220729 0.0424477 1.8377 
1.01015 0.2248 0.0347994 1.83757 
1.01032 0.223344 0.0376058 1.83783 
1.00885 0.22738 0.0359291 1.83482 
1.00153 0.237355 0.10777 1.82926 
1.00315 0.224813 0.125067 1.8357 
0.998924 0.243468 0.119003 1.82805 
0.991348 0.266084 0.102467 1.8121 
1.0066 0.213604 0.132316 1.8442 
1.00732 0.195135 0.167547 1.85316 
0.991031 0.233588 0.154595 1.81796 
0.995222 0.227996 0.14214 1.82258 
0.974958 0.263498 0.108494 1.77802 
0.987081 0.260556 0.115666 1.80539 
0.983637 0.255575 0.127256 1.79924 
1.02843 0.145881 0.158568 1.89736 
0.998923 0.21469 0.165504 1.83576 
1.0154 0.178084 0.141201 1.86363 
1.01234 0.201313 0.124241 1.85423 
0.993229 0.236648 0.145152 1.82115 
0.972512 0.259416 0.120194 1.77284 
0.983591 0.260916 0.117671 1.7986 
0.979292 0.255417 0.130474 1.78995 
1.01222 0.215531 0.0869322 1.84706 
1.01423 0.199161 0.0944637 1.85148 
1.00919 0.216569 0.0961049 1.84153 
1.00013 0.247658 0.0346279 1.81732 
1.00005 0.247644 0.0346766 1.81716 
1.00009 0.247674 0.0342189 1.8174 
1.00512 0.236083 0.0411824 1.82746 
1.00284 0.240095 0.0423419 1.82278 
1.00409 0.238349 0.0383849 1.82525 
1.0077 0.231553 0.0364296 1.83274 
1.00239 0.241507 0.0439569 1.82212 
1.01025 0.223404 0.0320876 1.83756 
1.01197 0.217638 0.0368497 1.84119 
1.00024 0.247676 0.0343768 1.81761 
1.00091 0.246876 0.0335001 1.81905 
1.00037 0.246957 0.0346946 1.81775 
1.05461 0.121242 0.145834 1.96036 
1.01112 0.219473 0.0824138 1.84391 
1.00647 0.224008 0.100236 1.8369 
1.00564 0.23227 0.0951612 1.83531 
1.04733 0.104804 0.11667 1.93556 
1.02348 0.139488 0.0717119 1.86949 
1.04833 0.116189 0.0164346 1.93209 
1.07144 0.0982023 0.0936851 1.99675 
1.01507 0.185871 0.12399 1.85925 
1.01345 0.203739 0.0510671 1.84427 
