0.956828 0.203054 -0.0809394 1.71733 
1.0001 0.247489 0.0347368 1.81719 
1.01572 0.226852 -0.0146696 1.85561 
0.991893 0.245788 0.111731 1.81487 
0.993612 0.245671 0.102253 1.81655 
0.990017 0.258488 0.105032 1.81017 
0.992567 0.249371 0.106727 1.81554 
1.0113 0.221489 0.0354391 1.8408 
0.999672 0.248321 0.0353793 1.81641 
1.01608 0.217805 0.0242292 1.86145 
0.97358 0.290784 0.0961765 1.78123 
0.977833 0.290456 0.0942148 1.78899 
0.972805 0.296982 0.0855831 1.77847 
0.974318 0.293381 0.0919888 1.78204 
1.01276 0.232129 -0.00903954 1.8488 
1.00617 0.0900482 0.066483 1.82394 
1.00708 0.0877241 0.0638718 1.82581 
1.00792 0.0915473 0.0637536 1.82823 
1.00724 0.0892994 0.0650018 1.82643 
1.00312 0.245308 0.0268335 1.82453 
1.02778 0.133003 0.0495555 1.87875 
1.02323 0.146393 0.0716968 1.87165 
1.02891 0.120028 0.0596662 1.8834 
1.02739 0.131261 0.0601323 1.8795 
1.00239 0.247391 0.0262369 1.82398 
0.993865 0.25777 0.0311156 1.80548 
1.02914 0.169736 -0.056238 1.88374 
1.00071 0.247467 0.0307324 1.8196 
1.0122 0.207946 0.0381497 1.84355 
1.02213 0.189882 -0.0244608 1.86554 
1.01537 0.22639 -0.018239 1.85536 
1.02913 0.165527 -0.0484074 1.88241 
0.968917 0.253711 0.124737 1.76914 
0.974026 0.23101 0.134799 1.77959 
0.976788 0.245746 0.127349 1.78683 
0.973183 0.243169 0.130035 1.77865 
1.00603 0.135789 0.0543506 1.82524 
1.00925 0.146068 0.052567 1.83378 
1.00506 0.237237 0.0263942 1.82741 
1.0001 0.24768 0.0346986 1.81724 
1.02799 0.170903 -0.0517928 1.8805 
0.990128 0.251096 0.014205 1.79546 
0.938793 0.279427 0.116245 1.71196 
0.950082 0.254582 0.149659 1.73834 
0.961324 0.269271 0.120501 1.76219 
0.94952 0.270644 0.130032 1.73751 
1.00008 0.24749 0.0347718 1.81714 
1.00114 0.245506 0.0328987 1.81932 
0.99282 0.257657 0.025206 1.80308 
1.01335 0.203679 0.0388594 1.84625 
1.01011 0.0690847 0.0633569 1.83451 
1.01083 0.0749919 0.0607103 1.83563 
1.00973 0.0751991 0.0658866 1.83376 
1.01077 0.0731808 0.0634823 1.83603 
0.968417 0.233387 -0.055087 1.74752 
1.01345 0.211704 0.0298009 1.84571 
1.02086 0.179383 0.0157645 1.86049 
1.0203 0.179357 0.0213677 1.85987 
1.0215 0.176711 0.0162245 1.86158 
1.02072 0.178601 0.0177057 1.86023 
1.00878 0.110337 0.0563886 1.8309 
1.00977 0.106792 0.0525928 1.83278 
1.0093 0.119409 0.0535788 1.8325 
1.00937 0.111835 0.0542863 1.83225 
0.962688 0.282047 -0.0280321 1.74903 
0.957158 0.278499 -0.0515734 1.73598 
0.956378 0.28988 -0.0376384 1.73876 
0.959378 0.284501 -0.0388579 1.743 
1.02743 0.22702 -0.0648471 1.89523 
1.01243 0.220512 0.0105765 1.84381 
0.999045 0.122093 0.0751595 1.80978 
1.01194 0.212922 0.0353328 1.84716 
1.00156 0.244431 0.0325512 1.82011 
0.998208 0.251295 0.0378605 1.81396 
0.966775 0.205267 -0.0612505 1.73929 
1.0134 0.200771 0.0098223 1.84618 
1.01121 0.223962 0.0166381 1.84085 
0.99663 0.255158 0.0513187 1.81286 
1.01782 0.114758 -0.0182471 1.85455 
1.01604 0.126732 -0.00596788 1.85009 
1.01705 0.108598 -0.00832803 1.85202 
1.01663 0.116251 -0.0113874 1.85136 
1.01488 0.199537 0.00959751 1.84812 
0.998539 0.245372 0.0316189 1.81361 
1.01351 0.198912 0.0108178 1.84639 
1.01692 0.194672 0.00781151 1.85214 
1.03051 0.160311 -0.0518701 1.88581 
0.985153 0.277398 0.0785318 1.79656 
1.00018 0.247643 0.0339269 1.81758 
1.01477 0.161329 -0.0071409 1.84858 
1.01961 0.155474 -0.0125039 1.86066 
0.999281 0.246798 0.0332572 1.81529 
1.00082 0.245851 0.033799 1.81861 
1.02108 0.181251 0.0166856 1.86182 
1.02251 0.189171 0.0202182 1.86833 
1.01917 0.183447 0.0228094 1.85836 
1.02031 0.184088 0.0187189 1.86112 
1.02022 0.123554 -0.0184996 1.86106 
1.01797 0.139333 -0.0148825 1.85585 
1.01542 0.133358 -0.00852982 1.84892 
1.01662 0.131987 -0.0153321 1.85215 
1.00131 0.246741 0.0264803 1.82172 
1.01351 0.200203 0.0082102 1.8466 
1.00005 0.247639 0.0344889 1.81721 
1.01342 0.226414 -0.0058838 1.84877 
1.02536 0.183793 -0.0288469 1.8731 
1.00011 0.247659 0.0346591 1.81727 
0.98551 0.275701 0.0417443 1.79215 
0.975936 0.254564 -0.0211022 1.7651 
1.00592 0.212215 0.047162 1.8335 
1.00519 0.235207 0.0441683 1.82804 
1.01848 0.187614 0.00452392 1.8548 
1.00815 0.241371 0.0118639 1.83728 
0.999797 0.247715 0.0345391 1.81651 
1.00801 0.20432 0.0475976 1.83516 
1.00594 0.170937 0.0826556 1.83704 
1.00758 0.161209 0.063494 1.83804 
1.00581 0.188229 0.066937 1.8362 
1.0061 0.172607 0.0710396 1.83609 
0.979491 0.211936 -0.0259154 1.7673 
0.98158 0.217625 -0.0297716 1.77278 
0.981473 0.225466 -0.0190476 1.77392 
0.986183 0.216327 -0.0108612 1.7845 
0.983923 0.21865 -0.0193383 1.77888 
1.00037 0.212072 0.0585299 1.82242 
0.992532 0.253416 0.0211188 1.80135 
0.963321 0.271543 -0.0480616 1.74705 
0.966843 0.275313 -0.0268964 1.75556 
0.968293 0.264863 -0.0340731 1.75435 
0.965793 0.271638 -0.0357725 1.75175 
0.991064 0.245631 0.0111879 1.79688 
0.999866 0.247354 0.0345108 1.81673 
0.985032 0.277353 0.0958537 1.80048 
0.985355 0.272218 0.097842 1.79985 
1.01329 0.220974 0.00027708 1.84678 
1.00858 0.157297 0.0529855 1.83291 
1.00068 0.246397 0.0338033 1.81838 
1.04363 0.0817042 -0.0445078 1.91941 
1.03969 0.0954641 -0.0513632 1.90916 
1.03494 0.0936208 -0.0385659 1.8962 
1.03829 0.0895849 -0.0472791 1.90546 
0.942721 0.17775 -0.108901 1.68262 
1.02366 0.172965 -0.00474922 1.86593 
1.02498 0.166464 -0.00417155 1.86853 
1.02518 0.170689 -0.0104596 1.86969 
1.02432 0.169996 -0.00636189 1.86729 
0.995471 0.236067 0.102016 1.8199 
0.994687 0.234948 0.112507 1.82052 
0.997446 0.221493 0.106552 1.82423 
0.995703 0.231268 0.107298 1.82114 
1.01664 0.229403 -0.0344417 1.8623 
1.01453 0.201589 0.00874277 1.84756 
1.01864 0.20447 -0.0195275 1.85885 
0.994986 0.250491 0.0245125 1.80637 
0.972055 0.252566 -0.0317531 1.75744 
0.999642 0.248123 0.0344573 1.81626 
1.02103 0.181048 0.00483974 1.86021 
1.02034 0.180536 0.00318441 1.85842 
1.02075 0.180278 0.0081615 1.85941 
1.01905 0.183057 0.00835047 1.85555 
1.02046 0.179927 0.0102615 1.85868 
1.02035 0.18084 0.00886096 1.85848 
0.962797 0.304967 0.0640197 1.75402 
1.01082 0.233418 0.0028811 1.84288 
1.01613 0.128451 0.00123811 1.85003 
1.0158 0.122473 0.0110137 1.84844 
1.01704 0.11021 -0.000765495 1.85168 
1.01637 0.120858 0.00409803 1.85015 
0.971483 0.190553 -0.015071 1.74402 
0.977764 0.211255 -0.0282089 1.76247 
0.988077 0.207041 -0.00828595 1.78787 
0.981778 0.20314 -0.0227886 1.77137 
1.01268 0.230629 -0.0187287 1.85031 
1.00895 0.191458 0.0468501 1.83557 
0.977166 0.220127 -0.0348879 1.76354 
0.978418 0.235048 -0.0223982 1.76808 
0.976621 0.237458 -0.0291616 1.76399 
0.97627 0.24399 -0.0246941 1.76452 
0.977237 0.238243 -0.02552 1.7657 
0.933436 0.12782 -0.03973 1.65022 
0.979459 0.244258 0.00228492 1.77516 
0.983299 0.241391 0.0234102 1.78591 
0.986185 0.227115 0.00893503 1.78801 
0.983319 0.236816 0.0126476 1.78364 
1.01083 0.0792854 0.0577361 1.83495 
1.01043 0.0825495 0.0563055 1.83368 
1.01049 0.080665 0.0579589 1.834 
1.01089 0.0806431 0.05735 1.83497 
0.9715 0.250975 -0.0396855 1.75695 
1.02445 0.0830801 -0.0231789 1.87069 
1.02148 0.105155 -0.0213334 1.86369 
1.0181 0.0969022 -0.0135592 1.8545 
1.01945 0.0948371 -0.0209092 1.85815 
1.01167 0.225453 0.0652232 1.8455 
0.980703 0.199051 0.143202 1.79259 
0.990154 0.155654 0.146204 1.81071 
0.98549 0.18941 0.137847 1.80155 
0.983499 0.180927 0.143753 1.79694 
1.00045 0.247703 0.032947 1.81837 
0.958341 0.17082 -0.0684929 1.71521 
1.01776 0.193041 -5.95961e-05 1.85385 
0.999661 0.241083 0.0172931 1.81888 
0.99483 0.213062 -0.0176668 1.81212 
0.97137 0.257764 -0.0300044 1.75557 
1.00404 0.244474 0.0243477 1.82678 
1.0126 0.214961 0.0178984 1.84367 
0.999319 0.248715 0.0343013 1.81566 
1.05357 0.0424399 -0.0143842 1.94685 
1.04714 0.064417 -0.0333136 1.929 
1.0395 0.062838 -0.011972 1.90916 
1.04364 0.0548678 -0.0233249 1.92027 
0.999665 0.233016 0.0601688 1.82928 
0.982363 0.26548 0.00279577 1.78157 
0.987321 0.26826 0.0915513 1.80401 
0.988095 0.262011 0.0844524 1.80398 
0.986088 0.268568 0.0829749 1.80072 
0.98693 0.266405 0.0858959 1.80231 
1.016 0.152873 0.0153298 1.85016 
1.01607 0.134294 0.0149698 1.84941 
1.01614 0.13877 0.00572898 1.8503 
1.01584 0.141185 0.0118274 1.84934 
1.01068 0.107979 0.0504515 1.83494 
1.01112 0.117646 0.0472534 1.83634 
1.00982 0.120967 0.0513514 1.83362 
1.01078 0.116054 0.049586 1.83559 
0.995849 0.240134 0.0246703 1.80708 
0.9675 0.254103 -0.0361102 1.74565 
1.00151 0.244051 0.0334722 1.81991 
0.974095 0.298198 0.0664886 1.77721 
1.00019 0.247624 0.0345053 1.81747 
1.00014 0.247433 0.0347084 1.81727 
0.99994 0.247483 0.034486 1.81695 
1.00071 0.247714 0.0320343 1.81928 
0.996045 0.234619 0.0900432 1.81921 
0.999415 0.220415 0.0852313 1.82521 
0.99585 0.230966 0.0766077 1.81685 
0.996436 0.228231 0.0834851 1.81856 
1.01692 0.213827 0.038508 1.85531 
1.01561 0.146514 -0.0123568 1.84998 
1.01573 0.156657 -0.00234608 1.85056 
1.01521 0.142313 -0.00365213 1.84858 
1.01469 0.147771 -0.00590255 1.84756 
0.997453 0.110569 0.0798713 1.80542 
1.00007 0.247454 0.0351492 1.81712 
1.02027 0.0724836 -0.0199684 1.85973 
1.01777 0.0885949 -0.00886509 1.85331 
1.01777 0.0683841 -0.0059298 1.85298 
1.01896 0.0754906 -0.0126036 1.85623 
1.01444 0.205684 0.00659034 1.8477 
1.00062 0.246215 0.0347918 1.81819 
1.03105 0.13067 -0.0312187 1.88397 
1.03024 0.136967 -0.0364979 1.88241 
1.02988 0.139593 -0.028458 1.88073 
1.03046 0.13572 -0.0324384 1.88254 
1.03148 0.134798 -0.0582901 1.88809 
1.03079 0.139504 -0.0582772 1.88623 
1.02995 0.138104 -0.0553689 1.8839 
1.03045 0.137272 -0.0578762 1.88538 
1.00485 0.240049 0.0265053 1.82748 
0.999786 0.247661 0.0344447 1.81648 
0.999449 0.248436 0.0342342 1.81589 
0.988921 0.259732 0.0870391 1.80554 
0.98758 0.265825 0.0928151 1.80386 
0.98972 0.260276 0.0926273 1.8077 
0.988859 0.261949 0.0908958 1.80597 
0.976376 0.186379 -0.0236603 1.75848 
0.984598 0.277871 0.0340969 1.79051 
0.960551 0.158674 -0.0666814 1.71958 
1.02448 0.166957 -0.000508842 1.86724 
1.02332 0.172809 -0.0016504 1.86498 
1.02342 0.170529 0.00384577 1.86495 
1.02387 0.169839 0.000556421 1.866 
1.03228 0.10957 0.0218233 1.88785 
1.0298 0.124099 0.038161 1.88242 
1.03149 0.109305 0.0434375 1.88802 
1.0311 0.114632 0.0349542 1.88572 
1.01309 0.200655 0.0108644 1.84532 
1.00026 0.247256 0.0345289 1.81754 
1.03112 0.153712 -0.0573298 1.88735 
1.0208 0.176314 0.0239602 1.86084 
1.02276 0.169142 0.0207517 1.86426 
1.02187 0.174546 0.0169827 1.86228 
1.02179 0.173249 0.0205362 1.86234 
0.977232 0.258554 -0.0160973 1.76873 
1.01447 0.164236 0.0300754 1.84654 
1.01281 0.165478 0.0248616 1.84234 
1.01056 0.0831985 0.0566882 1.83399 
1.01019 0.0823383 0.0576091 1.83302 
1.01053 0.0811782 0.0577354 1.834 
1.01018 0.0821543 0.0573374 1.83304 
0.999252 0.244329 0.0281072 1.81642 
1.00328 0.159953 0.0647084 1.82165 
0.99135 0.25868 0.0969124 1.80959 
1.01272 0.226708 -0.00151138 1.8466 
1.00113 0.204144 0.0842429 1.82769 
1.00247 0.183443 0.087103 1.82991 
1.0023 0.195544 0.0730103 1.82856 
1.00303 0.194941 0.0808988 1.83131 
1.00128 0.110176 0.105392 1.82422 
1.00435 0.0816767 0.100048 1.82872 
1.00385 0.102503 0.0950316 1.82762 
1.00257 0.0985613 0.100659 1.82543 
1.00755 0.230612 0.0281062 1.83238 
1.00066 0.24662 0.0334415 1.8184 
1.02097 0.202076 -0.0316605 1.86545 
0.96877 0.211884 0.182432 1.78114 
0.994941 0.149055 0.198517 1.83892 
0.989046 0.185268 0.175991 1.82267 
0.982283 0.183899 0.189792 1.81061 
1.03007 0.135233 -0.0158911 1.88034 
1.03075 0.129873 -0.0257575 1.88277 
1.02983 0.13931 -0.0238755 1.88022 
1.03035 0.134863 -0.021417 1.88138 
1.00001 0.247611 0.0347139 1.81706 
0.987923 0.271353 0.0819573 1.8017 
1.0182 0.194352 -0.00360427 1.85519 
0.977643 0.244634 -0.0125634 1.7691 
0.978137 0.236089 -0.0177927 1.76782 
0.976262 0.244998 -0.0222141 1.76488 
0.977163 0.241513 -0.0171815 1.76669 
1.01283 0.201587 0.0310543 1.84396 
0.994125 0.259703 0.0358416 1.80687 
1.01453 0.172714 0.0231225 1.84698 
1.01338 0.214834 0.0368481 1.84689 
0.973539 0.297139 0.081194 1.77852 
0.976297 0.292952 0.0859502 1.78386 
1.0137 0.220557 0.0037816 1.84748 
1.02217 0.173385 0.0142182 1.86258 
1.02289 0.168074 0.0165352 1.864 
1.02285 0.170909 0.0103404 1.86375 
1.02276 0.170932 0.013793 1.86375 
1.02784 0.116241 0.0708474 1.88271 
1.02062 0.147108 0.0834231 1.86761 
1.02039 0.132222 0.0992751 1.87015 
1.02269 0.133354 0.0867174 1.873 
1.01155 0.0742464 0.0580515 1.83715 
1.01166 0.0669565 0.0592796 1.83799 
1.01225 0.0711231 0.0529016 1.83865 
1.01168 0.0707923 0.0567294 1.83753 
1.01466 0.206588 0.00799466 1.84847 
1.01276 0.220063 0.0454715 1.8451 
1.00005 0.247568 0.0359742 1.81717 
1.00439 0.0757771 0.0941496 1.82701 
1.00601 0.0792188 0.0852085 1.8289 
1.00382 0.0939726 0.0911767 1.82585 
1.00576 0.0829091 0.0903789 1.8298 
0.974846 0.255598 -0.0244227 1.76304 
1.01108 0.238453 -0.0117299 1.84851 
1.01944 0.183807 0.00975803 1.85665 
1.01968 0.181535 0.0123526 1.85693 
1.02063 0.180418 0.0111352 1.85916 
1.01999 0.181644 0.0112102 1.85773 
1.02919 0.164939 -0.0426322 1.88181 
1.02558 0.167739 -0.0122729 1.87052 
1.02554 0.163237 -0.00544039 1.86968 
1.02659 0.15872 -0.0107448 1.87216 
1.02586 0.162825 -0.00918544 1.87061 
1.01601 0.0956899 0.0198226 1.84784 
1.01585 0.114113 0.0199988 1.84792 
1.01473 0.104155 0.0283119 1.84459 
1.01498 0.104066 0.0230419 1.8453 
0.990938 0.266597 0.0887387 1.80878 
1.00811 0.0909937 0.062034 1.82852 
1.00807 0.086782 0.0626712 1.82814 
1.00897 0.0875421 0.0602895 1.83029 
1.0086 0.088348 0.0616062 1.82953 
0.999636 0.247884 0.0411639 1.81675 
0.999802 0.247595 0.0344551 1.8165 
0.999427 0.246954 0.0335535 1.81562 
1.02024 0.180057 0.0126252 1.85818 
1.02113 0.17899 0.0134825 1.86053 
1.02087 0.179309 0.0121874 1.85969 
1.02075 0.179317 0.0128092 1.85943 
1.02712 0.187021 -0.0702205 1.88251 
0.999139 0.166328 0.0753046 1.81425 
0.999311 0.123816 0.0812315 1.81154 
1.01524 0.114015 0.0141844 1.84658 
1.01586 0.0947571 0.0139561 1.84765 
1.01668 0.102051 0.00294593 1.85034 
1.01652 0.103264 0.00970097 1.84967 
1.02782 0.177454 -0.0504539 1.88077 
1.00061 0.245568 0.0369884 1.81815 
1.00026 0.247387 0.0343488 1.81756 
0.986643 0.178439 0.13457 1.80206 
0.984866 0.140075 0.14178 1.79479 
0.989754 0.150039 0.132506 1.80583 
0.988979 0.156688 0.136294 1.80568 
1.0001 0.247693 0.0346651 1.81727 
1.00004 0.247511 0.0357122 1.81709 
1.00005 0.247515 0.0350666 1.81709 
1.01376 0.200216 0.0108705 1.84573 
1.02432 0.19559 -0.0703154 1.87727 
1.012 0.0616903 0.0561425 1.83889 
1.01386 0.057311 0.0435752 1.843 
1.01282 0.0678508 0.0495529 1.84007 
1.01271 0.0621682 0.0502513 1.84017 
0.931552 0.301861 0.0126465 1.69004 
0.930757 0.301538 0.0322937 1.68944 
0.943146 0.305558 0.0206517 1.71863 
0.934754 0.303069 0.0207578 1.69859 
0.999715 0.246239 0.0314469 1.8171 
1.00955 0.238844 -0.00193552 1.84205 
1.0151 0.184825 0.00165839 1.85046 
1.0164 0.197218 0.00765808 1.8513 
1.00461 0.24184 0.0237868 1.82746 
1.00017 0.247468 0.0346547 1.81735 
1.01441 0.202846 0.00939013 1.84762 
0.957573 0.178766 -0.0865763 1.71637 
1.00609 0.162813 0.0585855 1.82781 
0.979467 0.249941 0.0245039 1.77922 
0.976409 0.251185 0.00377623 1.77009 
0.974308 0.262662 0.0152756 1.77016 
0.977902 0.255469 0.0157602 1.7763 
0.999191 0.249351 0.035137 1.81556 
1.01073 0.175375 0.0386702 1.83793 
0.93821 0.2665 -0.0913026 1.69201 
1.02826 0.178005 -0.0658117 1.88349 
0.999059 0.249576 0.0390769 1.81559 
0.965934 0.178429 0.110468 1.74249 
1.00005 0.247651 0.0347388 1.81714 
1.01424 0.206273 0.00457372 1.84709 
1.02448 0.16137 0.0246092 1.86822 
1.02421 0.160612 0.0369425 1.86906 
1.02631 0.152553 0.0272474 1.87251 
1.02466 0.157814 0.0289468 1.86889 
1.01821 0.189607 0.00648515 1.85447 
1.00596 0.0916872 0.068122 1.82369 
1.0072 0.0940865 0.0645508 1.82668 
1.00537 0.0971185 0.0683018 1.82271 
1.00645 0.0940968 0.0668737 1.82502 
0.978937 0.197319 -0.0163719 1.7648 
1.00292 0.117202 0.0763207 1.82302 
1.00355 0.108395 0.0849115 1.82517 
1.00395 0.101184 0.0811779 1.82427 
1.00438 0.107952 0.0813311 1.82637 
1.00401 0.236205 0.0391464 1.82487 
1.01212 0.185032 0.0363221 1.84172 
0.99982 0.247667 0.0346117 1.81655 
0.99955 0.246704 0.0336985 1.81605 
1.02913 0.154176 -0.0520864 1.8819 
1.00003 0.247532 0.0352353 1.81705 
0.99879 0.245742 0.0324662 1.81415 
1.0002 0.247615 0.0334015 1.81779 
1.00476 0.120412 0.0865047 1.82995 
1.00726 0.136227 0.0737069 1.83591 
1.00512 0.153589 0.0863401 1.83416 
1.00481 0.138023 0.0817838 1.83113 
1.00005 0.247663 0.0345956 1.81719 
1.01165 0.232755 -0.0380004 1.85367 
1.01394 0.217309 0.00929186 1.84739 
1.01107 0.192428 0.0617264 1.84554 
1.01732 0.171844 0.0722442 1.85936 
1.01973 0.170288 0.0533985 1.86164 
1.01735 0.17706 0.0641657 1.85865 
1.0086 0.0739826 0.0749477 1.83281 
1.01012 0.0678976 0.067341 1.83528 
1.00972 0.0752834 0.0690729 1.83438 
1.00896 0.0723154 0.0705334 1.8328 
0.999745 0.2479 0.0344879 1.81644 
1.00021 0.24741 0.0346039 1.81743 
1.00069 0.247671 0.0322601 1.81902 
1.00066 0.247408 0.0329707 1.81871 
1.01356 0.204275 0.017505 1.84591 
1.00757 0.234281 -0.0234059 1.84343 
1.01226 0.223153 0.00952597 1.84375 
0.997309 0.242327 0.0287462 1.81076 
1.01119 0.226661 0.0158817 1.84118 
0.999317 0.246525 0.0332915 1.81541 
0.985746 0.211806 -0.000426717 1.7826 
1.00989 0.228581 0.0236182 1.83792 
0.973395 0.259187 -0.0254354 1.76051 
1.04067 0.0742579 -0.0377507 1.91177 
1.03598 0.0905339 -0.0293181 1.89862 
1.03775 0.0759619 -0.0156033 1.90377 
1.0374 0.0794907 -0.0280956 1.90285 
1.01138 0.223635 0.0196809 1.84111 
1.00078 0.129291 0.0727385 1.81425 
1.01196 0.156582 0.042905 1.84029 
1.011 0.157805 0.0381602 1.83757 
1.03359 0.122818 -0.0583 1.89353 
1.03226 0.129359 -0.0582721 1.89012 
1.03137 0.126946 -0.0542713 1.88746 
1.03198 0.126242 -0.0576916 1.88936 
1.02231 0.204643 -0.0686409 1.87433 
1.0078 0.230812 0.0324687 1.83305 
1.00033 0.247561 0.0337741 1.81787 
1.02376 0.19862 -0.0383991 1.87255 
1.01362 0.207521 0.0289772 1.84602 
0.935143 0.235969 -0.107896 1.67724 
0.997208 0.251247 0.0301565 1.81151 
1.02326 0.168506 0.00921827 1.86448 
1.02417 0.164763 0.0148737 1.86674 
1.02436 0.163216 0.00956623 1.86675 
1.02373 0.165405 0.0109763 1.86545 
1.01623 0.190014 0.010096 1.84966 
0.987715 0.268455 0.104432 1.80662 
0.983881 0.278167 0.100772 1.79977 
0.985994 0.269302 0.109557 1.80515 
0.985853 0.272164 0.105217 1.80373 
1.01569 0.136983 0.0202549 1.84831 
1.01622 0.155432 0.0198107 1.85053 
1.01452 0.152192 0.0279127 1.84595 
1.01512 0.148649 0.0228904 1.84731 
1.01714 0.193398 0.00597873 1.85243 
1.01561 0.183099 0.0253368 1.85017 
0.979788 0.186044 -0.0125602 1.76756 
1.01112 0.0935412 0.0520619 1.83553 
1.01068 0.0869257 0.0544246 1.83429 
1.01163 0.0862014 0.0523482 1.83662 
1.011 0.0884405 0.053023 1.8351 
1.02375 0.216304 -0.073468 1.883 
0.999535 0.247672 0.0522679 1.81793 
0.979324 0.270293 -0.000235115 1.77606 
1.0132 0.199145 0.00804202 1.84583 
1.0233 0.200866 -0.0679222 1.87568 
1.0002 0.247151 0.036279 1.81745 
1.01772 0.187956 0.00938672 1.853 
0.999678 0.247461 0.0341659 1.81621 
0.996177 0.131329 0.0847208 1.80496 
1.02428 0.156043 0.0414792 1.86951 
1.02685 0.141903 0.0391578 1.87498 
1.02607 0.147842 0.0296302 1.87193 
1.02658 0.148286 0.0374725 1.87426 
0.97554 0.252321 -0.0257394 1.76472 
0.975715 0.25149 -0.0249721 1.76469 
1.01272 0.213071 0.0326958 1.84412 
0.999824 0.247339 0.0345535 1.81652 
1.01055 0.225661 0.0231348 1.83917 
1.01382 0.202319 0.0101929 1.84629 
1.01787 0.0909452 -0.00116086 1.8533 
1.01698 0.0845058 0.0109847 1.85048 
1.01816 0.0719381 0.00177781 1.85379 
1.01725 0.0826469 0.00422666 1.85141 
1.00023 0.247209 0.0347883 1.81745 
1.00477 0.197003 0.0601079 1.8294 
0.997704 0.158073 0.171593 1.83805 
1.00339 0.116129 0.191327 1.85406 
1.01071 0.101968 0.16196 1.86247 
1.00564 0.123978 0.17741 1.85592 
0.958009 0.305651 0.0313026 1.73942 
1.00617 0.24297 0.0165196 1.83234 
0.973368 0.289418 0.0160803 1.76808 
0.972751 0.300551 0.0577955 1.77392 
1.00022 0.247176 0.0351048 1.81742 
1.00021 0.247558 0.0344633 1.81748 
1.00948 0.229597 0.0192095 1.8372 
0.957105 0.210728 0.109458 1.72758 
0.978687 0.278446 0.0141569 1.77652 
1.0173 0.212102 -0.0198394 1.85692 
1.02062 0.198366 -0.0258086 1.86328 
1.01766 0.183607 0.0120648 1.85217 
1.01886 0.185538 0.0104239 1.85547 
0.988993 0.270108 0.0448852 1.79865 
0.999797 0.248119 0.0353256 1.81665 
0.976239 0.27038 0.11525 1.78699 
0.969917 0.263071 0.119397 1.77225 
0.977086 0.25597 0.123107 1.78811 
0.974455 0.263413 0.119339 1.78271 
1.00031 0.247463 0.0339937 1.81775 
0.980616 0.287053 0.063998 1.78733 
1.01989 0.18433 0.00571917 1.85781 
1.02103 0.182111 0.00590472 1.86037 
1.03124 0.0701746 0.0912604 1.89719 
1.02081 0.112083 0.114865 1.87483 
1.02162 0.0866835 0.129374 1.88071 
1.02473 0.0899471 0.114581 1.88481 
1.01913 0.202328 -0.013562 1.85923 
1.01347 0.20177 0.0191385 1.84562 
1.01717 0.0205199 0.022658 1.85275 
1.0147 0.0420702 0.035529 1.84577 
1.01146 0.0301955 0.0506504 1.83926 
1.01522 0.03018 0.0370815 1.84789 
1.01179 0.125334 0.0463407 1.83838 
1.0112 0.140353 0.0484245 1.83797 
1.00955 0.128712 0.0509458 1.8333 
1.01078 0.130818 0.048687 1.83631 
0.966032 0.303636 0.0704024 1.76224 
1.02261 0.213233 -0.0649378 1.87695 
1.0276 0.170969 -0.0383812 1.87799 
1.00283 0.198798 0.0960582 1.83344 
1.01311 0.176291 0.0835822 1.85184 
1.0051 0.19943 0.0719888 1.83406 
1.00728 0.192519 0.0850966 1.84061 
0.979441 0.228267 -0.0242752 1.76926 
0.979277 0.221503 -0.0332587 1.76759 
0.977647 0.232328 -0.0318795 1.76553 
0.978649 0.227805 -0.0297664 1.76716 
1.02016 0.213752 -0.0403533 1.86707 
1.00019 0.24765 0.0345733 1.81746 
0.991877 0.241135 0.0143275 1.79785 
1.00767 0.0792268 0.0762508 1.83076 
1.0087 0.078668 0.0701981 1.83203 
1.00819 0.0846906 0.0724135 1.83152 
1.00841 0.0809361 0.0729136 1.83199 
0.970538 0.250439 -0.0367389 1.75216 
1.00566 0.10379 0.0756077 1.82765 
1.00182 0.110642 0.077657 1.81935 
1.00434 0.101055 0.0793746 1.82472 
1.00351 0.105904 0.0780087 1.82292 
0.948456 0.167959 -0.097531 1.69364 
0.991067 0.259267 0.101818 1.81192 
0.993083 0.248845 0.0978677 1.81482 
0.991302 0.257136 0.0964282 1.81126 
0.991606 0.255152 0.0989288 1.81211 
1.02471 0.164273 0.00177037 1.86756 
1.02326 0.168156 0.00598269 1.86434 
1.02437 0.163065 0.00662683 1.86666 
1.02419 0.165165 0.00499213 1.86636 
1.02563 0.187618 -0.045275 1.87613 
1.0098 0.0916786 0.065539 1.83512 
1.00882 0.0977267 0.0699948 1.83406 
1.008 0.0912676 0.0695332 1.83114 
1.00827 0.0936021 0.0678745 1.83185 
1.04626 0.033387 0.00412615 1.92878 
1.03949 0.0608412 0.0066751 1.90968 
1.03933 0.0489163 0.0413913 1.9124 
1.04131 0.0455089 0.0152686 1.91582 
0.987103 0.233609 0.0355598 1.79433 
0.99673 0.21299 0.0459366 1.81364 
0.990552 0.217875 0.0183873 1.79755 
0.991593 0.222439 0.0328531 1.8023 
1.00105 0.245874 0.0324253 1.81921 
1.00014 0.24732 0.0349745 1.81726 
1.0267 0.161145 -0.0215102 1.87323 
1.025 0.166803 -0.0159415 1.86917 
1.02659 0.157844 -0.0147923 1.87228 
1.02616 0.161584 -0.0176426 1.87164 
1 0.247586 0.0348486 1.81697 
1.03081 0.166716 -0.0624042 1.88818 
1.00019 0.247139 0.0352552 1.81735 
1.01395 0.217207 0.0409635 1.84766 
1.00031 0.247285 0.0340416 1.81769 
0.986154 0.270509 0.0965323 1.80071 
0.988366 0.269615 0.0934303 1.80498 
0.970085 0.241914 -0.0440153 1.75156 
1.00004 0.247526 0.0349179 1.81706 
1.01353 0.197152 0.00694183 1.84674 
1.01201 0.221106 0.0200639 1.84245 
1.01351 0.204019 0.0100554 1.84592 
1.01382 0.0958837 0.035338 1.84206 
1.013 0.0891301 0.0413985 1.83989 
1.01424 0.0840453 0.0363661 1.84295 
1.01339 0.0890917 0.0379001 1.84085 
1.02059 0.217399 -0.0589217 1.8722 
0.978135 0.250504 -0.0243583 1.76994 
1.00994 0.237472 -0.0150724 1.84663 
1.0001 0.247253 0.0355982 1.81718 
0.999275 0.249777 0.0364093 1.81596 
0.968685 0.2984 0.0200161 1.76073 
1.01352 0.20402 0.010218 1.84612 
0.99784 0.218334 0.0587083 1.81926 
0.986991 0.239617 0.0470963 1.79705 
0.989174 0.239331 0.0690496 1.80534 
0.991011 0.232426 0.0599198 1.80636 
1.00012 0.247653 0.0341777 1.81742 
0.969648 0.254377 0.130585 1.77921 
0.962025 0.239129 0.162493 1.766 
0.982092 0.212733 0.15916 1.80595 
0.972688 0.236167 0.152533 1.78753 
1.02421 0.190235 -0.0397871 1.87237 
1.02108 0.189216 -0.0173877 1.86228 
1.01366 0.205931 0.0135208 1.84647 
0.989981 0.249779 0.114127 1.81179 
0.988563 0.261659 0.106705 1.80783 
0.98634 0.262248 0.112337 1.80502 
0.988627 0.258563 0.11158 1.80919 
0.974773 0.224474 -0.0374211 1.75706 
0.973395 0.233289 -0.0408581 1.75545 
0.976272 0.233312 -0.0358871 1.7624 
0.975983 0.23061 -0.0390686 1.76125 
1.01006 0.20899 0.0420071 1.83936 
1.016 0.17189 0.0175117 1.8509 
1.02983 0.142318 -0.0515053 1.88324 
1.02985 0.147871 -0.0524088 1.88351 
1.02975 0.14697 -0.0477777 1.88275 
1.02965 0.145561 -0.0507095 1.88275 
0.999924 0.247745 0.0349095 1.81683 
1.00013 0.247325 0.0354153 1.81726 
1.01212 0.0894622 0.0473659 1.83776 
1.0108 0.0941878 0.0503499 1.83466 
1.01142 0.0864472 0.0507265 1.83606 
1.01183 0.0898666 0.0493633 1.83709 
0.939001 0.204716 -0.113869 1.67958 
1.03015 0.151598 -0.0472195 1.88395 
1.02877 0.152012 -0.0503347 1.88079 
0.956794 0.298571 0.00390103 1.73296 
1.0005 0.244917 0.098719 1.82848 
1.01003 0.0779025 0.06542 1.83442 
1.01103 0.0772764 0.0610689 1.8361 
1.01011 0.0804494 0.0630094 1.83419 
1.01022 0.0785531 0.0632998 1.83445 
0.999992 0.247622 0.0350426 1.81697 
1.01203 0.211965 0.0353405 1.84283 
1.03129 0.125168 -0.0234407 1.8841 
1.0302 0.131197 -0.0128442 1.88057 
1.03082 0.122097 -0.0132948 1.88249 
1.03101 0.125807 -0.0166576 1.88297 
0.978542 0.285474 0.0965606 1.78836 
0.979048 0.286693 0.104031 1.79074 
0.983204 0.284607 0.101078 1.7999 
0.980575 0.28644 0.100144 1.79397 
0.965112 0.26765 -0.0298971 1.74336 
1.00023 0.247565 0.0341979 1.81757 
1.00092 0.247311 0.0319746 1.81938 
1.01363 0.209855 0.0143356 1.84634 
0.955454 0.190437 -0.0886974 1.7131 
1.01297 0.215134 0.0353561 1.84541 
0.991017 0.250583 0.0821935 1.80861 
0.993733 0.241373 0.0885823 1.81422 
0.993218 0.238628 0.0760296 1.81149 
0.992218 0.243508 0.0823151 1.81029 
1.00022 0.247286 0.034622 1.81743 
1.0071 0.239912 0.0368875 1.84759 
1.01318 0.205398 0.0109669 1.84532 
1.01396 0.186721 0.03011 1.84611 
1.0007 0.245816 0.0343698 1.81831 
1.01121 0.23289 0.00596497 1.84326 
1.01504 0.0875436 0.0239114 1.84513 
1.0137 0.09607 0.0310577 1.84175 
1.01396 0.0828203 0.0323996 1.84223 
1.01501 0.088762 0.028649 1.84497 
0.999956 0.247649 0.0348523 1.81688 
1.01463 0.0495026 0.0444075 1.84556 
1.01185 0.0564561 0.0587096 1.83919 
1.01254 0.0414774 0.0570363 1.84185 
1.01216 0.0485085 0.0534548 1.83999 
0.999741 0.2474 0.0342976 1.81634 
1.00054 0.246596 0.0341905 1.81807 
0.965328 0.287232 0.0975307 1.76228 
0.96674 0.275997 0.109223 1.76538 
0.969686 0.286063 0.100616 1.77274 
0.966479 0.282766 0.102654 1.765 
1.01522 0.226947 -0.0277962 1.8567 
1.00787 0.0853308 0.061824 1.82748 
1.00867 0.0832926 0.0602368 1.82925 
1.00922 0.0855349 0.0600859 1.83077 
1.00881 0.0844083 0.0608614 1.82972 
0.995439 0.246329 0.0241062 1.80666 
0.984035 0.280279 0.0676584 1.7933 
1.01247 0.216156 0.0327681 1.84351 
1.01312 0.201305 0.00873288 1.84553 
0.999798 0.24799 0.0348457 1.81659 
0.986209 0.218025 -0.00897427 1.78339 
1.03106 0.132183 -0.0577484 1.88698 
1.03032 0.136086 -0.0538469 1.88471 
1.03107 0.130577 -0.0530139 1.88655 
1.03054 0.132952 -0.0548736 1.88538 
0.987795 0.218775 0.00169754 1.78725 
0.965513 0.154095 -0.0531657 1.7308 
1.00142 0.206753 0.0906511 1.82961 
0.999184 0.206504 0.100918 1.82595 
1.00215 0.187618 0.0940299 1.83062 
1.00089 0.201196 0.0958524 1.82878 
1.00053 0.247369 0.0333996 1.81831 
1.00001 0.247581 0.0349129 1.817 
1.02417 0.176834 -0.0258682 1.86893 
1.00549 0.092397 0.0793918 1.82678 
1.00628 0.083219 0.0789824 1.82809 
1.00734 0.0880681 0.0744758 1.83004 
1.00682 0.0880928 0.0778 1.82946 
0.997526 0.213765 0.109185 1.82454 
0.994876 0.226533 0.115823 1.82146 
0.996207 0.201176 0.115012 1.8221 
0.996008 0.214434 0.113519 1.82222 
1.01486 0.202409 0.00726896 1.84834 
1.02439 0.176011 -0.0199859 1.86897 
0.967963 0.270973 0.113267 1.76795 
0.974629 0.276021 0.111231 1.78357 
0.971389 0.282798 0.104417 1.77646 
0.972106 0.277663 0.109013 1.77807 
0.999907 0.247823 0.0352043 1.81683 
0.973037 0.267841 -0.0223217 1.76196 
0.999914 0.247675 0.0347369 1.81678 
1.00525 0.232727 0.0577385 1.8295 
0.999231 0.244444 0.0303224 1.81595 
1.01411 0.208713 0.00847662 1.84733 
0.966993 0.179548 -0.0500606 1.73576 
0.999711 0.24803 0.0346058 1.81639 
1.01454 0.180328 0.00081601 1.84878 
1.00044 0.246906 0.034144 1.81791 
1.01314 0.202922 0.00984093 1.84536 
1.03935 0.0173975 0.105186 1.92284 
1.03442 0.0478094 0.0863498 1.90565 
1.02432 0.0624809 0.13105 1.88813 
1.0333 0.0386199 0.106724 1.90671 
1.02341 0.177309 -0.00711055 1.86594 
1.02252 0.175947 -0.0107498 1.86368 
1.01185 0.200306 0.0353074 1.8419 
1.01658 0.0466965 0.02493 1.85003 
1.01953 0.0265955 0.0106898 1.85799 
1.01696 0.0522763 0.00524717 1.85083 
1.01891 0.0412863 0.0132857 1.85604 
1.01888 0.188142 0.00125251 1.85589 
1.00043 0.246597 0.0345372 1.81781 
0.999769 0.247157 0.0339861 1.81661 
0.997476 0.189352 0.0749574 1.81387 
0.999707 0.247805 0.034293 1.81634 
1.02663 0.196343 -0.0747153 1.88382 
1.00018 0.247276 0.0348623 1.81734 
1.0181 0.221021 -0.0646447 1.86875 
1.0146 0.167946 -0.00302114 1.84822 
1.0215 0.185349 -0.0132097 1.86253 
0.997107 0.114775 0.0831875 1.80538 
0.996396 0.227583 0.00588599 1.81169 
0.961863 0.280103 -0.0198031 1.73908 
1.01295 0.214801 0.0204801 1.8445 
1.0166 0.226511 -0.0489523 1.86398 
0.970686 0.159113 -0.0247446 1.74432 
1.02315 0.166548 0.0250495 1.86546 
1.02018 0.175732 0.0298405 1.85999 
1.02171 0.167608 0.0375001 1.86367 
1.02193 0.17009 0.0314233 1.8637 
1.02142 0.210355 -0.0532361 1.87137 
1.02995 0.210333 -0.0794304 1.89704 
1.00197 0.247796 0.0281004 1.82277 
0.980083 0.281309 0.102083 1.79257 
0.979321 0.276624 0.110107 1.79304 
0.983008 0.271419 0.110849 1.79941 
0.981639 0.276568 0.108681 1.7972 
1.01504 0.165737 0.0918012 1.85724 
1.00502 0.188337 0.108377 1.84002 
1.0142 0.153741 0.111534 1.85911 
1.01155 0.168712 0.104105 1.85204 
0.999191 0.249881 0.0353966 1.81575 
1.01375 0.199118 0.0127021 1.84679 
1.02946 0.127589 0.0300977 1.8805 
1.03154 0.115542 0.0162634 1.88519 
1.02982 0.127375 0.0148311 1.88011 
1.03049 0.12287 0.0206282 1.88242 
1.00032 0.246659 0.0373654 1.81773 
0.999925 0.247821 0.0354823 1.81689 
1.01789 0.217433 -0.0330128 1.86135 
0.999452 0.246002 0.0323594 1.81619 
0.982803 0.282573 0.0816316 1.79351 
1.00017 0.247643 0.0343126 1.81746 
1.03007 0.150953 -0.0561935 1.88441 
1.00282 0.239839 0.0394597 1.82262 
1.0166 0.158515 0.0034383 1.85253 
1.01484 0.156485 0.0122993 1.84751 
1.01548 0.144392 0.00291403 1.84906 
1.0156 0.152514 0.00598747 1.84951 
0.974846 0.252466 -0.0241512 1.76362 
0.975273 0.249908 -0.0160457 1.76464 
0.975705 0.248414 -0.022647 1.7643 
0.976064 0.250397 -0.0213715 1.76605 
0.995477 0.231737 0.0959958 1.81831 
0.998383 0.217848 0.101272 1.82503 
0.998529 0.217224 0.0911004 1.82346 
0.998409 0.221724 0.0966153 1.82451 
1.00052 0.247025 0.0335648 1.81816 
0.999826 0.203109 0.0405758 1.81826 
0.993679 0.187335 0.0135236 1.79859 
0.993156 0.20721 0.00980857 1.80127 
0.997407 0.196922 0.0221721 1.81021 
0.999073 0.175575 0.0790254 1.81637 
1.00304 0.0937099 0.0705317 1.81675 
1.00474 0.0970299 0.070947 1.82139 
1.01117 0.226861 0.0125412 1.84138 
0.971225 0.272359 -0.0187393 1.75877 
0.951844 0.290647 -0.0446076 1.72914 
0.951205 0.280304 -0.0588741 1.72376 
0.947335 0.287972 -0.0580301 1.71901 
0.951631 0.28772 -0.0532499 1.72802 
0.973751 0.251356 -0.0283038 1.76018 
1.00103 0.247684 0.0309531 1.82018 
0.946302 0.170745 -0.107176 1.69002 
1.01 0.195541 0.0428065 1.83766 
1.00611 0.240522 0.0182061 1.83129 
1.02536 0.00710994 0.0758106 1.87886 
1.02932 0.0102557 0.0336268 1.88506 
1.01329 0.0211705 0.059255 1.84528 
1.01588 0.00814835 0.0554159 1.85221 
1.01755 0.174 -0.00274614 1.85608 
0.990108 0.223907 0.0477304 1.79968 
0.987799 0.239302 0.0521448 1.79685 
0.994458 0.233072 0.0590466 1.81261 
0.991904 0.23306 0.0513118 1.80587 
0.971018 0.250285 -0.0344973 1.75314 
1.00293 0.244153 0.0283255 1.82362 
1.02024 0.215692 -0.0670668 1.87223 
1.00005 0.247519 0.0348571 1.81707 
1.01474 0.210585 0.00332331 1.84881 
0.992227 0.115619 0.0874784 1.79389 
1.01775 0.199328 0.0650364 1.85796 
1.013 0.214666 0.0276114 1.84454 
1.00038 0.245389 0.0408603 1.8179 
1.01437 0.19924 0.0108294 1.84696 
1.00031 0.246876 0.0355105 1.8176 
0.999786 0.107855 0.0767788 1.8106 
1.01262 0.21763 0.0172847 1.84384 
0.969949 0.220029 -0.0529529 1.74824 
1.00016 0.247675 0.0344697 1.81743 
0.998696 0.244937 0.0316973 1.81412 
1.01084 0.0834837 0.0552919 1.83468 
1.01149 0.0789622 0.0564234 1.83652 
1.01132 0.0825284 0.0534904 1.83586 
1.01115 0.0817553 0.0548936 1.83549 
0.952926 0.243632 0.102122 1.72438 
1.00505 0.186652 0.0624195 1.82872 
1.02482 0.192456 -0.0688628 1.87768 
1.00061 0.236786 0.0858675 1.82433 
0.977254 0.279747 0.108206 1.78899 
0.977903 0.285247 0.0997821 1.78859 
0.973931 0.286596 0.101146 1.78185 
0.976595 0.284182 0.103786 1.78738 
1.03098 0.0316884 -0.00317845 1.88717 
1.02622 0.0586501 -0.0187262 1.87488 
1.02037 0.0544964 -0.00567875 1.85964 
1.02121 0.0486629 -0.0123444 1.86199 
0.981713 0.134374 0.104031 1.7727 
1.01197 0.219327 0.0237795 1.84213 
0.964316 0.296193 0.0820433 1.75888 
0.967286 0.300193 0.0783644 1.76608 
1.01233 0.113674 0.0454556 1.83909 
1.0121 0.105054 0.0488712 1.83829 
1.01298 0.105277 0.0450379 1.84033 
1.01165 0.107572 0.0464269 1.83712 
1.01347 0.19315 0.0380284 1.84575 
1.05865 0.00831134 0.071128 1.96861 
1.05635 0.021852 0.0198694 1.95682 
1.03954 0.0345843 0.0559545 1.91545 
1.04597 0.0161158 0.0473493 1.93225 
1.02102 0.178878 0.0142195 1.86042 
1.02144 0.17717 0.0139795 1.86117 
1.02108 0.178589 0.0123034 1.86019 
1.02138 0.17811 0.0135426 1.86107 
1.01006 0.233914 0.0126368 1.8399 
1.01523 0.174216 0.00448961 1.84991 
0.999855 0.247363 0.0346681 1.8166 
0.968509 0.283113 -0.0110911 1.75553 
1.0002 0.247529 0.0345433 1.81746 
0.983386 0.260595 -0.00127915 1.78292 
0.997029 0.253632 0.0373707 1.81184 
1.02411 0.192488 -0.0650723 1.87552 
0.985795 0.269755 0.0172012 1.79038 
1.02226 0.15546 0.0673899 1.86894 
1.02679 0.141614 0.0487842 1.87624 
1.02353 0.159212 0.0514382 1.86953 
1.02374 0.15283 0.0560171 1.87033 
1.00025 0.24736 0.0344606 1.81754 
1.00633 0.0997393 0.0729199 1.82846 
1.00539 0.0967362 0.077733 1.82657 
1.00721 0.0919028 0.0729783 1.8298 
1.00617 0.0962124 0.0746696 1.82793 
0.969746 0.279631 -0.0149673 1.75747 
0.995628 0.25518 0.0335493 1.80885 
0.999965 0.247616 0.0348413 1.81689 
1.01558 0.204664 0.0366815 1.85195 
1.01412 0.166364 0.0351715 1.84577 
1.00044 0.247067 0.0339263 1.81794 
0.999623 0.247372 0.0340152 1.81609 
0.995611 0.252059 0.0282832 1.80798 
1.02752 0.172078 -0.0597728 1.88027 
1.01403 0.204716 0.00911578 1.84687 
0.97578 0.257975 -0.00222712 1.77043 
0.970657 0.273021 -0.00827208 1.76381 
0.974229 0.268262 0.00812754 1.77157 
0.97315 0.266754 -0.000422754 1.76765 
1.01342 0.201907 0.00895257 1.84623 
1.00078 0.129097 0.103676 1.82425 
1.00267 0.119093 0.0929817 1.82579 
1.00213 0.151858 0.0945488 1.82793 
1.00244 0.131784 0.0969806 1.82726 
1.01388 0.201342 0.010707 1.84633 
1.00081 0.246545 0.0327934 1.81877 
0.933298 0.11962 -0.0867448 1.65106 
0.999915 0.247457 0.0347482 1.81678 
1.02887 0.141315 -0.00731247 1.87701 
1.02767 0.150012 -0.00893727 1.87428 
1.02749 0.147802 -0.000100798 1.87361 
1.028 0.146101 -0.00514685 1.87487 
0.980984 0.230772 -0.0136026 1.77401 
0.980503 0.240525 -0.00487877 1.77586 
0.9851 0.224666 -0.00159552 1.78392 
0.981616 0.231783 -0.00686748 1.77632 
0.999599 0.248294 0.0346032 1.81621 
1.01389 0.207748 0.0109877 1.84696 
1.02437 0.189273 -0.0641957 1.87545 
1.02427 0.199812 -0.0487685 1.87539 
0.999622 0.248419 0.0381779 1.81655 
0.975835 0.240677 -0.0308453 1.76271 
0.974137 0.247491 -0.0312824 1.76 
0.975762 0.246298 -0.0267278 1.76365 
0.975042 0.244757 -0.0296343 1.76159 
1.03302 0.119195 -0.0574068 1.89202 
1.03195 0.124061 -0.0519702 1.88873 
1.03256 0.116699 -0.0510785 1.8903 
1.03235 0.119805 -0.0536216 1.88993 
1.00685 0.0483265 0.0936204 1.83328 
1.00982 0.0204317 0.0940555 1.84128 
1.00884 0.0304351 0.0729168 1.83528 
1.00962 0.0316472 0.0866215 1.83937 
0.984662 0.266422 0.0111721 1.78681 
1.00085 0.245369 0.0345516 1.81857 
0.997989 0.214776 0.095807 1.82531 
1.00189 0.212713 0.0720163 1.82955 
0.991176 0.234358 0.081648 1.81085 
0.997097 0.221282 0.0827929 1.82196 
1.03763 0.106045 -0.0561088 1.90392 
1.03509 0.115221 -0.0579449 1.89744 
1.03371 0.111972 -0.0524341 1.89342 
1.03451 0.110968 -0.0566163 1.89588 
1.01828 0.181754 0.034967 1.85721 
1.01368 0.192045 0.0510347 1.85034 
1.02019 0.173366 0.046061 1.86204 
1.01692 0.181805 0.0437758 1.85505 
0.998126 0.251082 0.0342272 1.81353 
1.00053 0.245597 0.0363771 1.81793 
0.960854 0.261191 -0.0544787 1.73764 
0.964924 0.258722 -0.0448877 1.74479 
1.0001 0.247694 0.034573 1.81729 
1.01484 0.194065 0.014829 1.84922 
1.00017 0.24729 0.0350826 1.81732 
1.01083 0.0786261 0.0595214 1.83525 
1.01058 0.0804238 0.0589131 1.83444 
1.01024 0.0807782 0.0612588 1.83417 
1.01055 0.0798058 0.0598822 1.83458 
1.0003 0.24716 0.0344888 1.81761 
1.02682 0.180211 -0.0588606 1.87954 
1.02604 0.189385 -0.0711591 1.88036 
1.01036 0.0636995 0.0685983 1.83636 
1.00797 0.0707139 0.0772767 1.83179 
1.00958 0.0611792 0.0756473 1.83583 
1.00876 0.0648606 0.0740564 1.83324 
1.00026 0.246899 0.035277 1.81747 
1.02552 0.182947 -0.0608958 1.87691 
0.998996 0.246223 0.0325834 1.81462 
0.999936 0.247491 0.034725 1.81686 
0.999125 0.102382 0.0745637 1.80816 
0.936899 0.283974 -0.0683664 1.69504 
0.935772 0.288241 -0.0578761 1.69377 
0.941949 0.287908 -0.0626204 1.70793 
0.938096 0.286577 -0.0635965 1.69875 
0.999948 0.247681 0.0349153 1.81687 
1.01335 0.204499 0.011272 1.84591 
1.00024 0.247489 0.0343377 1.81754 
1.01016 0.155306 0.125172 1.85313 
1.00014 0.194331 0.120308 1.83263 
0.998158 0.182017 0.146169 1.83389 
1.00314 0.177564 0.132628 1.8409 
1.01999 0.191917 -0.00726259 1.85942 
1.00775 0.233503 0.0230417 1.83344 
1.00869 0.242451 -0.00201629 1.8428 
1.00049 0.24649 0.034786 1.81794 
1.00066 0.245542 0.0354708 1.81816 
1.01504 0.13415 0.13104 1.86543 
1.00437 0.158464 0.157241 1.84948 
1.01743 0.108643 0.148473 1.87557 
1.0111 0.133624 0.146061 1.86017 
0.987623 0.237742 -0.00211787 1.78823 
0.999786 0.247539 0.0345201 1.81644 
1.01443 0.232084 -0.0274617 1.85663 
0.958624 0.306852 0.0470027 1.74262 
0.989878 0.267874 0.0527738 1.80076 
1.00178 0.17169 0.0686551 1.81989 
1.02992 0.147592 -0.0573554 1.88402 
1.03176 0.144942 -0.0588289 1.8887 
0.999933 0.247698 0.0347909 1.81683 
1.02291 0.202458 -0.0529529 1.87312 
1.01583 0.172508 0.00854557 1.85104 
1.0131 0.202436 0.00994713 1.84511 
0.930082 0.299042 0.0557177 1.68924 
0.931451 0.29278 0.0834408 1.69374 
0.94525 0.300645 0.0648879 1.7261 
0.935488 0.298348 0.0671578 1.70319 
1.02401 0.17865 -0.0148895 1.86801 
1.02801 0.175532 -0.0644718 1.88237 
1.01047 0.140726 0.0441785 1.83579 
1.01176 0.125776 0.0430166 1.83811 
1.01299 0.131391 0.0381159 1.84127 
1.01238 0.132457 0.0414811 1.83995 
0.998956 0.248583 0.0328845 1.81482 
0.999752 0.247114 0.0341824 1.81646 
0.980045 0.256046 -0.010857 1.77432 
1.00027 0.247107 0.0347803 1.81752 
1.03185 0.124919 -0.0471074 1.88791 
1.03169 0.122461 -0.0376788 1.88649 
1.03287 0.117299 -0.045966 1.89055 
1.03246 0.12156 -0.0438669 1.88914 
1.01403 0.204293 0.0121664 1.84754 
0.96943 0.271793 -0.0169609 1.75992 
0.975518 0.259656 -0.0107274 1.76954 
0.969514 0.262813 -0.0257409 1.75582 
0.971778 0.265582 -0.017129 1.76259 
1.01466 0.209897 1.11462e-05 1.84855 
1.00012 0.247403 0.0349576 1.81722 
1.00223 0.246867 0.027936 1.82283 
0.999583 0.246966 0.0338884 1.81599 
1.01398 0.197514 0.0112131 1.84559 
0.999821 0.247383 0.0345534 1.81651 
1.02747 0.159238 -0.040233 1.8767 
0.969796 0.196019 0.110877 1.75533 
0.980231 0.288372 0.0788504 1.7892 
0.999447 0.248251 0.0338242 1.81587 
1.01331 0.195314 0.00630135 1.84617 
0.96442 0.298653 0.00801011 1.75091 
0.981098 0.268834 0.0684317 1.78777 
0.979975 0.274867 0.0751629 1.78705 
0.984598 0.271656 0.0753916 1.79751 
0.982516 0.272476 0.0722575 1.79244 
1.0347 0.101028 -0.0401157 1.8953 
1.0363 0.101225 -0.053092 1.90035 
1.03344 0.10904 -0.0480541 1.89242 
1.03446 0.103656 -0.0472481 1.89512 
0.99766 0.250019 0.0301029 1.81229 
0.999774 0.24819 0.035015 1.81661 
0.951594 0.158723 -0.0965184 1.7001 
0.999778 0.247846 0.0345766 1.8165 
1.02983 0.141017 -0.0544401 1.88352 
1.03009 0.141699 -0.05803 1.88436 
1.02994 0.145992 -0.0552067 1.88388 
1.0296 0.142748 -0.0557414 1.883 
1.01375 0.189256 0.00367185 1.84715 
1.00597 0.23788 -0.0108692 1.8382 
0.998137 0.24879 0.0661813 1.81704 
1.00638 0.237429 0.0210114 1.83094 
1.01528 0.2147 -0.00255833 1.85092 
1.00006 0.247484 0.0349902 1.8171 
0.988977 0.26583 0.0966121 1.80728 
0.990452 0.263417 0.0981083 1.8098 
0.990092 0.261784 0.0954437 1.8089 
0.990018 0.263897 0.0965345 1.80913 
1.02659 0.184893 -0.0688701 1.88065 
0.94455 0.185021 -0.110471 1.68849 
0.998688 0.250502 0.0342501 1.8147 
0.963976 0.306603 0.0551938 1.75622 
1.03022 0.157211 -0.0579268 1.88536 
1.03064 0.10135 0.0683919 1.88989 
1.02401 0.114501 0.101116 1.87943 
1.0327 0.0778539 0.0766001 1.89787 
1.02988 0.0956153 0.0809359 1.8905 
1.02705 0.180366 -0.0666184 1.88084 
1.02827 0.182494 -0.0683176 1.88443 
0.984745 0.210224 0.0971646 1.7927 
0.974477 0.252417 -0.0255903 1.76164 
0.999628 0.248875 0.0370864 1.8166 
1.02109 0.186977 -0.00845506 1.86152 
1.00627 0.249517 0.115508 1.84761 
0.999876 0.247845 0.0347919 1.81674 
0.999847 0.247072 0.0334077 1.81698 
1.01648 0.200526 0.00199311 1.85179 
0.978355 0.292075 0.0705928 1.78503 
1.01603 0.201945 0.00401788 1.85093 
1.00894 0.195291 0.0501581 1.83669 
0.989169 0.246591 0.118781 1.81144 
0.98563 0.260308 0.116316 1.8048 
0.983382 0.250611 0.12265 1.80068 
0.986067 0.25247 0.119507 1.8056 
0.99902 0.267642 0.12735 1.83721 
0.968397 0.258528 -0.0350792 1.74893 
0.973191 0.264085 -0.0216298 1.76104 
1.03088 0.134588 -0.0408235 1.88454 
1.03202 0.127857 -0.0366906 1.88707 
1.03167 0.12901 -0.0459272 1.88723 
1.0312 0.130429 -0.0409859 1.88543 
1.02622 0.181285 -0.0539338 1.87768 
1.02685 0.177722 -0.0400618 1.87714 
1.00898 0.236364 0.0101717 1.8381 
1.0147 0.192375 0.00425403 1.8497 
0.991973 0.280012 0.125189 1.82302 
1.02025 0.218202 -0.0480098 1.86979 
1.03017 0.172734 -0.064678 1.88748 
0.982227 0.231433 -0.0174399 1.77542 
1.00032 0.247275 0.0342358 1.8177 
0.972209 0.195462 -0.0503918 1.75019 
0.995688 0.259024 0.0457403 1.81113 
0.990849 0.264136 0.0939759 1.80944 
0.990094 0.261085 0.0960763 1.80713 
1.00076 0.246978 0.0325772 1.81881 
1.00951 0.0848227 0.059092 1.83141 
1.0094 0.0826048 0.0594929 1.83103 
1.00989 0.0828558 0.0583598 1.83228 
1.00964 0.0833537 0.0589884 1.83167 
0.980003 0.290525 0.0555719 1.7863 
1.01041 0.0884688 0.05504 1.83365 
1.01097 0.0955417 0.0530794 1.83527 
1.00984 0.0935183 0.0556913 1.8325 
1.00989 0.0923874 0.0546817 1.83248 
1.02156 0.177322 0.00834502 1.8611 
1.02191 0.175079 0.0120386 1.86193 
1.02236 0.173424 0.00871365 1.86271 
1.02198 0.17514 0.00963246 1.86197 
1.02765 0.201283 -0.0776952 1.88817 
0.960792 0.307097 0.037985 1.747 
0.991357 0.225893 0.119981 1.81438 
0.989072 0.20559 0.127087 1.80905 
0.993256 0.199095 0.119501 1.81602 
0.992017 0.209769 0.122477 1.81512 
0.940167 0.132874 -0.0999188 1.66973 
0.972774 0.300585 0.0721571 1.77665 
0.965694 0.261301 -0.0340343 1.74309 
0.977303 0.229914 -0.0296665 1.76453 
0.964334 0.231144 0.107502 1.74961 
1.00309 0.246061 0.0201546 1.82681 
1.00936 0.0818548 0.0590165 1.8309 
1.00996 0.0811116 0.0581719 1.83243 
1.00993 0.0819396 0.0582732 1.83235 
1.00985 0.0814794 0.058487 1.83213 
0.965272 0.292722 0.08985 1.76191 
0.969576 0.291045 0.0951738 1.77229 
0.968725 0.297926 0.0838809 1.7696 
0.968399 0.29432 0.089866 1.76947 
1.00425 0.106819 0.0710126 1.82107 
1.02769 0.191399 -0.0729365 1.88511 
0.999628 0.247814 0.0340894 1.81617 
1.00021 0.247433 0.0345399 1.81745 
1.02433 0.0778649 0.184631 1.90244 
1.04697 0.0247338 0.135347 1.94826 
1.02228 0.0680264 0.153511 1.88835 
1.02404 0.0522921 0.160774 1.8947 
1.00011 0.247012 0.0382885 1.81737 
1.01163 0.209503 0.0365433 1.84378 
1.01297 0.223999 0.00629646 1.8459 
0.999833 0.247466 0.0345964 1.81653 
0.976364 0.239852 -0.0323986 1.7644 
1.00944 0.0877587 0.0580534 1.83135 
1.00983 0.0873106 0.0561583 1.83219 
1.00937 0.0915688 0.0568539 1.83129 
1.00967 0.088822 0.0569663 1.83191 
1.01267 0.217786 0.0146206 1.84402 
1.03201 0.160132 -0.0600921 1.89033 
0.984555 0.282868 0.0904824 1.79991 
1.00439 0.0766302 0.105602 1.83008 
1.00034 0.10762 0.111567 1.82312 
0.999724 0.0886244 0.118634 1.82204 
1.00086 0.089963 0.112465 1.82344 
1.01293 0.0704233 0.0455933 1.84003 
1.01331 0.0620751 0.0386485 1.84113 
1.01341 0.0736031 0.0377552 1.84095 
1.01411 0.0686321 0.0407234 1.84296 
0.9706 0.275528 -0.014784 1.75798 
1.01393 0.211316 0.0164588 1.84697 
0.972287 0.294979 0.0238852 1.76786 
0.977196 0.217047 0.138095 1.78566 
0.983888 0.209668 0.133998 1.79945 
0.979999 0.236029 0.129496 1.79308 
0.980268 0.221424 0.133874 1.79264 
1.01377 0.208828 0.018336 1.84644 
0.957566 0.292378 -0.00635275 1.73264 
0.996722 0.0912847 0.143057 1.82005 
1.01313 0.0411063 0.122342 1.85497 
0.998964 0.0776358 0.129951 1.82197 
0.997761 0.0689612 0.134602 1.81951 
1.01073 0.0838899 0.0596752 1.83547 
1.0106 0.0871949 0.0619531 1.83601 
1.00992 0.0838899 0.0616988 1.83379 
1.0101 0.0849336 0.0608061 1.83425 
1.00662 0.236116 0.0231161 1.83114 
1.01042 0.0810964 0.0578883 1.83377 
1.01071 0.0819573 0.0583454 1.83484 
1.01041 0.0810897 0.0582452 1.83388 
1.0104 0.0812816 0.0580438 1.83384 
1.01274 0.216806 0.0347304 1.84438 
0.972597 0.253907 -0.0311672 1.7577 
1.01506 0.1943 0.01082 1.84758 
1.02997 0.163661 -0.060618 1.88554 
1.00125 0.244428 0.0353775 1.81938 
1.00862 0.232262 0.0191579 1.83551 
1.00042 0.19897 0.0656052 1.82065 
1.00332 0.100168 0.0721005 1.81823 
0.986982 0.270951 0.0930982 1.80414 
0.985541 0.271856 0.0840732 1.80036 
0.984678 0.276332 0.0893995 1.79991 
0.985123 0.273402 0.0884786 1.80004 
0.977557 0.284959 0.0197538 1.77625 
1.02685 0.154462 -0.00738895 1.87241 
1.02591 0.159646 -0.00245213 1.87026 
1.02685 0.152248 0.000762958 1.87216 
1.02638 0.155589 -0.0033059 1.87119 
0.956039 0.303203 0.015877 1.73307 
1.01353 0.195386 0.0126058 1.84618 
1.0045 0.245765 0.0202464 1.82897 
1.02724 0.175746 -0.0609414 1.88015 
0.991829 0.265082 0.0422333 1.80344 
1.01009 0.0849977 0.0565784 1.8328 
1.00962 0.0857354 0.0581346 1.83169 
1.00989 0.0833065 0.0577402 1.83227 
1.0099 0.0846321 0.0574833 1.83235 
0.971677 0.28843 0.00887952 1.76395 
0.999798 0.247213 0.0341698 1.81663 
1.00869 0.161857 0.0473721 1.8328 
1.01568 0.21842 -0.0143806 1.8536 
0.959494 0.254137 -0.0675896 1.73416 
1.0098 0.238755 0.00293932 1.84186 
0.999829 0.247896 0.034871 1.81664 
0.957503 0.135233 -0.0509869 1.70969 
1.01461 0.196347 0.0176184 1.84841 
1.017 0.201422 -0.00429676 1.85326 
1.00037 0.246938 0.0345419 1.81774 
0.996721 0.246047 0.0271187 1.80944 
0.976423 0.164515 0.111419 1.76573 
0.974545 0.297395 0.0510935 1.77583 
1.01307 0.201684 0.0107616 1.84456 
1.02909 0.169864 -0.0631989 1.88424 
1.02249 0.202701 -0.0628831 1.87347 
0.999959 0.247713 0.0351662 1.81692 
0.94519 0.12328 -0.0702744 1.67979 
0.999487 0.247407 0.0336275 1.81581 
1.00007 0.247514 0.0353591 1.81715 
0.941923 0.271808 -0.0870264 1.70234 
0.945633 0.305231 0.0310236 1.72472 
0.934433 0.302382 0.0415684 1.69928 
0.946169 0.302836 0.0529884 1.72724 
0.943728 0.304604 0.0416956 1.72138 
0.999988 0.247627 0.0349602 1.81696 
1.02874 0.160581 -0.0311563 1.8791 
1.02827 0.158697 -0.035083 1.87818 
0.999772 0.247182 0.0343395 1.81649 
1.01321 0.202514 0.00951598 1.84556 
1.02292 0.172954 0.00426808 1.86395 
1.02315 0.174863 -0.000560368 1.86475 
1.02217 0.17723 0.00222473 1.86255 
1.02243 0.174947 0.00195011 1.86292 
0.950548 0.142006 -0.0904638 1.69514 
1.00499 0.234043 0.0353954 1.82671 
1.01035 0.224142 0.0256358 1.83848 
1.018 0.20515 -0.00900399 1.85656 
1.00009 0.247487 0.0348123 1.81716 
0.993124 0.177585 0.0489863 1.80216 
0.994692 0.205188 0.0460805 1.80852 
1.00156 0.196252 0.0561417 1.82542 
1.00033 0.195612 0.0478591 1.82187 
0.933638 0.251834 -0.101361 1.67737 
0.932562 0.298377 -0.0209168 1.68991 
0.93178 0.300519 -0.00527423 1.68925 
0.940498 0.302322 -0.0153212 1.70976 
0.934975 0.300274 -0.0146038 1.69646 
0.999874 0.247372 0.0346045 1.81672 
1.01532 0.196359 0.0108383 1.84864 
0.978341 0.24557 -0.0251737 1.76934 
1.00944 0.0886479 0.0637849 1.83357 
1.00869 0.0876598 0.0679893 1.83222 
1.0096 0.0843252 0.0637892 1.8334 
1.0092 0.087056 0.0650582 1.83295 
1.00956 0.0441172 0.0655048 1.83513 
1.00996 0.0573628 0.0646584 1.83511 
1.00816 0.0550897 0.072983 1.83206 
1.01065 0.052476 0.067979 1.83767 
1.00418 0.240717 0.0287052 1.82587 
0.999753 0.243443 0.0222423 1.81862 
0.991908 0.212998 -0.00299749 1.80106 
1.01387 0.192038 0.00723573 1.84736 
1.00942 0.236839 -0.0225741 1.84735 
1.0083 0.11399 0.058205 1.83014 
1.00865 0.123947 0.0554323 1.83143 
1.0069 0.124517 0.0610412 1.82767 
1.00786 0.120926 0.058212 1.82952 
0.999845 0.24741 0.0346447 1.81655 
1.00841 0.103188 0.0585943 1.82974 
1.00829 0.0968955 0.0605889 1.82924 
1.00911 0.0965238 0.0577129 1.83102 
1.00841 0.0986509 0.0588507 1.82949 
1.02629 0.165662 -0.0288505 1.87318 
0.999765 0.247219 0.034416 1.81641 
1.00443 0.106348 0.068555 1.82116 
1.00351 0.10839 0.0669283 1.81872 
1.00512 0.0973152 0.0870962 1.82839 
1.00666 0.0841449 0.0829956 1.83015 
1.00577 0.094632 0.0820244 1.82835 
1.00485 0.0916357 0.0842628 1.82641 
0.959006 0.301808 0.00915636 1.73945 
0.981891 0.14331 0.107759 1.77503 
1.01475 0.180705 0.00481915 1.84906 
0.970829 0.246225 -0.0394274 1.75199 
0.968618 0.241967 -0.0418774 1.74568 
0.967554 0.264896 -0.032012 1.74854 
1.00245 0.244074 0.0311298 1.82224 
0.998878 0.150223 0.077542 1.81228 
1.0257 0.169674 -0.0200298 1.8715 
1.02643 0.165852 -0.023725 1.87316 
1.02558 0.199278 -0.0756916 1.88208 
0.994124 0.261508 0.11168 1.82058 
1.01552 0.197548 0.00948768 1.8493 
1.01073 0.229962 0.0109027 1.84096 
0.999756 0.247465 0.0343869 1.81638 
0.990776 0.265779 0.10509 1.81272 
0.934606 0.219024 -0.112872 1.67221 
1.00135 0.244533 0.0343786 1.81963 
0.941396 0.146884 -0.104187 1.67447 
1.01299 0.0931518 0.0427459 1.83995 
1.01397 0.0999825 0.0375499 1.8425 
1.01339 0.100926 0.0426046 1.84113 
1.01264 0.0979854 0.0410523 1.83913 
1.01737 0.186055 0.0305471 1.85538 
1.01724 0.19416 0.0276715 1.85739 
1.0121 0.197373 0.0452533 1.84696 
1.01448 0.193566 0.0337139 1.85064 
0.979495 0.289203 0.0852114 1.78928 
0.995696 0.144255 0.0840778 1.8049 
0.999975 0.247597 0.0348019 1.81691 
1.01377 0.149754 0.0348775 1.84401 
1.01112 0.14694 0.0422533 1.83756 
1.01359 0.136743 0.03594 1.84296 
1.01273 0.144108 0.037659 1.84119 
1.01039 0.0810052 0.0588693 1.83399 
1.01039 0.0824974 0.0589705 1.83427 
1.01019 0.0820288 0.0607786 1.83405 
1.0103 0.0818859 0.059493 1.83405 
1.02598 0.204929 -0.0785551 1.88523 
0.945897 0.254478 -0.0906505 1.70571 
0.992077 0.120458 0.0920377 1.79468 
1.01533 0.20044 0.00617667 1.84908 
0.938221 0.189915 -0.113389 1.67446 
1.0071 0.0720001 0.0825216 1.83083 
1.00745 0.0648274 0.0901398 1.83355 
1.00763 0.0606276 0.0802645 1.83182 
1.00752 0.0655139 0.0842045 1.83235 
1.0141 0.132154 0.0241033 1.84399 
1.0136 0.147287 0.0306961 1.84338 
1.01335 0.133413 0.03196 1.84213 
1.01465 0.137128 0.0288143 1.84558 
1.00019 0.24728 0.0347012 1.81736 
1.01009 0.081736 0.0579039 1.83277 
1.01019 0.0810136 0.0579446 1.83308 
1.01029 0.0810693 0.057956 1.83341 
1.01026 0.081217 0.0579047 1.83326 
0.999842 0.247844 0.0346957 1.81665 
0.999968 0.247606 0.0347847 1.8169 
0.960615 0.305069 0.0227522 1.74498 
0.987548 0.256074 0.00991972 1.79078 
0.984663 0.251477 0.0560013 1.79177 
0.982801 0.26124 0.0618721 1.7897 
0.987466 0.256994 0.0631963 1.80027 
0.986151 0.257387 0.0595409 1.79694 
0.994027 0.260719 0.0556426 1.80883 
0.968808 0.302934 0.0359824 1.76363 
1.00044 0.246982 0.0343115 1.81792 
0.98605 0.122223 0.0969198 1.78061 
0.982573 0.274524 0.0195189 1.78422 
0.998269 0.245683 0.0304807 1.81298 
1.03287 0.107007 -0.000847848 1.88863 
1.03344 0.103579 -0.0192478 1.89065 
1.03221 0.11382 -0.0101159 1.88641 
1.03291 0.107697 -0.00989746 1.8887 
1.0163 0.192906 0.0101144 1.85036 
0.973928 0.284149 0.000547925 1.76816 
1.01349 0.212013 0.00863211 1.846 
1.0021 0.24139 0.0378885 1.82102 
1.02231 0.204148 -0.0432919 1.87063 
0.939659 0.162108 -0.108172 1.67265 
1.01328 0.202336 0.00967753 1.84582 
1.01335 0.202405 0.0103934 1.84552 
1.03375 0.100893 0.0148607 1.89184 
1.03353 0.0977247 0.0379574 1.89334 
1.03636 0.0832478 0.0113803 1.89997 
1.03482 0.0929671 0.0205947 1.8956 
0.995961 0.216288 0.0476843 1.81313 
0.996177 0.225612 0.0617521 1.81585 
1.00102 0.20776 0.0593652 1.82546 
0.998146 0.215948 0.0555323 1.81898 
1.01922 0.212569 -0.029656 1.86304 
0.971064 0.150399 0.110667 1.74999 
1.00773 0.0987952 0.0619236 1.82809 
1.00794 0.105677 0.0601004 1.82888 
1.00704 0.105765 0.0633073 1.82697 
1.00736 0.103483 0.0617508 1.82747 
1.00223 0.147263 0.0660031 1.81837 
1.00035 0.246728 0.0350444 1.81765 
1.00695 0.224852 0.0819928 1.83684 
0.934574 0.291937 -0.0470368 1.69222 
0.933279 0.29527 -0.0348817 1.69036 
0.939523 0.295776 -0.0420517 1.70502 
0.936007 0.294248 -0.0420387 1.69646 
0.978918 0.279506 0.0819007 1.78626 
0.978344 0.283057 0.0891671 1.78648 
0.982531 0.280685 0.0874738 1.79584 
0.980515 0.281767 0.0856826 1.79111 
0.958897 0.285863 -0.0146061 1.73373 
0.999592 0.248011 0.0341552 1.81613 
0.986535 0.243721 0.00147765 1.78617 
1.01164 0.221168 0.0229296 1.84145 
1.00016 0.247353 0.034809 1.81731 
1.01312 0.210958 0.0235231 1.84476 
0.948519 0.246194 -0.0970811 1.71054 
1.02597 0.194036 -0.0734222 1.88143 
0.958004 0.216683 -0.0876743 1.72412 
0.988719 0.273406 0.0638994 1.80146 
1.01323 0.211158 0.0131927 1.84529 
1.00067 0.246065 0.0360178 1.81835 
0.935803 0.275104 -0.0810956 1.68953 
0.941861 0.274971 -0.0828961 1.70362 
0.959784 0.296202 -0.00166905 1.73924 
0.987222 0.267765 0.0301028 1.79282 
0.965681 0.271284 -0.0278884 1.74573 
0.973707 0.2504 -0.0273754 1.75943 
0.973872 0.251359 -0.0298572 1.76017 
0.998108 0.247847 0.0303822 1.81283 
1.0016 0.246069 0.0314531 1.82065 
0.940416 0.289152 0.0971455 1.71591 
0.960951 0.281316 0.102325 1.76151 
0.951151 0.296153 0.077165 1.73967 
0.951305 0.290428 0.0908378 1.74022 
1.01387 0.191185 0.00908607 1.84714 
1.01348 0.195499 0.00805805 1.84646 
0.973236 0.299138 0.0426139 1.77277 
1.00744 0.133295 0.0607184 1.8297 
1.00588 0.133027 0.056566 1.82521 
0.999743 0.247681 0.0342855 1.8164 
0.939122 0.244471 -0.105529 1.6888 
0.962561 0.28371 -0.0171245 1.74185 
0.999542 0.248669 0.0350791 1.81619 
1.00112 0.243787 0.0382746 1.8191 
1.03551 0.095366 -0.0195288 1.89662 
1.03413 0.0998038 0.00176877 1.8925 
1.03652 0.0835795 -0.00472772 1.90001 
1.03511 0.0929379 -0.00771262 1.89555 
1.01399 0.203304 0.0146799 1.8472 
0.998538 0.250293 0.0332539 1.81429 
0.95424 0.229925 -0.0833964 1.71719 
0.999906 0.247769 0.0348349 1.81679 
0.976897 0.265022 -0.0142495 1.76971 
0.999964 0.247711 0.0350734 1.81693 
0.986034 0.229079 0.0845416 1.79834 
1.02819 0.182777 0.0471126 1.88196 
0.948182 0.209732 -0.102582 1.70094 
1.00318 0.246853 0.0219638 1.82653 
1.00582 0.186078 0.0575042 1.82928 
1.00708 0.242387 0.00116935 1.83728 
0.998882 0.225848 -0.011166 1.82131 
1.03757 0.0723504 0.0178151 1.90431 
1.03382 0.0900435 0.0471765 1.89569 
1.03659 0.065665 0.0505203 1.90508 
1.03601 0.0761945 0.0395528 1.90157 
1.01364 0.215183 0.00514434 1.8466 
0.943683 0.1271 -0.0956114 1.6776 
0.993752 0.264834 0.0770061 1.81297 
0.962341 0.273712 -0.0259192 1.73836 
1.0287 0.135076 0.00589254 1.87665 
1.02887 0.137339 -0.00371271 1.87691 
1.02728 0.144405 0.00397736 1.87307 
1.02846 0.13896 0.00187892 1.87592 
0.989722 0.253307 0.0783274 1.80576 
0.991279 0.242784 0.0707683 1.80711 
0.98903 0.253633 0.0697655 1.8037 
0.990309 0.250251 0.072793 1.8063 
1.0131 0.21661 0.0228337 1.84487 
0.948298 0.234336 -0.0964665 1.70632 
1.0068 0.240483 0.0206738 1.83272 
0.985908 0.270951 0.101609 1.8021 
0.987181 0.276895 0.104178 1.80745 
1.01397 0.215084 0.0129037 1.84723 
1.00848 0.0537502 0.0881149 1.8361 
1.01069 0.0407086 0.0726616 1.83933 
1.0097 0.054209 0.0778263 1.83691 
1.00787 0.0491292 0.0797648 1.833 
0.987363 0.128814 0.100752 1.78529 
0.964484 0.277487 -0.0227833 1.74462 
1.00158 0.11241 0.0732412 1.81514 
0.997663 0.243579 0.0296167 1.81151 
1.00691 0.232923 0.0265738 1.83115 
1.00174 0.247264 0.0298503 1.82163 
1.01475 0.186573 0.00882112 1.84913 
0.975518 0.23724 -0.0363661 1.76135 
0.973099 0.237857 -0.0416024 1.75572 
0.972853 0.243043 -0.0382966 1.75614 
0.97365 0.239081 -0.0391127 1.75724 
1.00015 0.247597 0.0338071 1.81761 
1.01514 0.176737 0.0137321 1.84918 
1.00691 0.242989 0.010114 1.83524 
0.999932 0.247455 0.0343307 1.81696 
1.00031 0.24705 0.0346272 1.81761 
0.999017 0.248033 0.0326125 1.81487 
1.01599 0.164796 0.013245 1.85079 
1.01505 0.165498 0.00809044 1.84871 
0.949425 0.259415 -0.0812429 1.71413 
0.96793 0.302863 0.0263865 1.76111 
1.01972 0.194835 -0.0128444 1.85947 
1.00428 0.0345551 0.108395 1.82981 
1.00465 0.0587376 0.103284 1.82985 
0.998314 0.0715652 0.120307 1.81797 
1.00433 0.0544131 0.111559 1.83073 
1.02606 0.187982 -0.060432 1.87909 
0.999913 0.247801 0.0349776 1.81682 
0.999862 0.247742 0.0346845 1.81667 
0.991462 0.265587 0.0680391 1.80604 
0.940634 0.259914 -0.0964098 1.69606 
1.00877 0.234155 0.016023 1.83643 
0.953345 0.302443 0.0235008 1.73958 
0.963382 0.292244 0.0366061 1.75888 
0.959217 0.296462 0.013906 1.74913 
0.95873 0.297399 0.025315 1.74936 
1.02736 0.180261 -0.0455968 1.87941 
1.0262 0.187882 -0.0535226 1.87862 
0.946712 0.285132 -0.064358 1.71715 
0.950635 0.276956 -0.0681692 1.72258 
0.947368 0.280575 -0.0701124 1.71718 
1.00368 0.239111 0.0333152 1.8243 
1.00687 0.175985 0.0557538 1.83039 
0.999543 0.24657 0.0334495 1.81611 
0.999834 0.247996 0.0350646 1.81669 
1.0082 0.0931151 0.0606053 1.82876 
1.00906 0.0889548 0.0591163 1.83054 
1.00886 0.0930854 0.0580016 1.8302 
1.00884 0.0916747 0.0592007 1.83017 
0.980269 0.28464 0.0929736 1.79198 
0.983413 0.282896 0.0985451 1.7996 
0.983286 0.281194 0.0919462 1.79819 
0.982508 0.283095 0.0942878 1.79707 
0.983719 0.285426 0.115563 1.8031 
0.980852 0.28637 0.111837 1.79593 
0.991451 0.267313 0.0914428 1.81114 
0.967239 0.297015 0.0120013 1.75681 
0.940215 0.228198 -0.110534 1.68771 
0.990706 0.262924 0.0983879 1.81025 
0.99099 0.262296 0.100743 1.81163 
0.99055 0.2602 0.0970281 1.8098 
0.990217 0.261562 0.0984977 1.80913 
1.02794 0.149026 -0.0134977 1.87509 
1.02916 0.140215 -0.0127055 1.87789 
1.02902 0.143833 -0.0206303 1.87803 
1.02879 0.144284 -0.015878 1.87718 
1.0303 0.137241 -0.0503864 1.88427 
1.03044 0.136545 -0.0440814 1.88382 
1.03099 0.131658 -0.0488596 1.88587 
1.03073 0.135075 -0.0481091 1.88508 
1.00967 0.101052 0.0532999 1.8323 
1.00872 0.104709 0.0567125 1.83044 
1.00893 0.0970921 0.0561106 1.83046 
1.00939 0.100981 0.0553623 1.83176 
1.01632 0.0761692 0.0168802 1.84861 
1.01698 0.0581189 0.0244261 1.85058 
1.01818 0.0631078 0.00881698 1.85372 
1.01696 0.0655654 0.0158766 1.85042 
0.9909 0.22759 0.0127056 1.79541 
1.00016 0.247357 0.0347348 1.81731 
1.02121 0.209471 -0.0588993 1.87148 
1.01388 0.212749 0.0103749 1.84701 
1.01156 0.0988564 0.0491002 1.83669 
1.01239 0.0932681 0.0457558 1.83849 
1.01187 0.100696 0.0450954 1.83737 
1.01246 0.0975186 0.0467403 1.83881 
1.02834 0.137334 0.0118813 1.87598 
1.02724 0.146492 0.00945074 1.8732 
1.02681 0.145209 0.0191743 1.87268 
1.02768 0.142668 0.0135945 1.87445 
0.997241 0.248052 0.0288309 1.81091 
0.983555 0.265739 0.115388 1.80116 
0.978812 0.270429 0.114901 1.79205 
0.980617 0.257446 0.121237 1.79542 
0.980971 0.26534 0.11725 1.79633 
1.01363 0.21493 0.00761544 1.84651 
0.984917 0.274543 0.0279747 1.78981 
1.0246 0.191185 -0.0492086 1.87463 
0.980399 0.286317 0.0471919 1.78456 
1.00396 0.127029 0.0680666 1.82136 
1.00883 0.0849983 0.0691702 1.83252 
1.00959 0.0799029 0.0676927 1.83382 
1.00965 0.0824516 0.0646707 1.83351 
1.00927 0.0823226 0.0672207 1.83303 
0.998113 0.248831 0.0314071 1.81296 
1.00544 0.235716 0.0291174 1.82802 
0.974728 0.27918 -0.00104447 1.76821 
0.941218 0.212497 -0.113833 1.68667 
0.999957 0.247733 0.0353764 1.81694 
1.00313 0.240252 0.0314897 1.82313 
0.995914 0.151866 0.0892373 1.80733 
1.01277 0.212544 0.0386431 1.84613 
0.987237 0.215547 0.129054 1.8067 
0.989467 0.234313 0.121687 1.81163 
0.983613 0.239548 0.126184 1.80075 
0.986717 0.230835 0.125996 1.80644 
1.025 0.197544 -0.0575512 1.87789 
0.991049 0.134536 0.0970914 1.79448 
1.00013 0.247674 0.0343312 1.81741 
1.01164 0.0769612 0.0560537 1.83699 
1.01222 0.0753962 0.0517822 1.83829 
1.01179 0.0807996 0.0525073 1.83704 
1.01199 0.0774676 0.0534742 1.8377 
0.994717 0.256585 0.0807601 1.81361 
0.998783 0.24722 0.031914 1.81421 
0.999491 0.14198 0.108224 1.82318 
1.00101 0.163897 0.09992 1.82718 
0.997584 0.172806 0.111713 1.82206 
0.999471 0.160584 0.106761 1.82452 
0.984111 0.26576 0.0657185 1.79423 
0.985562 0.268073 0.0742131 1.79886 
0.987403 0.261046 0.0680649 1.80131 
0.985895 0.265026 0.0689824 1.79862 
1.0128 0.217316 0.0285639 1.84411 
0.976271 0.269772 -0.00828356 1.76916 
1.00461 0.245325 0.0140648 1.83055 
0.943442 0.198011 -0.113953 1.68885 
1.01231 0.217914 0.0311578 1.84296 
1.01334 0.211315 0.0211145 1.84533 
1.02667 0.151069 0.0115172 1.872 
1.02451 0.158458 0.0189171 1.86749 
1.02623 0.150266 0.0204681 1.87151 
1.0259 0.153311 0.0174938 1.87053 
1.01753 0.195743 0.00246866 1.85369 
1.01298 0.119368 0.0408594 1.84077 
1.01372 0.111705 0.0352327 1.84221 
1.01328 0.124525 0.035663 1.84161 
1.01337 0.118626 0.0372996 1.84164 
1.01671 0.203674 -0.00117299 1.8528 
0.992072 0.247581 0.0924228 1.81144 
0.990326 0.254283 0.0865965 1.80784 
0.990664 0.256506 0.0931783 1.80936 
0.991489 0.252833 0.0904499 1.81066 
0.999453 0.247654 0.0335259 1.81577 
0.973817 0.294626 0.033759 1.77158 
0.991733 0.145571 0.0966011 1.79744 
1.01389 0.196195 0.0284334 1.84632 
1.00048 0.245287 0.0392251 1.81796 
1.01095 0.224656 0.0296095 1.84004 
0.999647 0.247138 0.0340645 1.81614 
1.03004 0.141297 -0.037402 1.88202 
1.02932 0.14924 -0.0361299 1.8803 
1.02948 0.14409 -0.0304169 1.87997 
1.02944 0.144643 -0.0342664 1.88023 
0.934759 0.302261 0.00207515 1.69725 
0.944354 0.305302 0.0112256 1.7205 
0.942947 0.303762 -0.00704904 1.71596 
0.941724 0.304509 0.00151898 1.71393 
0.974095 0.275161 -0.00803146 1.76573 
0.997865 0.249855 0.0316373 1.81261 
0.994966 0.253884 0.0962482 1.81669 
1.01143 0.221881 0.0296861 1.84096 
0.999195 0.247973 0.0331753 1.81523 
0.949753 0.19982 -0.106342 1.7034 
0.967072 0.304505 0.0506125 1.76166 
1.00063 0.245694 0.0351658 1.81812 
1.00101 0.245059 0.0357028 1.81895 
1.01478 0.183971 0.0158103 1.84852 
1.00566 0.101109 0.0672134 1.82366 
1.00696 0.0977846 0.0637669 1.82629 
1.00591 0.104365 0.0645603 1.8242 
1.00665 0.100789 0.0650969 1.82589 
0.999471 0.247995 0.0338352 1.81586 
1.01377 0.207368 0.00992936 1.84655 
1.01575 0.228634 -0.0533152 1.86497 
0.965019 0.292214 -0.00357851 1.75017 
1.00014 0.247399 0.0348276 1.81728 
1.0233 0.198076 -0.0617293 1.87427 
0.999369 0.248905 0.0354957 1.81586 
1.0015 0.243635 0.0359211 1.81987 
1.02772 0.156809 -0.0234857 1.87559 
1.02766 0.153105 -0.016639 1.87474 
1.02868 0.14818 -0.0232495 1.8775 
1.02792 0.152568 -0.0207917 1.87562 
1.01251 0.220582 0.0136897 1.84387 
1.02043 0.183926 -0.0045112 1.85926 
0.960986 0.289614 -0.0110344 1.73995 
1.01297 0.214168 0.0249959 1.84445 
1.03307 0.107364 -0.0256474 1.8897 
1.03249 0.11924 -0.0271367 1.88767 
1.03222 0.116207 -0.0159015 1.88644 
1.03247 0.114494 -0.0227755 1.88756 
0.99902 0.249549 0.043457 1.81598 
1.02299 0.179458 -0.00495242 1.86505 
0.991835 0.240517 0.0636106 1.80767 
0.988665 0.246465 0.054968 1.80056 
0.989514 0.252419 0.064281 1.80437 
0.990311 0.246662 0.0605251 1.80495 
1.03016 0.125018 0.00749689 1.88068 
1.03185 0.11349 0.00655437 1.88568 
1.03104 0.118374 -0.00370012 1.88307 
1.03124 0.11915 0.00317736 1.88363 
1.01323 0.202374 0.0101227 1.84571 
0.999786 0.247303 0.0344174 1.81645 
1.01549 0.213496 -0.00716009 1.85155 
1.00598 0.136324 0.0638402 1.82665 
1.02166 0.176527 0.0122296 1.86145 
1.02137 0.178381 0.00898468 1.86077 
1.02112 0.178581 0.0110777 1.8602 
1.02127 0.177804 0.0107994 1.86052 
0.999717 0.247155 0.0342764 1.81631 
1.00035 0.246871 0.0349034 1.81767 
0.952549 0.151491 -0.0871985 1.70069 
1.02589 0.185793 -0.0664327 1.87882 
0.984067 0.238345 -0.0131678 1.78058 
0.942419 0.290437 -0.0570465 1.70961 
0.937103 0.290772 -0.0534329 1.6978 
0.941076 0.294474 -0.046795 1.70796 
0.94082 0.292261 -0.0525406 1.70678 
0.982274 0.249677 -0.0102573 1.77814 
1.02651 0.182837 -0.0647198 1.87973 
0.955703 0.13861 -0.0650287 1.70581 
0.989025 0.201025 0.0946437 1.80039 
1.00233 0.244817 0.0299975 1.82218 
1.02463 0.209099 -0.0760416 1.88261 
0.974164 0.254733 -0.0162819 1.76381 
0.974762 0.25498 -0.0265551 1.76466 
0.972749 0.257844 -0.0237724 1.76133 
0.99955 0.247512 0.0338713 1.81595 
1.01645 0.0627632 0.0301601 1.84897 
1.01624 0.0784923 0.0223555 1.84824 
1.01571 0.0754985 0.0323087 1.84673 
1.01528 0.0722004 0.028409 1.84577 
0.992678 0.12766 0.0914908 1.79684 
1.0145 0.111261 0.0307962 1.84417 
1.01512 0.12143 0.0236539 1.84619 
1.01465 0.125328 0.0318132 1.84507 
1.01425 0.119508 0.0286944 1.84384 
0.999081 0.246824 0.0323645 1.81487 
0.980301 0.253357 0.107049 1.79702 
0.992488 0.224446 0.106136 1.81704 
0.987784 0.244866 0.0883508 1.80736 
0.985993 0.241096 0.10135 1.80502 
1.01257 0.107027 0.0376581 1.83918 
1.01209 0.114028 0.0425209 1.83836 
1.0118 0.105363 0.0426003 1.83727 
1.0131 0.10894 0.0409611 1.84067 
0.94502 0.139844 -0.101014 1.68229 
0.998577 0.251765 0.0362653 1.81493 
0.999799 0.246926 0.0328071 1.817 
1.00042 0.246605 0.0355956 1.81782 
0.964213 0.289502 -0.00912641 1.7475 
1.02363 0.215514 -0.0735513 1.88194 
0.967901 0.290386 -0.00045455 1.75615 
1.0284 0.153001 -0.0335947 1.87792 
1.02763 0.156411 -0.0272595 1.87562 
1.0287 0.148156 -0.0275203 1.87787 
1.02815 0.152332 -0.0297064 1.87687 
0.996841 0.253455 0.0413033 1.81162 
0.988709 0.266301 0.0995327 1.80638 
0.989801 0.262807 0.0977032 1.80751 
0.989588 0.266471 0.0951531 1.80737 
0.989414 0.265048 0.0975498 1.80718 
0.963616 0.289936 0.0135774 1.75613 
0.967131 0.283607 0.0349214 1.76337 
0.970691 0.276787 0.0191937 1.76739 
0.967298 0.284443 0.0228662 1.763 
1.02895 0.149483 -0.0395632 1.8797 
1.02983 0.142324 -0.0406706 1.88187 
1.02977 0.146861 -0.0436689 1.8822 
1.02957 0.146014 -0.0415887 1.88137 
0.984803 0.255011 0.00211848 1.78448 
0.984061 0.283706 0.104818 1.80211 
0.981456 0.287012 0.107788 1.79713 
0.984505 0.283507 0.111594 1.80394 
0.983751 0.284999 0.107951 1.80212 
0.985118 0.153209 0.105951 1.78401 
0.99981 0.248062 0.0359287 1.81671 
1.01799 0.200704 0.0885926 1.86197 
1.00246 0.240785 0.0356034 1.82167 
1.02224 0.179488 0.000167214 1.86307 
1.02188 0.178102 -0.0016989 1.86199 
1.01434 0.217976 -0.00948697 1.84968 
1.02991 0.161026 -0.0553688 1.88471 
1.01376 0.202998 0.0102139 1.84643 
1.02549 0.184069 -0.0353961 1.87413 
1.02927 0.164761 -0.0574404 1.88363 
1.00208 0.242466 0.0351155 1.82104 
1.0209 0.185162 -0.000704506 1.86053 
1.02157 0.178165 0.006188 1.86121 
1.02222 0.174255 0.00611722 1.86236 
1.02158 0.177831 0.00339881 1.86116 
1.02208 0.176824 0.00533174 1.86231 
1.00305 0.242658 0.0290369 1.82349 
0.984362 0.273823 0.080153 1.79781 
0.981368 0.277713 0.0787699 1.7915 
0.983456 0.278222 0.0857493 1.79723 
0.983577 0.276806 0.0814409 1.79683 
0.999844 0.247298 0.0345748 1.81662 
1.01862 0.219807 -0.0417516 1.8652 
1.00011 0.247451 0.0347947 1.81722 
1.03024 0.140096 -0.0439657 1.8833 
1.0301 0.140366 -0.0496809 1.8837 
1.02976 0.145092 -0.0460845 1.88246 
1.03001 0.141769 -0.0464257 1.88305 
0.965322 0.279667 0.0894353 1.76728 
0.965346 0.286451 0.0617429 1.76443 
0.955171 0.295051 0.0683409 1.74622 
0.962559 0.288327 0.0748111 1.76147 
1.01778 0.227054 -0.0448087 1.86611 
1.00459 0.113697 0.0669117 1.82173 
1.00647 0.12136 0.0664409 1.82701 
0.994 0.164876 0.0879328 1.80399 
1.01015 0.181056 0.048956 1.83803 
1.00212 0.242677 0.0334555 1.82112 
0.968903 0.285714 -0.00505584 1.75698 
1.00103 0.244346 0.0372053 1.81894 
1.01457 0.187688 0.0132338 1.84836 
1.0133 0.232568 -0.0339636 1.85556 
1.02488 0.160903 0.0153728 1.86829 
1.02571 0.154425 0.00915005 1.8696 
1.02487 0.160379 0.00929951 1.86782 
1.02521 0.158385 0.0113648 1.86867 
0.972511 0.277116 0.0652917 1.77798 
0.973069 0.26868 0.0934701 1.78194 
0.981126 0.256266 0.0794656 1.79321 
0.976898 0.268057 0.0792525 1.78753 
0.96669 0.30552 0.0407621 1.76038 
1.00011 0.247423 0.0348892 1.81721 
0.999943 0.247657 0.0348087 1.81685 
1.01386 0.205204 0.00973756 1.84666 
0.952871 0.136093 -0.082904 1.6998 
0.998363 0.246913 0.0307893 1.81327 
1.00009 0.245384 0.0469843 1.81793 
1.02863 0.134919 0.0315064 1.87844 
1.02893 0.13351 0.0172226 1.87786 
1.02796 0.142853 0.0246439 1.87603 
1.02801 0.13732 0.0241452 1.87609 
1.02701 0.170488 -0.031421 1.87574 
1.01439 0.186869 0.0206656 1.84744 
0.944385 0.154111 -0.105774 1.68279 
0.963509 0.303571 0.0198643 1.75085 
0.997338 0.102553 0.124722 1.81836 
0.998149 0.121003 0.116521 1.81986 
0.993854 0.131825 0.126385 1.81253 
0.99659 0.119182 0.122943 1.81736 
1.01249 0.0774337 0.0486794 1.83879 
1.01241 0.0852022 0.0464884 1.83844 
1.01201 0.0827731 0.0504165 1.83752 
1.01221 0.0818345 0.0486121 1.83798 
0.949984 0.191418 -0.103264 1.70188 
1.00195 0.142742 0.0728588 1.81843 
0.990005 0.265425 0.0354981 1.79876 
1.01084 0.228884 0.00727121 1.84134 
0.978771 0.288803 0.0381713 1.78114 
0.999745 0.248413 0.0361009 1.81666 
0.988548 0.266574 0.0239034 1.79576 
0.972659 0.275314 0.0428847 1.77397 
0.979201 0.256765 0.0359146 1.78206 
0.974241 0.269381 0.0246437 1.77344 
0.975035 0.26619 0.0341702 1.77514 
1.01269 0.0845371 0.043844 1.83911 
1.01294 0.0758656 0.0459233 1.8399 
1.01347 0.0788847 0.0396782 1.84104 
1.01299 0.0796797 0.0429746 1.83986 
0.985775 0.249789 -0.00139156 1.78593 
0.970634 0.260426 -0.0317876 1.75467 
0.969702 0.264445 -0.0298496 1.75343 
0.992358 0.181465 0.0928409 1.80396 
0.984416 0.279312 0.099607 1.80099 
0.98568 0.272119 0.0973665 1.80162 
0.983697 0.277759 0.0929226 1.7982 
0.984497 0.276803 0.0965852 1.80013 
0.98215 0.251316 0.0472499 1.7888 
0.976151 0.270901 0.0553045 1.78241 
0.98445 0.252276 0.0689704 1.79789 
0.980495 0.258763 0.0579092 1.78879 
1.00475 0.236527 0.0325276 1.82647 
1.01368 0.214929 0.0109592 1.84657 
0.981899 0.167105 0.107531 1.77863 
1.01394 0.210289 0.0115708 1.84707 
1.003 0.241887 0.0320987 1.82314 
0.97686 0.200543 -0.0309224 1.76045 
1.00173 0.240935 0.0453405 1.8207 
0.938457 0.281242 -0.0748824 1.69788 
0.943083 0.285486 -0.0670778 1.70961 
0.942662 0.279453 -0.0765532 1.70656 
0.941806 0.282572 -0.0730667 1.70587 
0.983053 0.244176 -0.0150119 1.77942 
0.993432 0.169215 0.0942334 1.80471 
1.01177 0.218605 0.0361969 1.84197 
0.997897 0.139506 0.114452 1.82042 
0.995442 0.170022 0.117101 1.81786 
0.994524 0.149101 0.12376 1.81529 
0.995932 0.151896 0.118661 1.81769 
1.01428 0.214569 0.0571381 1.8497 
1.00177 0.246739 0.030272 1.8214 
0.996877 0.253756 0.0318396 1.81144 
0.974684 0.240393 -0.0340311 1.75988 
0.973156 0.247034 -0.03378 1.75758 
0.973448 0.243828 -0.0351646 1.75764 
1.00037 0.246573 0.0360105 1.81772 
1.0323 0.118745 -0.0337734 1.88783 
1.03431 0.106972 -0.0339886 1.89346 
1.03338 0.113098 -0.0432543 1.89169 
1.03307 0.112553 -0.0375049 1.89037 
0.989597 0.154121 0.100294 1.79403 
1.01117 0.220503 0.0324871 1.84028 
1.00183 0.245868 0.0303961 1.82123 
1.00129 0.247747 0.077975 1.8269 
1.02528 0.190695 -0.0571006 1.87725 
0.999801 0.247472 0.0345283 1.81646 
0.993106 0.206915 0.0795668 1.80849 
0.984858 0.225708 -0.00899102 1.78048 
0.935204 0.297499 -0.0292066 1.69576 
0.941671 0.301129 -0.0230121 1.71174 
0.940955 0.297784 -0.0359297 1.70891 
0.939572 0.299187 -0.0297665 1.70631 
1.0014 0.246942 0.0311269 1.82045 
1.01357 0.197408 0.0245422 1.84558 
0.994947 0.268759 0.118016 1.82587 
1.00768 0.111393 0.0602595 1.82863 
1.00617 0.120402 0.0633293 1.82582 
1.00631 0.110721 0.0640111 1.82552 
1.00729 0.113975 0.0623431 1.82805 
1.01008 0.174177 0.0452954 1.83692 
1.02466 0.203469 -0.0736495 1.88057 
0.995335 0.19389 0.0821459 1.81145 
1.01352 0.207344 0.0249073 1.84571 
0.945339 0.300959 -0.0231969 1.71943 
0.94945 0.296926 -0.03292 1.72655 
0.943523 0.297724 -0.0368181 1.71423 
0.946265 0.29902 -0.0311843 1.72074 
0.999813 0.248168 0.0367431 1.81681 
1.01423 0.202808 0.0229447 1.84744 
1.00716 0.237389 0.0174161 1.83308 
0.999798 0.24743 0.0344743 1.81646 
0.99786 0.244921 0.0289046 1.81203 
0.963692 0.302028 0.0122787 1.75064 
1.00017 0.247332 0.0368138 1.81747 
1.02367 0.209074 -0.0735759 1.87966 
0.993679 0.214373 0.120405 1.82144 
0.980154 0.245629 0.123311 1.79903 
0.990423 0.20699 0.146998 1.82052 
0.987643 0.223465 0.130915 1.81259 
0.963709 0.296201 0.00105657 1.74846 
0.982311 0.243624 0.0885817 1.79445 
0.988682 0.282147 0.120942 1.81496 
0.999302 0.247586 0.0331486 1.81543 
0.996707 0.222668 -0.0182204 1.81672 
0.987822 0.184935 0.100022 1.79501 
0.94733 0.128286 -0.0868429 1.68594 
1.02994 0.153968 -0.04299 1.8828 
1.03098 0.151663 -0.0448861 1.88563 
1.01831 0.216591 -0.0236982 1.86089 
0.967472 0.272867 -0.0251727 1.75035 
0.951373 0.271492 -0.077837 1.72327 
0.947692 0.303268 -0.00646093 1.72593 
0.950069 0.30404 0.012826 1.73238 
0.95562 0.299321 0.00364064 1.74179 
0.950783 0.303067 0.00309303 1.73295 
0.983858 0.279487 0.0494037 1.79022 
1.02576 0.154628 0.00460264 1.86957 
1.02531 0.160783 0.00101747 1.86878 
1.02499 0.160243 0.00653237 1.86799 
1.02553 0.158464 0.00411978 1.86919 
0.998314 0.248951 0.0323013 1.81338 
0.965451 0.285362 -0.0133858 1.74916 
0.966272 0.276797 -0.0216749 1.74852 
1.00051 0.246194 0.0352411 1.81793 
1.00039 0.246799 0.0346817 1.81775 
0.99986 0.247359 0.0346729 1.81663 
0.979686 0.284601 0.0298699 1.78126 
0.969867 0.26745 -0.0263127 1.75445 
0.987696 0.27471 0.0560843 1.79835 
1.00032 0.24714 0.0343339 1.81767 
0.968865 0.292205 0.00607103 1.75887 
1.00394 0.246179 0.0234615 1.82731 
0.997638 0.252582 0.0341262 1.81287 
0.987715 0.26102 0.0138152 1.79234 
0.953003 0.296869 -0.0257538 1.73433 
0.948403 0.301736 -0.0156451 1.72658 
0.95584 0.297828 -0.00683961 1.74121 
0.952475 0.298994 -0.0160186 1.73411 
1.00189 0.181565 0.100208 1.83083 
0.999347 0.203889 0.105806 1.82733 
0.997515 0.189115 0.110962 1.82311 
0.999309 0.19124 0.105899 1.82639 
0.962945 0.293023 0.0493484 1.76003 
0.952492 0.303108 0.0339822 1.73914 
0.954024 0.299726 0.0562136 1.74405 
0.955481 0.29968 0.0454597 1.7455 
0.989354 0.114676 0.143133 1.8036 
0.993882 0.0989665 0.131485 1.81098 
0.99309 0.132169 0.132312 1.81218 
0.991848 0.11504 0.135685 1.80827 
1.00026 0.247041 0.0349494 1.81749 
0.995806 0.223713 0.0697916 1.81517 
0.999232 0.213266 0.0794931 1.82331 
1.00056 0.206521 0.0681805 1.82483 
0.999269 0.214704 0.0728845 1.82288 
0.969236 0.27086 -0.0241312 1.75384 
1.02998 0.132228 -0.00674929 1.87982 
1.02986 0.129531 0.00320357 1.8796 
1.03137 0.123248 -0.00676925 1.88369 
1.03011 0.128069 -0.00314064 1.88021 
1.0001 0.24747 0.0348627 1.81719 
0.986348 0.266161 0.0778799 1.80048 
0.988437 0.259302 0.0796535 1.80399 
0.987815 0.259045 0.0717853 1.80204 
0.987509 0.261751 0.0765567 1.80216 
0.998544 0.250861 0.0358425 1.8145 
1.01406 0.193304 0.0208244 1.84674 
0.977856 0.276194 0.00582007 1.7742 
0.999208 0.247066 0.0328961 1.81516 
1.02109 0.181915 0.000867147 1.86052 
0.993952 0.181789 0.121108 1.81645 
0.990225 0.187325 0.129343 1.81042 
0.992886 0.159519 0.127629 1.81331 
0.991473 0.177061 0.126153 1.8113 
0.994923 0.256657 0.0409377 1.808 
0.994771 0.259292 0.0896652 1.81627 
1.00355 0.244275 0.0120969 1.82863 
0.947774 0.125286 -0.070711 1.68586 
1.00172 0.24206 0.0421655 1.82059 
0.947318 0.217172 -0.107647 1.70152 
0.945045 0.226322 -0.104973 1.69784 
0.995496 0.257666 0.0639327 1.81272 
0.997801 0.251813 0.0329153 1.81302 
1.01222 0.219753 0.0272237 1.84277 
0.963996 0.284829 -0.0177377 1.75335 
0.956635 0.292781 -0.0268424 1.74041 
0.960231 0.292646 -0.00710976 1.74862 
0.960077 0.290839 -0.0173464 1.74724 
1.0029 0.242868 0.0306798 1.82312 
0.949773 0.294419 -0.041448 1.7265 
0.946026 0.291365 -0.0536329 1.71765 
0.944303 0.295615 -0.0435396 1.71543 
0.946148 0.293843 -0.0467797 1.7185 
0.966972 0.280533 -0.00807405 1.7585 
0.963621 0.289047 0.00256518 1.7551 
0.969822 0.276442 0.00937797 1.76442 
0.967575 0.281962 0.00142253 1.76105 
0.987461 0.279497 0.107259 1.80938 
0.986368 0.278771 0.111844 1.80705 
0.988053 0.276103 0.115567 1.81083 
0.971369 0.262106 0.0886815 1.77262 
1.03174 0.264399 0.00946735 1.91758 
0.983487 0.265244 0.0668151 1.80104 
1.01104 0.266899 0.0314049 1.86694 
1.0483 0.238935 0.00411679 1.9526 
1.05767 0.206813 0.00547443 1.96801 
1.05348 0.178549 0.0160498 1.94891 
1.03834 0.193836 0.00714623 1.914 
1.09508 0.140966 0.0318179 2.05151 
1.05811 0.156514 0.0293012 1.95597 
1.0956 0.147228 0.0637446 2.05683 
1.08992 0.155013 0.100906 2.04654 
1.08445 0.16319 0.133014 2.03623 
1.08049 0.173129 0.156059 2.02895 
1.02113 0.21251 0.130707 1.88012 
1.03452 0.194082 0.125088 1.90927 
1.0151 0.22578 0.132542 1.86796 
1.01207 0.247509 0.130008 1.86481 
1.01025 0.237908 0.129328 1.85771 
1.00638 0.259399 0.129603 1.85367 
0.998622 0.274198 0.126812 1.838 
0.974629 0.170254 -0.0126508 1.75618 
1.0138 0.232113 -0.0440076 1.86244 
0.999035 0.249403 0.0341639 1.81519 
0.998551 0.24967 0.033334 1.81411 
0.988234 0.261414 0.0201202 1.79327 
0.994963 0.237033 0.0231318 1.80504 
0.992592 0.232427 0.0157946 1.79903 
0.994571 0.242091 0.0215875 1.80414 
0.991804 0.233779 0.0102397 1.79721 
1.01006 0.226689 0.0439861 1.83893 
1.00774 0.225093 0.0376691 1.83249 
1.00751 0.231184 0.0469838 1.83343 
1.00859 0.227181 0.0328756 1.83457 
1.00208 0.242489 0.0593435 1.82398 
0.998393 0.241432 0.0260869 1.81434 
1.00627 0.205228 0.0511086 1.83266 
0.997423 0.228952 -0.000885811 1.81571 
1.00115 0.237957 0.00765897 1.82385 
0.959227 0.239431 -0.0711374 1.72953 
0.99981 0.220368 0.0644681 1.82561 
0.992598 0.262668 0.099779 1.8148 
0.992644 0.265421 0.101582 1.8165 
0.988605 0.232198 0.000767244 1.7896 
0.966392 0.163107 -0.0275905 1.73275 
0.999016 0.248904 0.0338158 1.81499 
1.0107 0.23209 -0.037983 1.8525 
0.998856 0.237087 0.0151638 1.81701 
