0.981674 0.214898 -0.0890951 1.77479 
1.00008 0.247506 0.0347364 1.81716 
1.0124 0.209607 -0.0190354 1.84026 
0.971073 0.245668 0.129623 1.76178 
0.973947 0.244732 0.111501 1.76313 
0.969304 0.266303 0.11877 1.75982 
0.971168 0.252374 0.119695 1.76047 
1.01126 0.206655 0.0569056 1.83434 
0.999511 0.249016 0.0362811 1.8161 
1.01847 0.173799 0.0603688 1.85872 
0.951194 0.317052 0.118032 1.73447 
0.958038 0.311286 0.110947 1.74399 
0.951942 0.32344 0.101747 1.73385 
0.9531 0.317236 0.110639 1.73525 
1.011 0.216105 -0.0136861 1.83736 
1.01434 0.0929159 0.0714624 1.83975 
1.01457 0.0926364 0.0703714 1.84019 
1.01435 0.0940501 0.0702062 1.83972 
1.01435 0.0929991 0.0706909 1.83973 
1.00299 0.239774 0.0266587 1.82271 
1.02288 0.139544 0.0708959 1.85667 
1.01886 0.163854 0.0934416 1.85039 
1.02443 0.128493 0.0879028 1.86127 
1.02386 0.144493 0.0851164 1.86001 
1.00257 0.244167 0.0211262 1.82219 
0.992842 0.267584 0.0392858 1.80581 
1.02173 0.163773 -0.0502889 1.85836 
1.00115 0.246449 0.028034 1.8197 
1.01714 0.1887 0.056625 1.84538 
1.01855 0.181212 -0.0197607 1.84916 
1.01288 0.209054 -0.0236796 1.84146 
1.02165 0.158129 -0.0418142 1.85687 
0.936071 0.302112 0.153257 1.70667 
0.935978 0.283924 0.173812 1.70664 
0.946294 0.292959 0.170068 1.72916 
0.939017 0.293703 0.165508 1.71372 
1.01465 0.126817 0.0655371 1.83868 
1.01768 0.134957 0.0652589 1.84477 
1.00471 0.229112 0.0322565 1.82332 
1.00014 0.247715 0.0346587 1.81733 
1.02003 0.164673 -0.0448487 1.85358 
0.992638 0.262834 0.0159278 1.80257 
0.9137 0.355464 0.153226 1.66863 
0.916364 0.327647 0.199626 1.67703 
0.944298 0.338791 0.163264 1.73388 
0.925208 0.344219 0.171741 1.69621 
1.00008 0.247495 0.034774 1.81714 
1.00128 0.24362 0.0343921 1.81919 
0.992268 0.268747 0.0300982 1.80457 
1.01876 0.185128 0.055857 1.84903 
1.01322 0.0839777 0.105429 1.83925 
1.01482 0.0884201 0.093781 1.84161 
1.01222 0.0952705 0.10291 1.83791 
1.01387 0.0896841 0.10069 1.84067 
0.978828 0.243265 -0.056985 1.77339 
1.01584 0.19169 0.0442866 1.84364 
1.01701 0.182129 0.017121 1.84669 
1.01754 0.182887 0.0236072 1.84798 
1.01843 0.177841 0.0189044 1.8491 
1.01747 0.180994 0.0197913 1.84741 
1.0157 0.107513 0.06893 1.8428 
1.01653 0.103504 0.067844 1.84418 
1.0171 0.114595 0.0661331 1.84499 
1.01622 0.108662 0.0678249 1.84338 
0.969254 0.295088 -0.0207355 1.76 
0.968518 0.297052 -0.0491661 1.7583 
0.964081 0.315085 -0.0321188 1.75535 
0.967086 0.303179 -0.0337308 1.7569 
1.01357 0.198858 -0.0765672 1.84413 
1.01198 0.204214 0.0144175 1.8377 
1.01059 0.111414 0.0773753 1.832 
1.0179 0.186215 0.06652 1.85298 
1.00167 0.242193 0.0347139 1.8196 
0.996898 0.25602 0.0429977 1.81178 
0.985744 0.211363 -0.0717783 1.78307 
1.01633 0.188609 0.0115534 1.84607 
1.01081 0.207784 0.0240402 1.8355 
0.989386 0.266942 0.0672382 1.80029 
1.02191 0.0873498 -0.00635056 1.85489 
1.02291 0.103904 0.00781354 1.85645 
1.02335 0.0829011 0.00925465 1.8571 
1.02276 0.0916251 0.00366904 1.85626 
1.0153 0.191234 0.00999042 1.84346 
0.999039 0.245308 0.0295883 1.81477 
1.01653 0.185876 0.0141656 1.84599 
1.01617 0.188052 0.00886267 1.84478 
1.02301 0.150881 -0.045215 1.86045 
0.972194 0.309157 0.095956 1.7716 
1.00028 0.24735 0.033292 1.81763 
1.01799 0.141582 -0.00104337 1.84705 
1.01834 0.132115 -0.00967411 1.84806 
0.999448 0.247296 0.0324275 1.81573 
1.0008 0.244647 0.0351046 1.81833 
1.0157 0.18426 0.0165123 1.84438 
1.0146 0.189844 0.0161163 1.84346 
1.01567 0.187329 0.0233822 1.84451 
1.01548 0.186906 0.0183541 1.84459 
1.01976 0.0949765 -0.011755 1.85022 
1.01843 0.113322 -0.0102924 1.84796 
1.02211 0.110905 0.00360289 1.85511 
1.02123 0.106903 -0.00619871 1.85418 
1.00204 0.24488 0.0205146 1.82155 
1.0147 0.186696 0.0079053 1.84219 
1.00007 0.247639 0.0340822 1.81724 
1.01222 0.210294 -0.0062997 1.83954 
1.02055 0.176559 -0.0227842 1.85324 
1.00016 0.24768 0.0346189 1.81736 
0.979225 0.293032 0.0549781 1.78337 
0.980576 0.266188 -0.0196815 1.77896 
1.01052 0.189812 0.0713023 1.83362 
1.00324 0.233691 0.0605904 1.82088 
1.01726 0.182023 0.00641134 1.84666 
1.00898 0.230345 0.00872728 1.83423 
0.999755 0.247788 0.0345494 1.81641 
1.01418 0.185221 0.0670745 1.83971 
0.989224 0.161333 0.10869 1.78946 
0.993046 0.157264 0.077625 1.79689 
0.988356 0.16934 0.0700164 1.78392 
0.987544 0.160434 0.0835585 1.78309 
0.989309 0.212355 -0.043071 1.79085 
0.988504 0.217225 -0.0296493 1.78968 
0.98408 0.227347 -0.0188124 1.7816 
0.987523 0.216719 -0.0131336 1.78792 
0.985957 0.220136 -0.0207441 1.78453 
1.00928 0.185863 0.0765795 1.83245 
0.994357 0.263652 0.0235657 1.80755 
0.971654 0.284118 -0.0451468 1.76353 
0.972295 0.283375 -0.0210377 1.76538 
0.973787 0.270913 -0.0324666 1.76692 
0.972149 0.279135 -0.0315154 1.76427 
0.99529 0.25683 0.00960825 1.80817 
0.999921 0.247371 0.0340069 1.81691 
0.96591 0.296973 0.113169 1.75658 
0.968662 0.292982 0.114997 1.76097 
1.01256 0.206895 0.00184509 1.83913 
1.01759 0.144685 0.0649171 1.84436 
1.0007 0.245399 0.0346772 1.81817 
1.02886 0.0505268 -0.0244309 1.87019 
1.02777 0.068977 -0.0357137 1.86727 
1.03023 0.0789287 -0.0135759 1.87323 
1.02889 0.0655755 -0.0259009 1.87027 
0.976442 0.180397 -0.119309 1.76456 
1.02068 0.170834 0.000484095 1.85296 
1.0215 0.164999 0.000968621 1.85428 
1.0216 0.168862 -0.00432808 1.85498 
1.02114 0.167933 -0.00111744 1.85365 
0.975824 0.229012 0.110389 1.76486 
0.973639 0.23034 0.131585 1.76443 
0.978039 0.208291 0.122094 1.76967 
0.976107 0.22236 0.120486 1.76628 
1.01324 0.213934 -0.0471924 1.84324 
1.01501 0.19308 0.00973052 1.84279 
1.01543 0.194058 -0.016048 1.84452 
0.996072 0.258765 0.0269145 1.81036 
0.978004 0.258881 -0.0320582 1.77316 
0.999612 0.248731 0.0347395 1.8163 
1.01858 0.177311 0.00768689 1.84897 
1.01821 0.176741 0.00648269 1.8479 
1.01802 0.177334 0.00982189 1.84793 
1.01738 0.179501 0.00959969 1.84675 
1.01776 0.177988 0.011371 1.84746 
1.01788 0.177994 0.0102116 1.84789 
0.944793 0.329471 0.0717422 1.71847 
1.00982 0.218099 0.00121054 1.83498 
1.02269 0.1079 0.0167112 1.85569 
1.02233 0.102717 0.0328363 1.85421 
1.02342 0.0858871 0.0197721 1.85706 
1.02336 0.0990717 0.0234855 1.85703 
0.990301 0.194601 -0.0301763 1.78937 
0.9905 0.210306 -0.0333931 1.79224 
0.989452 0.208309 -0.0132433 1.7893 
0.991058 0.203864 -0.0287817 1.79251 
1.01087 0.213746 -0.0292874 1.83831 
1.01554 0.174964 0.0605573 1.8415 
0.989563 0.226661 -0.0444031 1.79318 
0.981801 0.238916 -0.0223832 1.77866 
0.980736 0.241835 -0.0274982 1.77674 
0.980442 0.248443 -0.0237022 1.77672 
0.980908 0.243282 -0.0244248 1.77721 
0.986142 0.134069 -0.0858226 1.77718 
0.979526 0.245364 -0.00179732 1.77629 
0.983163 0.241776 0.0200209 1.78432 
0.98596 0.226451 0.00646418 1.78597 
0.982453 0.237083 0.0084866 1.78104 
1.01474 0.0905601 0.0815549 1.84081 
1.0153 0.0914461 0.0747541 1.84173 
1.01474 0.0937306 0.0770609 1.84087 
1.0152 0.0918662 0.0774441 1.8417 
0.979303 0.25911 -0.0399371 1.77647 
1.0216 0.0496321 -0.00971008 1.85288 
1.02032 0.0737506 -0.011685 1.85051 
1.02412 0.0693606 0.00543773 1.85897 
1.02253 0.0656116 -0.00555813 1.85546 
1.00549 0.232157 0.0986038 1.82367 
0.934792 0.258867 0.202924 1.7044 
0.942564 0.218237 0.225947 1.72061 
0.953894 0.247704 0.214019 1.74412 
0.94517 0.242856 0.216327 1.7274 
1.00055 0.247202 0.0318566 1.81827 
0.982838 0.1769 -0.0897752 1.77378 
1.0165 0.186278 0.00259588 1.84537 
1.00093 0.236007 0.00206759 1.81946 
1.00436 0.196248 -0.0581104 1.82393 
0.976343 0.262914 -0.0293863 1.77026 
1.00392 0.237461 0.0242494 1.82386 
1.01388 0.19708 0.0269589 1.83997 
0.99919 0.249789 0.0349343 1.8157 
1.02983 0.00334697 0.0237427 1.87373 
1.0291 0.0281234 -0.0042709 1.87086 
1.03291 0.0444622 0.0263358 1.88093 
1.03059 0.024544 0.0148859 1.87517 
1.00503 0.187439 0.0770974 1.82949 
0.984507 0.281886 0.00832505 1.78977 
0.966641 0.270676 0.0976694 1.7516 
0.970247 0.258402 0.0893396 1.75733 
0.966649 0.26099 0.0862905 1.74757 
0.968061 0.263444 0.090828 1.75235 
1.0226 0.133396 0.0273583 1.85578 
1.02302 0.116235 0.0344184 1.85618 
1.02313 0.119168 0.0191701 1.85695 
1.02254 0.123256 0.0267055 1.8553 
1.01714 0.103644 0.0661375 1.84483 
1.01827 0.110876 0.0633129 1.84589 
1.01766 0.115084 0.0638834 1.84542 
1.01771 0.109705 0.0641994 1.84583 
0.996446 0.239118 0.0181379 1.80887 
0.975744 0.255652 -0.0379392 1.76802 
1.00174 0.242238 0.0362871 1.81991 
0.959644 0.327956 0.0792236 1.74794 
1.00023 0.24755 0.0344612 1.81749 
1.00012 0.247429 0.0347092 1.81724 
0.999981 0.247485 0.0340199 1.81705 
1.00086 0.247065 0.0303343 1.81915 
0.978363 0.222425 0.0945023 1.76958 
0.979914 0.198823 0.0862328 1.77079 
0.978629 0.211899 0.0764795 1.76726 
0.9777 0.209575 0.0849896 1.76592 
1.01532 0.204415 0.0735815 1.84444 
1.01954 0.123625 -0.00484476 1.85083 
1.02191 0.137574 0.00788689 1.8564 
1.02198 0.121405 0.00843149 1.85505 
1.02059 0.127574 0.00498217 1.85267 
1.01162 0.101021 0.0788565 1.83452 
0.999999 0.247541 0.0354121 1.81697 
1.02329 0.0400271 0.00324545 1.85696 
1.02363 0.0591702 0.0157167 1.85756 
1.02482 0.0391818 0.0285419 1.86023 
1.02564 0.0457673 0.0161361 1.86267 
1.01486 0.196236 0.00838991 1.84275 
1.00053 0.245601 0.036089 1.81786 
1.02691 0.121882 -0.016501 1.86376 
1.02567 0.126746 -0.0226773 1.86065 
1.02534 0.131143 -0.0165394 1.85978 
1.02602 0.126336 -0.018827 1.86128 
1.02401 0.122991 -0.0529369 1.85984 
1.02339 0.128265 -0.0534512 1.85892 
1.02487 0.128525 -0.0484386 1.86191 
1.02424 0.12677 -0.0517358 1.8607 
1.00492 0.232764 0.0315172 1.82502 
0.999791 0.247806 0.0344722 1.81647 
0.99936 0.249343 0.0347504 1.81595 
0.970906 0.259529 0.0932867 1.75924 
0.968217 0.272533 0.100628 1.75452 
0.97121 0.267449 0.101621 1.76188 
0.971225 0.2665 0.0986064 1.76079 
0.990455 0.178647 -0.0509654 1.79043 
0.98074 0.294861 0.0443384 1.7871 
0.984477 0.16573 -0.0888876 1.77733 
1.02116 0.165218 0.00433974 1.85353 
1.02019 0.170416 0.00306276 1.85193 
1.02051 0.168817 0.00781407 1.85239 
1.02071 0.168237 0.00479416 1.8529 
1.02743 0.105884 0.0435735 1.86595 
1.02635 0.125955 0.0594071 1.86453 
1.02801 0.11004 0.0694161 1.86866 
1.02551 0.112583 0.0565513 1.86211 
1.01571 0.188759 0.0139508 1.84436 
1.00025 0.247092 0.0346681 1.81748 
1.02169 0.145586 -0.0550558 1.85684 
1.01729 0.180575 0.0277293 1.84704 
1.01953 0.168721 0.0255609 1.85085 
1.01884 0.175009 0.0203173 1.84978 
1.01854 0.174625 0.0249319 1.84941 
0.98155 0.274669 -0.0140773 1.78237 
1.02093 0.147123 0.0439037 1.85202 
1.01864 0.147051 0.0367036 1.84611 
1.01537 0.0922532 0.0730323 1.84195 
1.01503 0.0935261 0.07227 1.84132 
1.01495 0.0941409 0.0746932 1.84122 
1.01489 0.0932307 0.0733205 1.84091 
0.999718 0.242913 0.0213247 1.81644 
1.01377 0.147438 0.0770885 1.84008 
0.970486 0.28565 0.116788 1.76274 
1.01148 0.211433 -0.00143571 1.83777 
0.983065 0.182402 0.0888433 1.77549 
0.985063 0.166857 0.107009 1.77942 
0.984765 0.174613 0.0752756 1.77509 
0.984912 0.173214 0.0880958 1.77738 
0.988025 0.153448 0.192205 1.79862 
0.993592 0.12169 0.187941 1.809 
0.996653 0.145086 0.167716 1.81384 
0.994363 0.139399 0.183426 1.81075 
1.00759 0.221185 0.0387211 1.82848 
1.00071 0.245449 0.03401 1.8182 
1.0167 0.191167 -0.0276237 1.84728 
0.921782 0.27093 0.246581 1.68869 
0.933968 0.186223 0.276271 1.71185 
0.9622 0.241336 0.249471 1.76801 
0.942209 0.24092 0.26153 1.7338 
1.02622 0.13007 -0.00297176 1.8612 
1.02683 0.122685 -0.0110244 1.86316 
1.0254 0.131507 -0.0122285 1.85989 
1.0264 0.128234 -0.0089728 1.86193 
1.00002 0.247696 0.034649 1.81714 
0.974094 0.301037 0.102859 1.77396 
1.01628 0.18703 -0.000642294 1.84483 
0.980238 0.247916 -0.0135857 1.77666 
0.980492 0.240171 -0.0185638 1.7765 
0.979965 0.249205 -0.0218687 1.77578 
0.980503 0.246034 -0.0184425 1.7769 
1.01705 0.183261 0.0441344 1.84477 
0.992704 0.270462 0.046395 1.8065 
1.02013 0.15626 0.0370732 1.84987 
1.0149 0.201767 0.0657726 1.8424 
0.953526 0.323461 0.0957731 1.73623 
0.957982 0.319411 0.100902 1.74409 
1.01322 0.206477 0.00628029 1.84073 
1.01894 0.172765 0.0175999 1.84953 
1.01984 0.167292 0.0216999 1.851 
1.02016 0.169364 0.0141686 1.8517 
1.01974 0.169834 0.0178057 1.85107 
1.0228 0.12975 0.107834 1.85914 
1.01548 0.170555 0.10992 1.8451 
1.01509 0.159775 0.14239 1.84481 
1.01781 0.154833 0.122868 1.8498 
1.01567 0.0842395 0.0909479 1.8431 
1.0153 0.0775727 0.101007 1.84328 
1.01596 0.0775617 0.0904209 1.84333 
1.01515 0.0796295 0.0936356 1.84196 
1.01532 0.196581 0.00967286 1.84372 
1.00961 0.217549 0.0786867 1.83174 
0.999894 0.247978 0.0371875 1.81687 
0.998665 0.113184 0.177918 1.81531 
1.0045 0.116624 0.143901 1.82461 
0.999378 0.136733 0.157485 1.81722 
1.00216 0.123265 0.159966 1.82154 
0.979493 0.264863 -0.0238657 1.77745 
1.00952 0.222421 -0.0307417 1.83738 
1.01776 0.181082 0.0109791 1.84771 
1.01769 0.180106 0.0128601 1.84738 
1.01808 0.179146 0.012217 1.84821 
1.0179 0.180156 0.0121743 1.84784 
1.02254 0.157582 -0.0353382 1.85808 
1.02195 0.16641 -0.00476493 1.85558 
1.02148 0.161471 0.00089843 1.85405 
1.02247 0.156638 -0.00281967 1.8561 
1.02204 0.161962 -0.00212773 1.85545 
1.02182 0.0756375 0.0507641 1.85279 
1.02254 0.0969437 0.0458106 1.85448 
1.02097 0.0888271 0.0537294 1.85085 
1.02087 0.0858558 0.0502392 1.85034 
0.973796 0.295635 0.111921 1.77348 
1.01443 0.0939917 0.0699459 1.83982 
1.01464 0.0926743 0.0698845 1.84026 
1.01484 0.0928983 0.0698254 1.84061 
1.01464 0.0930183 0.0697087 1.84026 
0.99842 0.251808 0.049016 1.81474 
0.999836 0.24771 0.0344573 1.81655 
0.999509 0.247351 0.0328949 1.81589 
1.01791 0.179877 0.0132628 1.84785 
1.01802 0.180331 0.013898 1.84806 
1.01815 0.179026 0.013336 1.84832 
1.01787 0.179702 0.0135586 1.84769 
1.01642 0.179991 -0.0692491 1.84816 
1.0108 0.150449 0.0841357 1.83506 
1.01118 0.110104 0.0792376 1.83389 
1.02167 0.093976 0.039312 1.85227 
1.02115 0.0718805 0.0447908 1.85091 
1.02284 0.0760002 0.0281841 1.8554 
1.02273 0.0802469 0.0375708 1.85487 
1.02068 0.172456 -0.0432367 1.85574 
1.00025 0.245904 0.0398346 1.81743 
1.00027 0.247143 0.0344025 1.81751 
0.95749 0.235386 0.216979 1.75082 
0.945626 0.2085 0.228331 1.7271 
0.96468 0.212687 0.229624 1.76204 
0.957893 0.221037 0.225138 1.75234 
1.00015 0.247713 0.0345904 1.81736 
0.999819 0.247809 0.03664 1.81668 
0.999986 0.247602 0.0352046 1.81695 
1.01523 0.190801 0.0112223 1.84329 
1.01593 0.190063 -0.0679147 1.84732 
1.01424 0.069424 0.10459 1.84074 
1.0174 0.0534951 0.0938175 1.845 
1.01623 0.0709537 0.0910363 1.84334 
1.01573 0.0649778 0.0974832 1.84252 
0.927347 0.358262 0.014909 1.69271 
0.922941 0.362751 0.0383782 1.68606 
0.939454 0.364574 0.0317836 1.71903 
0.929935 0.361359 0.0271953 1.69996 
1.00024 0.245675 0.0285016 1.81784 
1.00863 0.224036 -0.0100685 1.833 
1.01514 0.168776 0.00171618 1.84229 
1.01585 0.190102 0.00849427 1.84469 
1.00431 0.233671 0.0264294 1.8236 
1.00017 0.247478 0.034638 1.81735 
1.01511 0.19361 0.0103439 1.8431 
0.981364 0.1854 -0.100423 1.7722 
1.01549 0.149797 0.0711398 1.84116 
0.978115 0.251515 0.0213405 1.77478 
0.976574 0.252465 0.000269763 1.77103 
0.973976 0.265271 0.0124092 1.76742 
0.978931 0.256304 0.0113898 1.77792 
0.998771 0.250754 0.0366578 1.81506 
1.01846 0.159525 0.0507934 1.84639 
0.956923 0.286331 -0.0977156 1.74051 
1.01802 0.170789 -0.0643081 1.85064 
0.997765 0.2531 0.044879 1.81344 
0.997453 0.12807 0.093825 1.81201 
1.00009 0.247716 0.0347201 1.81724 
1.01448 0.195828 0.0065053 1.84206 
1.02098 0.161392 0.0298247 1.853 
1.0208 0.163419 0.0430331 1.85217 
1.02277 0.153638 0.0354549 1.85624 
1.02127 0.159143 0.0356918 1.85302 
1.01709 0.184292 0.00826912 1.84656 
1.014 0.0933174 0.0717711 1.83905 
1.01409 0.0952921 0.0705612 1.83919 
1.01343 0.0963459 0.0719431 1.83783 
1.01365 0.0947081 0.0711262 1.83823 
0.987774 0.187781 -0.0407597 1.78498 
1.00419 0.153471 0.114858 1.82392 
0.999484 0.1522 0.139132 1.81632 
1.00333 0.145041 0.122963 1.82216 
1.00373 0.151929 0.125216 1.82375 
1.00439 0.233221 0.0521527 1.82403 
1.01938 0.170296 0.0493896 1.84921 
0.999788 0.247677 0.0345705 1.81646 
0.999691 0.246518 0.0325898 1.81633 
1.02292 0.144747 -0.0450365 1.8594 
0.99993 0.247676 0.0356141 1.81683 
0.998998 0.245725 0.0309237 1.81465 
1.0002 0.247313 0.0323445 1.81755 
0.996574 0.160563 0.144959 1.81257 
1.00126 0.158955 0.113669 1.81832 
0.99117 0.165603 0.134652 1.80088 
0.996131 0.165142 0.132889 1.8112 
1.00009 0.247704 0.0343496 1.81728 
1.00993 0.21435 -0.0625124 1.83708 
1.01364 0.202414 0.0127098 1.84105 
1.00904 0.212889 0.0646763 1.83221 
1.01464 0.191263 0.0817571 1.84444 
1.01608 0.180592 0.059844 1.84607 
1.01497 0.195978 0.0698403 1.84491 
1.00889 0.100259 0.120781 1.83174 
1.011 0.0856345 0.112748 1.83531 
1.01106 0.0975653 0.108351 1.83599 
1.01015 0.094403 0.114029 1.83373 
0.999759 0.248267 0.0345963 1.81646 
1.00021 0.247385 0.0346321 1.81743 
1.00081 0.246849 0.030902 1.8189 
1.00072 0.246431 0.0324707 1.81848 
1.01561 0.188235 0.0248455 1.84322 
1.00864 0.218873 -0.0536869 1.83633 
1.01205 0.20762 0.0133689 1.8381 
0.997466 0.240672 0.025031 1.8113 
1.01125 0.212718 0.0227927 1.83683 
0.999424 0.246568 0.0321357 1.81564 
0.991126 0.201324 -0.0228978 1.79295 
1.01006 0.216871 0.0344451 1.83424 
0.977709 0.268925 -0.0249217 1.77437 
1.02988 0.0468453 -0.00902157 1.87263 
1.03125 0.0780145 -0.00104197 1.87512 
1.03179 0.0610274 0.0189347 1.87702 
1.03212 0.0637435 0.00448353 1.87783 
1.01173 0.20793 0.0300307 1.83735 
1.01244 0.120249 0.0797289 1.83637 
1.02079 0.141675 0.0569765 1.8516 
1.0185 0.141429 0.0527228 1.84577 
1.02522 0.109373 -0.0506988 1.862 
1.02447 0.11694 -0.0521685 1.86045 
1.02664 0.116893 -0.0441671 1.86496 
1.02553 0.114905 -0.0494905 1.86285 
1.01384 0.196167 -0.0693251 1.84398 
1.00869 0.221857 0.0450083 1.83172 
1.00038 0.247008 0.033411 1.81772 
1.01843 0.188987 -0.0332803 1.85047 
1.01678 0.18838 0.0421807 1.84522 
0.96398 0.245539 -0.116233 1.74615 
0.997595 0.256648 0.0323464 1.81327 
1.02054 0.166787 0.013553 1.85227 
1.02148 0.163806 0.0206089 1.85459 
1.0213 0.161139 0.0155097 1.85414 
1.02064 0.163719 0.0166659 1.85241 
1.01694 0.184633 0.0114886 1.84619 
0.967942 0.2829 0.118874 1.7589 
0.963477 0.296406 0.115885 1.7517 
0.964787 0.282443 0.126333 1.7529 
0.965138 0.28774 0.12073 1.75345 
1.02287 0.120914 0.0401558 1.8555 
1.02298 0.136265 0.0322141 1.85648 
1.02141 0.13716 0.0433046 1.85282 
1.02199 0.130832 0.0386213 1.85368 
1.01614 0.187113 0.00742006 1.84454 
1.02161 0.167551 0.0385289 1.8542 
0.992355 0.176998 -0.0470989 1.79359 
1.01661 0.09402 0.0703915 1.84433 
1.01579 0.0918694 0.0724988 1.84263 
1.01616 0.0897192 0.0741247 1.84351 
1.01609 0.0918931 0.0722149 1.84323 
1.01354 0.197484 -0.0776472 1.84385 
0.994961 0.255858 0.0698482 1.8102 
0.981797 0.28816 0.00512999 1.78637 
1.01526 0.185601 0.00872562 1.84347 
1.01523 0.193936 -0.0662927 1.84674 
0.99996 0.247613 0.0378558 1.81706 
1.01694 0.183627 0.0107031 1.84608 
0.999747 0.247889 0.034036 1.8164 
1.00939 0.115177 0.0818377 1.83056 
1.02064 0.160332 0.0508814 1.85169 
1.02306 0.145727 0.054817 1.85643 
1.02239 0.149982 0.0406016 1.85471 
1.02338 0.151983 0.0489953 1.85711 
0.980965 0.258937 -0.0274194 1.7793 
0.981053 0.257509 -0.0253323 1.77925 
1.01504 0.192732 0.0502824 1.84097 
0.999844 0.247372 0.0344416 1.81656 
1.00952 0.211618 0.0355719 1.83254 
1.01488 0.192469 0.0106672 1.84256 
1.02395 0.0633051 0.0271766 1.85824 
1.0225 0.0606507 0.0460326 1.85439 
1.02406 0.0444924 0.0388282 1.85827 
1.02335 0.0556293 0.0374431 1.85646 
1.0002 0.247125 0.0349537 1.81738 
1.01467 0.178435 0.0747003 1.84224 
0.977641 0.20173 0.248611 1.79118 
0.961137 0.148162 0.277772 1.7661 
0.992036 0.134674 0.236446 1.8091 
0.979725 0.162252 0.258932 1.79662 
0.951228 0.324813 0.0329508 1.72695 
1.00633 0.232233 0.0136215 1.82845 
0.971334 0.314457 0.0240223 1.76944 
0.96001 0.329027 0.0695308 1.74934 
1.00016 0.247179 0.0355116 1.81731 
1.00025 0.247448 0.0344726 1.81753 
1.00936 0.217285 0.0275465 1.83269 
0.993586 0.145162 0.0905967 1.80243 
0.976867 0.297571 0.022101 1.77767 
1.01417 0.199292 -0.0176324 1.84285 
1.01664 0.188191 -0.0214657 1.84672 
1.01725 0.181131 0.0126562 1.84647 
1.01747 0.182097 0.0114219 1.84718 
0.982442 0.285622 0.0573672 1.78789 
0.999635 0.248718 0.036037 1.81632 
0.951061 0.303371 0.144706 1.73564 
0.939349 0.306635 0.147116 1.7152 
0.948653 0.29439 0.161036 1.73374 
0.945803 0.303303 0.151494 1.72839 
1.00035 0.246989 0.0338454 1.81765 
0.968427 0.315939 0.0779625 1.76306 
1.01785 0.179399 0.00768456 1.84773 
1.01863 0.178036 0.00819852 1.84934 
1.01643 0.0767364 0.150139 1.85021 
1.01262 0.137737 0.171549 1.84152 
1.00751 0.111391 0.197806 1.83395 
1.01275 0.108735 0.175381 1.84293 
1.01691 0.19286 -0.0095787 1.84685 
1.01611 0.18467 0.0268788 1.84346 
1.01241 -0.0133086 0.0930799 1.84039 
1.01872 0.0248156 0.0984764 1.84995 
1.00665 0.0203571 0.127014 1.82869 
1.01438 0.0110947 0.108006 1.84473 
1.01952 0.117547 0.0620497 1.84856 
1.01928 0.130937 0.0629474 1.84853 
1.0175 0.120855 0.062779 1.84453 
1.01866 0.123198 0.0626754 1.84681 
0.946842 0.329832 0.0814255 1.72456 
1.01443 0.200359 -0.0694535 1.84569 
1.02176 0.164149 -0.0319194 1.85597 
0.998426 0.224928 0.112937 1.8129 
1.00905 0.200201 0.0968724 1.83413 
1.00221 0.220193 0.0759319 1.81758 
1.00595 0.215989 0.0943251 1.82639 
0.982681 0.231539 -0.0237615 1.77897 
0.98541 0.222034 -0.0333667 1.78391 
0.98166 0.236241 -0.0296554 1.77858 
0.982477 0.229851 -0.0287863 1.77834 
1.0159 0.200682 -0.0410149 1.84677 
1.00023 0.247632 0.0345452 1.81752 
0.994876 0.248914 0.00840315 1.80639 
1.00869 0.109389 0.120039 1.83215 
1.01004 0.103405 0.107333 1.83353 
1.01015 0.117339 0.109403 1.83395 
1.00993 0.109938 0.112365 1.83383 
0.9774 0.253262 -0.0367563 1.77089 
1.00469 0.143361 0.101243 1.82388 
1.00377 0.150652 0.107703 1.82249 
1.00559 0.143865 0.114864 1.82751 
1.00498 0.145478 0.107348 1.8254 
0.976668 0.1771 -0.109765 1.76163 
0.971193 0.268308 0.115274 1.76328 
0.973791 0.250161 0.106589 1.76366 
0.972998 0.264425 0.107594 1.76542 
0.972799 0.260544 0.109881 1.76432 
1.02124 0.162123 0.00755495 1.85359 
1.02029 0.166388 0.010397 1.85168 
1.02062 0.160996 0.0129242 1.85246 
1.02088 0.163164 0.0104494 1.85304 
1.01933 0.180388 -0.0391316 1.85244 
1.00949 0.124847 0.0888756 1.83238 
1.00738 0.134991 0.0951718 1.82888 
1.00956 0.125571 0.0999098 1.8336 
1.00933 0.128278 0.0942609 1.83281 
1.02986 0.00418816 0.0538034 1.87454 
1.03161 0.0435767 0.0479951 1.87759 
1.02583 0.0364196 0.0923081 1.86516 
1.03167 0.0270724 0.0640232 1.87777 
0.984524 0.236236 0.0318127 1.78501 
0.992689 0.220729 0.0421965 1.8028 
0.988073 0.219238 0.0145097 1.78798 
0.990326 0.225246 0.029632 1.79641 
1.00125 0.243915 0.0333361 1.81915 
1.0001 0.247331 0.0351503 1.81716 
1.0225 0.159243 -0.0131937 1.85669 
1.02097 0.165104 -0.0086289 1.85303 
1.02242 0.156013 -0.0069799 1.85595 
1.02243 0.160406 -0.00977563 1.85623 
0.999949 0.247623 0.0348264 1.81685 
1.01932 0.159174 -0.0608548 1.8531 
1.00004 0.247175 0.0358132 1.81712 
1.0138 0.208614 0.0723261 1.84006 
1.00034 0.246777 0.0341467 1.81757 
0.97019 0.292648 0.113205 1.76308 
0.971438 0.293673 0.110841 1.76628 
0.980228 0.250494 -0.0446734 1.77769 
0.999991 0.247574 0.0349352 1.81694 
1.01497 0.182858 0.006804 1.84266 
1.01311 0.204525 0.0311128 1.83945 
1.01509 0.193977 0.0112354 1.84311 
1.02076 0.0853652 0.0619434 1.85074 
1.01912 0.0828413 0.0687557 1.84788 
1.02026 0.0753199 0.0687798 1.84973 
1.01992 0.0809055 0.0669104 1.849 
1.01356 0.20266 -0.0654275 1.84349 
0.983909 0.259694 -0.0252096 1.78595 
1.01018 0.223619 -0.0368364 1.83875 
0.999891 0.247398 0.0364392 1.81694 
0.998649 0.251628 0.0388 1.81509 
0.963385 0.321572 0.0276488 1.75373 
1.01542 0.193611 0.0118649 1.84395 
0.993469 0.230369 0.0583334 1.80903 
0.98474 0.244853 0.0456728 1.7886 
0.984325 0.258404 0.0743159 1.7917 
0.98522 0.244312 0.0591195 1.79154 
1.00015 0.247494 0.0336737 1.81741 
0.952549 0.320016 0.176159 1.74816 
0.932457 0.311953 0.217397 1.71466 
0.962651 0.274488 0.222341 1.76408 
0.952011 0.307664 0.208406 1.74991 
1.01799 0.182578 -0.0329539 1.84871 
1.01858 0.181507 -0.0125361 1.84827 
1.01527 0.192116 0.0182173 1.84308 
0.966592 0.252167 0.133045 1.75441 
0.967041 0.26971 0.121468 1.75575 
0.962815 0.271222 0.130646 1.74754 
0.967361 0.264639 0.128319 1.75742 
0.983662 0.223763 -0.0395996 1.78124 
0.982105 0.233194 -0.0416737 1.7793 
0.979996 0.23573 -0.0334363 1.77513 
0.981953 0.230588 -0.0380888 1.77903 
1.01534 0.190697 0.0636809 1.84227 
1.0225 0.155072 0.0310389 1.85589 
1.02464 0.132922 -0.0436423 1.8615 
1.02392 0.139292 -0.044173 1.86111 
1.02414 0.138018 -0.0384306 1.86064 
1.02415 0.13647 -0.0423179 1.86091 
0.999881 0.247863 0.0349367 1.81674 
0.999981 0.247466 0.036017 1.81711 
1.0177 0.0877994 0.0711933 1.84532 
1.01646 0.0935367 0.070133 1.84376 
1.01593 0.0886406 0.0741059 1.84298 
1.01701 0.0898415 0.0719135 1.8452 
0.970623 0.210105 -0.120247 1.75596 
1.02417 0.142545 -0.0374545 1.86158 
1.02281 0.143059 -0.0416681 1.85853 
0.956643 0.311852 0.00217718 1.73714 
0.978182 0.272768 0.132071 1.78386 
1.01232 0.0985788 0.0991172 1.83798 
1.01492 0.0921368 0.0911014 1.842 
1.01342 0.102103 0.0916358 1.83918 
1.01359 0.0975651 0.0941814 1.83976 
0.999916 0.247726 0.0351459 1.81682 
1.01509 0.192999 0.0547786 1.84114 
1.02745 0.118549 -0.0075172 1.86423 
1.0263 0.126609 0.00156936 1.86126 
1.02652 0.118752 0.00379164 1.86138 
1.02714 0.120696 -0.000693719 1.86313 
0.960113 0.273847 0.0905551 1.73242 
0.959051 0.27474 0.0968909 1.73045 
0.960383 0.276157 0.0977683 1.7359 
0.959741 0.274613 0.0946778 1.73263 
0.971235 0.270838 -0.0311776 1.76167 
1.00026 0.247251 0.0340633 1.81749 
1.0009 0.245795 0.0311399 1.81881 
1.0152 0.195792 0.0200407 1.84296 
0.979316 0.200162 -0.0981776 1.7674 
1.01373 0.198875 0.0602656 1.83894 
0.973524 0.243906 0.0865148 1.76045 
0.976101 0.233387 0.0956616 1.76526 
0.976912 0.221887 0.0777713 1.76366 
0.974146 0.233091 0.0866672 1.75981 
1.0002 0.247189 0.034724 1.81737 
1.0101 0.182463 0.0651432 1.84182 
1.01512 0.19455 0.0133181 1.84305 
1.01987 0.170917 0.0433539 1.8504 
1.00075 0.244872 0.0359123 1.8183 
1.01046 0.218754 0.00600432 1.83666 
1.0218 0.0709474 0.0566264 1.85298 
1.02053 0.0827565 0.0583147 1.84994 
1.02007 0.0718234 0.0653869 1.84916 
1.02148 0.0743502 0.0597942 1.8524 
0.99992 0.247681 0.0348245 1.8168 
1.01871 0.041396 0.103641 1.84885 
1.01229 0.0637675 0.115264 1.83721 
1.01099 0.0403062 0.129358 1.83636 
1.01279 0.0482376 0.117039 1.83641 
0.999847 0.247675 0.0341478 1.81658 
1.00057 0.245965 0.0347959 1.81793 
0.937813 0.319911 0.112992 1.70929 
0.935232 0.315475 0.130843 1.70417 
0.943701 0.319284 0.122694 1.72301 
0.939355 0.317888 0.121868 1.71338 
1.01282 0.210745 -0.0359983 1.84154 
1.01479 0.09257 0.0697232 1.84055 
1.01486 0.0930605 0.0695214 1.8407 
1.01492 0.0927096 0.0697809 1.84079 
1.01486 0.0926947 0.0696575 1.84071 
0.996579 0.252424 0.023086 1.81069 
0.972145 0.30931 0.0828409 1.77108 
1.01344 0.196973 0.0532992 1.83797 
1.01474 0.188568 0.00904238 1.84229 
0.999758 0.248344 0.0350918 1.81652 
0.992732 0.216237 -0.0277461 1.79925 
1.02475 0.121205 -0.0510163 1.86127 
1.02532 0.12652 -0.0463573 1.86212 
1.02616 0.120911 -0.0434755 1.86404 
1.02569 0.12326 -0.047025 1.86316 
0.992954 0.210389 -0.0195245 1.79883 
0.987229 0.157248 -0.0839607 1.78317 
0.981914 0.184282 0.0997779 1.77422 
0.980236 0.187833 0.118161 1.77201 
0.983005 0.171405 0.117512 1.7758 
0.983229 0.1803 0.112467 1.77747 
1.00058 0.246525 0.0331306 1.81812 
0.999958 0.247629 0.0349084 1.81688 
1.02013 0.170053 -0.020639 1.85179 
1.00557 0.134948 0.119584 1.82693 
1.0056 0.119676 0.122951 1.82616 
1.00859 0.125176 0.111467 1.83083 
1.00744 0.127433 0.118292 1.83037 
0.977981 0.202631 0.132404 1.76902 
0.973588 0.2241 0.143652 1.76652 
0.976735 0.20533 0.159149 1.77322 
0.976195 0.20947 0.144642 1.76915 
1.01513 0.194132 0.0086211 1.84313 
1.02086 0.170571 -0.013816 1.8536 
0.939149 0.313513 0.138124 1.71518 
0.948889 0.308961 0.137412 1.73044 
0.947228 0.315159 0.1295 1.72967 
0.945079 0.313218 0.134767 1.72624 
0.999771 0.248134 0.0355548 1.81651 
0.977065 0.27961 -0.0186324 1.77438 
0.999873 0.247682 0.0346797 1.81668 
0.999494 0.235942 0.0842227 1.81218 
0.999621 0.243319 0.0261248 1.81644 
1.01496 0.197704 0.0101439 1.8426 
0.986038 0.178598 -0.0733504 1.78062 
0.999668 0.24848 0.034835 1.81634 
1.01803 0.16429 0.00330701 1.84831 
1.00046 0.246342 0.0345828 1.81773 
1.01528 0.191943 0.0110462 1.84367 
1.004 0.00856617 0.172958 1.82942 
1.01371 0.0447906 0.149519 1.84612 
1.00293 0.0805953 0.206105 1.8249 
1.00854 0.0433212 0.179894 1.838 
1.02039 0.173806 -0.00123025 1.85265 
1.01927 0.172383 -0.00428178 1.84975 
1.01603 0.183526 0.0500751 1.84194 
1.0217 0.0237333 0.0803447 1.85416 
1.01759 -0.0101908 0.0635611 1.84464 
1.02109 0.0231819 0.0504535 1.85077 
1.02422 0.00969424 0.0678094 1.85878 
1.0174 0.182347 0.00373324 1.84698 
1.00043 0.246166 0.0352509 1.81764 
0.999875 0.24706 0.0330887 1.81677 
1.01127 0.167358 0.0831017 1.83619 
0.9998 0.248282 0.0343578 1.81654 
1.01496 0.189305 -0.0741617 1.84547 
1.00014 0.247249 0.0350217 1.81724 
1.01226 0.202944 -0.0746453 1.84061 
1.01865 0.15121 0.00278395 1.84854 
1.01837 0.178814 -0.0077103 1.84799 
1.0104 0.102831 0.079682 1.83187 
1.00004 0.220266 -0.0163682 1.8155 
0.96621 0.285669 -0.0219434 1.75225 
1.0142 0.196277 0.0316583 1.84092 
1.01247 0.209554 -0.0620474 1.84154 
0.9909 0.156602 -0.0645705 1.78998 
1.02042 0.167294 0.0301 1.85258 
1.01724 0.181896 0.0340188 1.84645 
1.01925 0.172387 0.0427043 1.85001 
1.01996 0.17378 0.035863 1.85153 
1.01428 0.197702 -0.0547729 1.84373 
1.0135 0.194845 -0.0784747 1.84373 
1.00225 0.244768 0.0242151 1.82184 
0.958953 0.298488 0.118445 1.74248 
0.956891 0.298307 0.131959 1.7403 
0.960959 0.286087 0.128899 1.74492 
0.959501 0.293336 0.126586 1.7438 
1.01113 0.192221 0.112851 1.83895 
1.00195 0.218585 0.133796 1.82093 
1.0086 0.186865 0.151855 1.83403 
1.00661 0.199613 0.132784 1.82974 
0.998901 0.251724 0.037423 1.81557 
1.01722 0.184888 0.0173903 1.84684 
1.02475 0.12775 0.0475123 1.86013 
1.02712 0.112866 0.0351866 1.86483 
1.02522 0.127111 0.0301041 1.86046 
1.02587 0.121979 0.0376826 1.86248 
0.999839 0.247567 0.040175 1.81695 
0.999755 0.248262 0.0362307 1.81651 
1.01436 0.203037 -0.0343896 1.84364 
0.999888 0.245315 0.0300269 1.81694 
0.967307 0.313388 0.0971094 1.76225 
1.0002 0.247435 0.0340858 1.81742 
1.02283 0.143629 -0.0511372 1.85923 
1.00173 0.238252 0.0494965 1.81905 
1.02184 0.138614 0.0146488 1.85528 
1.0217 0.136231 0.0244581 1.85397 
1.0223 0.124189 0.0155495 1.85537 
1.02198 0.132305 0.0182006 1.85494 
0.979558 0.258076 -0.0260355 1.77585 
0.978888 0.253988 -0.0180572 1.7742 
0.979999 0.253671 -0.0234201 1.77628 
0.980396 0.255289 -0.0227724 1.77754 
0.975609 0.219447 0.101827 1.76289 
0.9787 0.199688 0.113424 1.77057 
0.978422 0.195054 0.0956158 1.76729 
0.978397 0.204017 0.103425 1.76866 
1.00055 0.246106 0.0337765 1.81794 
0.997046 0.211288 0.0395618 1.80855 
1.00208 0.193023 -0.0022362 1.81666 
0.993147 0.209238 0.00731818 1.79711 
0.997113 0.20285 0.0168475 1.80648 
1.01184 0.154809 0.0861745 1.83812 
1.01351 0.0939211 0.0730775 1.83797 
1.01372 0.09572 0.0729441 1.83858 
1.01094 0.212685 0.0171785 1.83614 
0.974889 0.284199 -0.0137869 1.77001 
0.958062 0.319581 -0.0399821 1.74583 
0.963095 0.305385 -0.0541282 1.75036 
0.954043 0.319859 -0.0555075 1.74154 
0.959251 0.316007 -0.0499745 1.74951 
0.979397 0.258724 -0.0306593 1.77582 
1.00135 0.246471 0.028876 1.81998 
0.978496 0.177479 -0.117756 1.76741 
1.01625 0.178635 0.0572478 1.84268 
1.00581 0.228949 0.0196189 1.82645 
0.987873 -0.015801 0.165069 1.79171 
1.01053 -0.0372068 0.103957 1.8395 
1.00835 0.011686 0.145731 1.83452 
1.00195 -0.0166652 0.141728 1.82237 
1.01776 0.156253 -0.00216876 1.847 
0.983392 0.204307 0.0415421 1.77348 
0.979579 0.219886 0.0463421 1.76626 
0.979951 0.213512 0.0591208 1.76741 
0.979779 0.212261 0.0485325 1.76612 
0.976259 0.253385 -0.0335561 1.76848 
1.00299 0.239064 0.0298306 1.82252 
1.01386 0.201978 -0.0721937 1.84433 
1.00002 0.247545 0.0348661 1.81702 
1.0147 0.198926 0.00536165 1.84303 
1.0089 0.102067 0.0823452 1.82914 
1.00557 0.199836 0.118472 1.82439 
1.01443 0.195303 0.0423568 1.84133 
0.999294 0.246929 0.0486393 1.81509 
1.01514 0.190244 0.0109392 1.84301 
1.00008 0.24689 0.036455 1.81728 
1.01147 0.100424 0.0765655 1.83391 
1.01372 0.200546 0.0263747 1.8401 
0.985465 0.226939 -0.0579173 1.78399 
1.00019 0.247573 0.0343286 1.81743 
0.998792 0.243395 0.0294227 1.81413 
1.01559 0.0906388 0.0745974 1.84226 
1.01582 0.0882885 0.0812553 1.84308 
1.01593 0.0884172 0.0770715 1.84301 
1.01554 0.0890853 0.0771015 1.84216 
0.98862 0.167997 0.0765726 1.79092 
1.01409 0.169898 0.0763381 1.84105 
1.01698 0.187152 -0.0658918 1.84941 
0.98652 0.262157 0.120271 1.79409 
0.954372 0.304906 0.131336 1.73747 
0.956341 0.303289 0.118591 1.73921 
0.950425 0.312741 0.124822 1.73165 
0.954931 0.30705 0.125307 1.73866 
1.02584 -0.0123956 0.029634 1.86191 
1.02167 0.0188681 0.0044139 1.85267 
1.02735 0.0230462 0.0326266 1.86652 
1.0226 0.00995522 0.0212778 1.85448 
1.00435 0.108045 0.0912433 1.82191 
1.01231 0.201038 0.0368972 1.8373 
0.939351 0.323365 0.0897727 1.70919 
0.944717 0.32606 0.089464 1.72047 
1.01922 0.106216 0.0633951 1.84808 
1.01817 0.100355 0.0665675 1.84663 
1.01906 0.0993474 0.0649383 1.84802 
1.01798 0.101679 0.0651453 1.84548 
1.01952 0.178031 0.0508339 1.85011 
1.00915 -0.0206395 0.131843 1.83616 
1.02177 -0.0157308 0.0712119 1.85827 
1.02137 0.0236458 0.117138 1.86078 
1.01933 -0.00494426 0.108363 1.85641 
1.01767 0.180478 0.0151114 1.84733 
1.0184 0.177408 0.0161307 1.8488 
1.01813 0.178089 0.0135957 1.84819 
1.0185 0.17852 0.0150927 1.84903 
1.01017 0.221415 0.0151727 1.8361 
1.02152 0.157179 0.0115768 1.85444 
0.999894 0.247385 0.034637 1.81666 
0.970027 0.297622 -0.00798128 1.76232 
1.00023 0.247507 0.0345578 1.81749 
0.986446 0.27621 0.00174327 1.79333 
0.995471 0.260517 0.0441379 1.80954 
1.01663 0.187595 -0.0620329 1.84822 
0.985615 0.284915 0.0228019 1.79271 
1.01794 0.172329 0.0814216 1.84899 
1.02318 0.14826 0.0659123 1.8577 
1.01883 0.166154 0.0603944 1.85014 
1.01918 0.161615 0.069382 1.85001 
1.00026 0.247208 0.0345408 1.81751 
1.00659 0.138161 0.100369 1.82808 
1.00575 0.138409 0.113326 1.8272 
1.00876 0.12921 0.106102 1.83198 
1.00735 0.135722 0.106845 1.82997 
0.971049 0.292647 -0.0123974 1.76534 
0.994605 0.263282 0.0394338 1.80831 
0.999927 0.24764 0.034811 1.8168 
1.01281 0.189522 0.0799182 1.83654 
1.02103 0.148746 0.0492446 1.85233 
1.00048 0.246427 0.0341966 1.8178 
0.999691 0.247839 0.0337699 1.81644 
0.995892 0.259038 0.0324423 1.80973 
1.01934 0.16689 -0.0555854 1.85307 
1.01506 0.195171 0.0103939 1.843 
0.977253 0.259452 -0.00661239 1.77324 
0.971998 0.277024 -0.00728531 1.7646 
0.97592 0.271805 0.00492587 1.77244 
0.974231 0.2697 -0.00343817 1.7677 
1.01476 0.189071 0.00856307 1.84236 
0.987954 0.16891 0.183305 1.79858 
0.99492 0.158862 0.161581 1.81072 
0.988873 0.170232 0.152928 1.79854 
0.990464 0.167599 0.167135 1.80228 
1.015 0.191246 0.0108514 1.8428 
1.00089 0.244838 0.0333065 1.81856 
0.98395 0.132837 -0.110132 1.77287 
0.999933 0.247507 0.0347344 1.81685 
1.02511 0.137709 0.00450508 1.85939 
1.02352 0.145176 0.00136129 1.85701 
1.02349 0.145483 0.0103464 1.8568 
1.0243 0.142694 0.00541286 1.8581 
0.982281 0.233548 -0.0143234 1.7795 
0.981541 0.243318 -0.00843624 1.77949 
0.985027 0.224875 -0.00375847 1.78425 
0.982034 0.233898 -0.00853114 1.779 
0.999506 0.249028 0.0350119 1.81611 
1.01552 0.196407 0.0138916 1.84401 
1.01663 0.18441 -0.0609563 1.8478 
1.0185 0.190606 -0.0457083 1.85161 
0.998722 0.250573 0.0419359 1.81512 
0.980198 0.244686 -0.0291192 1.77584 
0.97928 0.251323 -0.0296465 1.77431 
0.980147 0.250381 -0.025459 1.77613 
0.980009 0.248752 -0.0281208 1.77553 
1.02644 0.10651 -0.0463046 1.86471 
1.02741 0.113662 -0.0390735 1.86622 
1.02815 0.105282 -0.0337014 1.86778 
1.02781 0.108616 -0.0397398 1.86756 
0.997017 0.0663758 0.191842 1.81656 
0.988997 0.0218192 0.195178 1.79628 
1.00455 0.0325598 0.1651 1.82455 
1.00136 0.0390548 0.187045 1.82491 
0.985178 0.281603 0.0164191 1.79096 
1.0007 0.244358 0.0363793 1.81818 
0.991825 0.241075 0.11259 1.80738 
0.996596 0.231031 0.0746107 1.81541 
0.983729 0.259342 0.0909484 1.79267 
0.988949 0.245808 0.0927477 1.80387 
1.02704 0.0849118 -0.0424324 1.86548 
1.02604 0.0990368 -0.0474935 1.86351 
1.02998 0.0990229 -0.0338555 1.87241 
1.02799 0.0952112 -0.0409502 1.86796 
1.01514 0.191614 0.0366308 1.84433 
1.0103 0.209728 0.0503986 1.83698 
1.01766 0.182825 0.0504538 1.85004 
1.01254 0.194827 0.0472835 1.84031 
0.997734 0.253963 0.0368884 1.81313 
1.0001 0.245763 0.0386033 1.81704 
0.971259 0.273907 -0.0490585 1.76151 
0.973682 0.267787 -0.0438697 1.7653 
1.00014 0.247682 0.0344128 1.81733 
1.0197 0.178647 0.020867 1.85025 
1.0001 0.247327 0.035366 1.81717 
1.01424 0.0924229 0.0855097 1.8402 
1.01447 0.09613 0.0797847 1.84085 
1.01354 0.100957 0.0865746 1.83916 
1.01447 0.0962393 0.0839441 1.84104 
1.00027 0.24693 0.0347118 1.81747 
1.01916 0.175606 -0.0555208 1.85301 
1.01625 0.183146 -0.0690591 1.84785 
1.01155 0.0804972 0.121486 1.83748 
1.00727 0.096943 0.130269 1.82863 
1.00886 0.0814655 0.141524 1.83252 
1.00851 0.0863741 0.131682 1.83108 
1.00018 0.246829 0.0360057 1.81737 
1.01783 0.178465 -0.0573488 1.84999 
0.99911 0.246694 0.0312283 1.81496 
0.999953 0.247572 0.0346473 1.81699 
1.01203 0.0970228 0.0756114 1.83498 
0.946525 0.3144 -0.0741593 1.72586 
0.943461 0.322263 -0.0648803 1.72051 
0.949268 0.322012 -0.0644988 1.73221 
0.946092 0.319139 -0.0678203 1.72556 
0.999907 0.247746 0.0349214 1.81679 
1.01526 0.193117 0.0136711 1.84344 
1.00024 0.247268 0.0343471 1.81748 
1.00265 0.192084 0.175005 1.82596 
0.995924 0.229436 0.155857 1.81206 
0.988115 0.229795 0.206273 1.80223 
0.997132 0.221408 0.179124 1.81639 
1.01796 0.184627 -0.00364951 1.84772 
1.00838 0.222605 0.0308273 1.83048 
1.01023 0.229635 -0.0215041 1.83998 
1.00047 0.24609 0.0356829 1.81769 
1.0003 0.245275 0.037421 1.81737 
1.00842 0.167533 0.186748 1.83969 
0.992488 0.201603 0.225978 1.81529 
1.00659 0.140584 0.215618 1.83815 
0.999318 0.169686 0.209938 1.82364 
0.992187 0.247524 -0.00886408 1.80062 
0.999821 0.247593 0.0345435 1.81651 
1.01196 0.215899 -0.0419197 1.84057 
0.945517 0.329126 0.0485043 1.7172 
0.980803 0.285256 0.0676766 1.78439 
1.01179 0.156636 0.0808089 1.83667 
1.02232 0.138921 -0.0522253 1.85764 
1.023 0.134492 -0.0549152 1.85888 
0.999905 0.247726 0.0347454 1.81677 
1.01628 0.19416 -0.0515797 1.84731 
1.02199 0.154946 0.018506 1.85485 
1.0147 0.190975 0.0100727 1.84226 
0.917872 0.365639 0.0665953 1.67727 
0.912556 0.364551 0.104884 1.66612 
0.933682 0.368836 0.0858543 1.71609 
0.923085 0.366014 0.0838352 1.69064 
1.02044 0.173592 -0.00841067 1.85273 
1.01915 0.169178 -0.0618123 1.85314 
1.01851 0.131633 0.0600804 1.84646 
1.01913 0.117444 0.0599569 1.84755 
1.0205 0.123412 0.0571135 1.85041 
1.01975 0.124827 0.0589587 1.84911 
0.998971 0.250397 0.0336641 1.81541 
0.999865 0.247161 0.0334848 1.81674 
0.982834 0.272465 -0.00923168 1.78497 
1.00026 0.246976 0.0350579 1.81744 
1.02749 0.115081 -0.0325655 1.86562 
1.02773 0.113677 -0.0204792 1.86494 
1.02832 0.107261 -0.0280955 1.86776 
1.02843 0.112104 -0.0266784 1.86717 
1.01616 0.191737 0.0156283 1.84546 
0.97234 0.275452 -0.0146927 1.76483 
0.978207 0.261573 -0.0141237 1.77586 
0.973265 0.26653 -0.025366 1.76551 
0.973889 0.268259 -0.017771 1.76711 
1.01384 0.197959 0.00219781 1.84096 
1.00008 0.247445 0.0350515 1.81714 
1.00218 0.242885 0.0261876 1.82144 
0.999728 0.24714 0.0333005 1.81642 
1.01545 0.188759 0.0115854 1.84373 
0.999829 0.247426 0.0344966 1.81652 
1.02209 0.15162 -0.0320546 1.85644 
0.996415 0.140734 0.0918089 1.80955 
0.964518 0.319045 0.093696 1.75644 
0.99947 0.249161 0.0342188 1.81608 
1.01616 0.18105 0.00758433 1.84531 
0.960016 0.315248 0.0129506 1.74493 
0.968985 0.252695 0.0627594 1.74907 
0.966834 0.260509 0.0695714 1.74387 
0.9671 0.257305 0.0752423 1.74656 
0.967155 0.256468 0.068971 1.74518 
1.02937 0.0886965 -0.0173892 1.87052 
1.02818 0.0801902 -0.0349332 1.86825 
1.02851 0.0970838 -0.0281869 1.86853 
1.03035 0.0889272 -0.0257828 1.8734 
0.998314 0.254966 0.0320776 1.81469 
0.9997 0.24873 0.0355416 1.81648 
0.981744 0.168084 -0.107712 1.77235 
0.999761 0.248035 0.0346119 1.81646 
1.02426 0.131997 -0.0471458 1.86096 
1.02352 0.131844 -0.0524478 1.8596 
1.02405 0.137985 -0.0479291 1.86168 
1.02372 0.133961 -0.0486099 1.86026 
1.01656 0.173745 0.00581163 1.8459 
1.00698 0.227629 -0.0374222 1.83343 
0.98406 0.26534 0.0910948 1.79217 
1.00669 0.226443 0.0244956 1.82777 
1.01427 0.201763 -0.000267311 1.84242 
1.00001 0.247537 0.0350646 1.81699 
0.968132 0.279839 0.107522 1.75742 
0.970003 0.279976 0.112054 1.762 
0.972034 0.273439 0.106711 1.76541 
0.96992 0.277769 0.108359 1.76161 
1.01711 0.178974 -0.0666207 1.84947 
0.975831 0.190786 -0.116727 1.76402 
0.9983 0.253099 0.0363516 1.81424 
0.948934 0.329487 0.0605983 1.72714 
1.02151 0.149917 -0.0546741 1.85704 
1.02461 0.106643 0.10541 1.86264 
1.01836 0.135481 0.149405 1.85165 
1.02202 0.0800477 0.124493 1.85867 
1.02243 0.105982 0.126642 1.85893 
1.01776 0.174067 -0.0638906 1.85037 
1.01685 0.175526 -0.0669377 1.84867 
1.0006 0.160273 0.0882621 1.81962 
0.979635 0.258801 -0.0254168 1.77609 
0.998725 0.250302 0.0396794 1.81503 
1.01846 0.18099 -0.00302872 1.84867 
0.979556 0.272069 0.147261 1.79229 
0.999846 0.248008 0.0348096 1.81665 
0.999889 0.246913 0.0322451 1.81695 
1.0154 0.192159 0.00404031 1.84378 
0.964384 0.322815 0.0834022 1.75598 
1.01543 0.19313 0.00586292 1.84408 
1.01633 0.177793 0.0662254 1.84402 
0.968465 0.252672 0.145442 1.76057 
0.964912 0.271044 0.138696 1.75325 
0.960378 0.274518 0.160943 1.74872 
0.961871 0.265178 0.147686 1.74673 
0.959218 0.265317 0.142063 1.73538 
0.973939 0.260809 -0.0350429 1.76537 
0.976614 0.277159 -0.0191465 1.77313 
1.02587 0.123981 -0.0264649 1.86169 
1.02712 0.118341 -0.0201425 1.86496 
1.0268 0.118982 -0.0320745 1.86512 
1.0261 0.12047 -0.025928 1.86315 
1.01883 0.17698 -0.0495054 1.85174 
1.0207 0.171772 -0.0327971 1.85452 
1.00795 0.224125 0.00988611 1.83094 
1.01491 0.176941 0.00435763 1.84204 
0.9552 0.266702 0.124569 1.72343 
1.01405 0.203465 -0.0533963 1.8438 
1.01897 0.165279 -0.0629852 1.85252 
0.99096 0.238848 -0.0258116 1.79716 
1.00033 0.246921 0.0343658 1.81759 
0.989722 0.195246 -0.0666367 1.79082 
0.992153 0.270519 0.059255 1.80633 
0.972144 0.28836 0.113104 1.76749 
0.97225 0.284714 0.115018 1.76671 
1.00074 0.245459 0.0324107 1.81834 
1.01502 0.0927713 0.070099 1.84107 
1.01489 0.0933315 0.0696792 1.8408 
1.01488 0.0933687 0.0706621 1.84086 
1.01494 0.0931153 0.0700822 1.84096 
0.970522 0.317541 0.0688384 1.76805 
1.01568 0.0931865 0.071337 1.84244 
1.01618 0.0951193 0.0697994 1.84351 
1.0156 0.0953007 0.0702613 1.8423 
1.01559 0.0945807 0.0703876 1.8422 
1.01884 0.175035 0.0108713 1.84924 
1.01881 0.173934 0.0147341 1.84931 
1.01947 0.171626 0.0118701 1.85025 
1.01912 0.173462 0.0125493 1.84971 
1.01414 0.191853 -0.0767532 1.84499 
0.950453 0.327315 0.0416598 1.72758 
0.96902 0.231341 0.158947 1.76163 
0.964265 0.239816 0.196372 1.76056 
0.972913 0.21475 0.177072 1.77061 
0.969468 0.228856 0.177586 1.76758 
0.982817 0.143772 -0.114411 1.77161 
0.954089 0.328143 0.083003 1.73876 
0.972871 0.263642 -0.0356876 1.7646 
0.98795 0.237392 -0.0362412 1.78977 
0.993548 0.158413 0.0827517 1.80262 
1.00497 0.240354 0.00952782 1.82871 
1.01486 0.0940954 0.0695582 1.84077 
1.01468 0.0958813 0.0701928 1.84061 
1.01498 0.0940809 0.070897 1.84118 
1.01486 0.0945897 0.0702033 1.84089 
0.939874 0.322656 0.102719 1.71298 
0.944867 0.320873 0.115705 1.72355 
0.947721 0.326419 0.099117 1.72688 
0.943936 0.323954 0.106163 1.7211 
1.01311 0.101434 0.0732098 1.8374 
1.01583 0.184369 -0.0718146 1.84707 
0.999735 0.248478 0.0341996 1.81654 
1.00021 0.247381 0.0345631 1.81741 
0.968632 0.092174 0.270646 1.77106 
0.988718 0.0187426 0.206852 1.79917 
0.998892 0.0944633 0.232306 1.82505 
0.983814 0.0737619 0.240038 1.79528 
0.999386 0.24828 0.0422083 1.8162 
1.01618 0.185807 0.0708461 1.845 
1.01223 0.208569 0.00862748 1.83918 
0.999841 0.247484 0.0346013 1.81655 
0.983906 0.248142 -0.0373056 1.78413 
1.01513 0.0932364 0.0705497 1.8413 
1.01531 0.0929763 0.0713358 1.84165 
1.01523 0.0946436 0.0705448 1.84147 
1.01527 0.0936337 0.070787 1.84159 
1.01329 0.200834 0.0209565 1.83894 
1.02084 0.152012 -0.0582713 1.85593 
0.966946 0.306962 0.1062 1.76078 
0.991265 0.117338 0.202278 1.8097 
0.984025 0.151739 0.205412 1.7953 
0.983056 0.135009 0.224812 1.78939 
0.983171 0.134474 0.21207 1.79409 
1.01795 0.069134 0.0844434 1.84638 
1.01736 0.0547992 0.0836575 1.84379 
1.01763 0.0668519 0.075243 1.84403 
1.01892 0.0637952 0.0813571 1.84781 
0.972542 0.290246 -0.00948114 1.76646 
1.01548 0.195422 0.0238471 1.84355 
0.966987 0.320247 0.0324022 1.76062 
0.941239 0.275674 0.188458 1.71897 
0.955228 0.261344 0.20381 1.74452 
0.950603 0.281955 0.181318 1.73731 
0.949276 0.275794 0.193533 1.73446 
1.01584 0.192541 0.0265675 1.84418 
0.959475 0.30297 -0.00729442 1.74092 
0.941298 0.136468 0.24346 1.71628 
0.970518 0.0601138 0.238844 1.7686 
0.975434 0.117762 0.245091 1.78101 
0.961365 0.102355 0.247465 1.75878 
1.01285 0.107968 0.0777513 1.83783 
1.01176 0.115689 0.0827087 1.83627 
1.01302 0.108614 0.0855877 1.83857 
1.01292 0.110435 0.0817689 1.83839 
1.00692 0.225587 0.0284369 1.82783 
1.01427 0.0985365 0.0715509 1.84006 
1.01381 0.102533 0.0740224 1.83947 
1.01431 0.0981124 0.0754825 1.8404 
1.01432 0.0996056 0.0735208 1.84046 
1.01384 0.199199 0.0590802 1.8391 
0.978276 0.257362 -0.0305089 1.77346 
1.01618 0.187092 0.0116503 1.8448 
1.02084 0.156787 -0.0571369 1.85645 
1.00097 0.243671 0.0382851 1.81862 
1.00871 0.220489 0.0263839 1.83162 
1.01208 0.177368 0.0789737 1.83709 
1.01291 0.0970932 0.0736917 1.83676 
0.966226 0.272833 0.0976972 1.75301 
0.965891 0.264137 0.0859356 1.74778 
0.964829 0.269476 0.0893112 1.74431 
0.964657 0.268963 0.0902455 1.74656 
0.974171 0.306345 0.0266245 1.77452 
1.0229 0.150718 0.00161841 1.85692 
1.02207 0.156946 0.00463097 1.85516 
1.02299 0.150144 0.00954402 1.8568 
1.02206 0.152093 0.00538526 1.8552 
0.953079 0.319677 0.0146401 1.72804 
1.01819 0.180671 0.0171236 1.84667 
1.00404 0.237463 0.0152151 1.82472 
1.01911 0.170642 -0.057459 1.85282 
0.986242 0.279312 0.0545841 1.79373 
1.01517 0.0925115 0.0716836 1.84141 
1.0151 0.0928392 0.0706163 1.84126 
1.01492 0.0930994 0.0714536 1.84099 
1.01511 0.0927414 0.0713083 1.84139 
0.971207 0.311787 0.0154454 1.76742 
0.999898 0.247168 0.0334583 1.81683 
1.0177 0.148182 0.0590704 1.84428 
1.01297 0.202935 -0.013919 1.84062 
0.970134 0.26943 -0.0633253 1.76106 
1.00897 0.2252 -0.00235261 1.8342 
0.999798 0.248147 0.0349754 1.81655 
0.98654 0.142656 -0.0815506 1.77892 
1.01879 0.179762 0.0246267 1.84882 
1.01519 0.191854 -0.00117818 1.8433 
1.00035 0.246649 0.0349361 1.81754 
0.997714 0.250205 0.0264026 1.81205 
0.99897 0.124964 0.0933028 1.81455 
0.965122 0.325674 0.0640285 1.7575 
1.0148 0.191203 0.0109192 1.84239 
1.01933 0.163439 -0.0604508 1.85323 
1.0148 0.194509 -0.061771 1.84554 
0.999878 0.24792 0.0354323 1.81674 
0.986829 0.133988 -0.0974597 1.77925 
0.999641 0.248114 0.0334412 1.81633 
0.999971 0.247701 0.0358903 1.81698 
0.954939 0.295056 -0.088946 1.73628 
0.943281 0.365327 0.0458487 1.72688 
0.92538 0.365488 0.0528484 1.69337 
0.940085 0.367082 0.0734147 1.72401 
0.936284 0.367723 0.0576984 1.71633 
0.999927 0.247709 0.0349926 1.81684 
1.02353 0.155803 -0.0228719 1.85955 
1.02379 0.153578 -0.0260606 1.86048 
0.999837 0.247229 0.0337385 1.81669 
1.01497 0.190578 0.00979339 1.84293 
1.01989 0.171131 0.0080685 1.85112 
1.02022 0.172294 0.00378021 1.85222 
1.0196 0.174521 0.00622023 1.85088 
1.01948 0.1725 0.00610232 1.85036 
0.981863 0.154761 -0.103293 1.77006 
1.00471 0.228315 0.0467187 1.82345 
1.00975 0.210133 0.0393654 1.83261 
1.01567 0.194582 -0.00542872 1.8448 
1.00009 0.247488 0.0348098 1.81717 
0.988219 0.16705 0.0401571 1.78319 
0.98732 0.18858 0.0384546 1.78101 
0.98423 0.178596 0.0544567 1.77292 
0.987686 0.179344 0.0436708 1.78174 
0.959398 0.265978 -0.110131 1.74057 
0.934269 0.34486 -0.0240173 1.70308 
0.930533 0.352084 -0.00619404 1.6971 
0.94192 0.352953 -0.0121662 1.72056 
0.935594 0.348989 -0.0148794 1.70723 
0.999914 0.247406 0.034324 1.81688 
1.01587 0.188351 0.0110754 1.84468 
0.984581 0.254235 -0.0278805 1.78622 
1.01149 0.118779 0.0877863 1.83638 
1.01081 0.11925 0.0985632 1.83562 
1.01262 0.110962 0.0907887 1.83792 
1.0118 0.116434 0.0924839 1.83684 
1.0095 0.0508878 0.140688 1.83306 
1.01018 0.0694917 0.122812 1.83374 
1.00693 0.0713151 0.141429 1.82751 
1.01037 0.0644192 0.134762 1.83523 
1.00406 0.234797 0.0330112 1.82458 
1.00124 0.239337 0.0101163 1.82019 
0.999247 0.20311 -0.0355887 1.81221 
1.01828 0.177498 0.0101322 1.84891 
1.00845 0.223206 -0.0495146 1.83561 
1.01511 0.110518 0.0697206 1.84176 
1.01587 0.119063 0.0666124 1.84359 
1.01427 0.11972 0.07235 1.84053 
1.01507 0.116082 0.0696499 1.84193 
0.999846 0.247422 0.034631 1.81655 
1.01523 0.102053 0.0698413 1.84196 
1.01489 0.0976472 0.0702898 1.84097 
1.01556 0.0971935 0.0700454 1.84243 
1.01496 0.0989099 0.0699604 1.84111 
1.0218 0.160643 -0.0216851 1.85539 
0.999774 0.247268 0.0340412 1.81649 
1.01293 0.101813 0.0726297 1.83682 
1.01307 0.104417 0.0737539 1.83716 
1.00097 0.140818 0.143411 1.81997 
1.00583 0.123162 0.132458 1.82729 
1.00588 0.138558 0.125779 1.82786 
1.00283 0.134359 0.133813 1.82081 
0.955731 0.315898 0.00900785 1.73568 
1.0027 0.114331 0.0913787 1.81987 
1.01939 0.165102 0.0101661 1.84979 
0.978616 0.24897 -0.0387911 1.77281 
0.978298 0.24319 -0.0422428 1.7712 
0.971684 0.267809 -0.0316797 1.76216 
1.00259 0.240764 0.0333391 1.82156 
1.01084 0.135552 0.0834472 1.83386 
1.02185 0.165732 -0.0129762 1.85549 
1.02284 0.162398 -0.0159903 1.85793 
1.01444 0.191314 -0.0745031 1.84501 
0.964647 0.284354 0.130007 1.75625 
1.01539 0.18977 0.00988069 1.84371 
1.01008 0.216338 0.0144546 1.83525 
0.999777 0.247651 0.0343201 1.8164 
0.96573 0.283727 0.116621 1.75652 
0.96685 0.227621 -0.120783 1.74961 
1.00151 0.243336 0.0368516 1.81987 
0.981799 0.155925 -0.117344 1.77052 
1.01941 0.0874638 0.0671336 1.84842 
1.02041 0.092061 0.0604919 1.85051 
1.01943 0.0956146 0.0641584 1.84865 
1.01869 0.0914666 0.0639291 1.84659 
1.01498 0.193912 0.0289843 1.84422 
1.01565 0.196346 0.0129053 1.84775 
1.00923 0.211605 0.0422298 1.83538 
1.01207 0.20365 0.0255658 1.83937 
0.962049 0.318222 0.0992236 1.75071 
1.00832 0.127182 0.0843505 1.82838 
0.999944 0.24762 0.0347805 1.81684 
1.02041 0.134795 0.050769 1.8503 
1.01905 0.134528 0.0588799 1.84736 
1.021 0.126484 0.0543077 1.85138 
1.02014 0.131444 0.0548804 1.84952 
1.01429 0.0989394 0.0784074 1.84053 
1.01381 0.104057 0.0769716 1.8398 
1.01374 0.103978 0.0839167 1.83981 
1.01388 0.102541 0.0797165 1.83983 
1.01337 0.194107 -0.0771324 1.84338 
0.962298 0.275168 -0.0886261 1.74383 
1.0079 0.104799 0.0837691 1.82746 
1.01545 0.192441 0.00738222 1.84388 
0.97237 0.194448 -0.121039 1.75727 
1.00588 0.102528 0.143094 1.82689 
1.00512 0.0924776 0.17277 1.82873 
1.0063 0.0808022 0.151183 1.82712 
1.00589 0.0917337 0.156464 1.8277 
1.0215 0.118407 0.044643 1.85208 
1.01999 0.132808 0.046498 1.84916 
1.02075 0.123385 0.0506351 1.85059 
1.02161 0.125332 0.0464174 1.85276 
1.00017 0.247196 0.0348059 1.8173 
1.01478 0.0942652 0.0719004 1.84076 
1.01462 0.0966111 0.0713838 1.84065 
1.01454 0.0957653 0.0742186 1.84047 
1.0148 0.0955573 0.0724707 1.84099 
0.999829 0.247989 0.0347048 1.81662 
0.99994 0.247605 0.0347425 1.81683 
0.954752 0.322235 0.0245259 1.73381 
0.990454 0.269819 0.0128281 1.79916 
0.974906 0.233113 0.0502896 1.75874 
0.972036 0.243792 0.0560875 1.75364 
0.971839 0.237981 0.0621237 1.7531 
0.972433 0.238144 0.0562191 1.75412 
0.983634 0.276766 0.0728123 1.79024 
0.958481 0.327172 0.0448248 1.74476 
1.00046 0.246607 0.0346379 1.81778 
1.00681 0.103965 0.0874648 1.82547 
0.98017 0.291062 0.0254054 1.78304 
0.998954 0.247553 0.0289405 1.81465 
1.02945 0.103092 0.0216175 1.86875 
1.0286 0.0972724 0.00405627 1.8664 
1.02861 0.11129 0.0106245 1.86654 
1.02893 0.104327 0.0130643 1.86725 
1.01634 0.18643 0.0108194 1.84497 
0.974967 0.30664 0.00638487 1.77441 
1.01418 0.199783 0.0108525 1.841 
1.00148 0.240111 0.0448454 1.81941 
1.01718 0.193096 -0.0404774 1.84822 
0.979767 0.169329 -0.120125 1.76709 
1.01563 0.190931 0.0108715 1.84452 
1.01487 0.191354 0.010735 1.8426 
1.02919 0.0954495 0.0395852 1.86951 
1.0262 0.0942792 0.0653879 1.86389 
1.03065 0.0737486 0.042148 1.87377 
1.02927 0.0870771 0.0487892 1.87058 
0.984154 0.195755 0.0442752 1.77418 
0.980214 0.205831 0.0612742 1.76865 
0.985708 0.188501 0.057399 1.77644 
0.982415 0.196208 0.0541843 1.77063 
1.01536 0.198779 -0.027875 1.84578 
0.999771 0.116269 0.093745 1.81507 
1.0145 0.0986601 0.0708173 1.84029 
1.01475 0.104014 0.0706168 1.84099 
1.01473 0.103404 0.0723078 1.84109 
1.01446 0.102091 0.0713038 1.84033 
1.01312 0.135775 0.076721 1.83833 
1.00029 0.246545 0.0357618 1.81741 
0.99639 0.23828 0.124231 1.80594 
0.940935 0.329853 -0.053007 1.71405 
0.937755 0.337511 -0.039916 1.70815 
0.944378 0.336628 -0.0441825 1.72298 
0.941401 0.334068 -0.0459346 1.71563 
0.963501 0.26654 0.0765046 1.73859 
0.961468 0.270739 0.0836077 1.7349 
0.962879 0.269411 0.0857028 1.73829 
0.962935 0.268637 0.0818389 1.73794 
0.962937 0.293641 -0.0165614 1.74675 
0.999646 0.248673 0.0343688 1.81638 
0.990942 0.256739 0.000482009 1.79803 
1.01239 0.20521 0.0358092 1.83788 
1.00014 0.247354 0.034877 1.81726 
1.015 0.192511 0.0353069 1.84199 
0.969498 0.264288 -0.0949823 1.75792 
1.01603 0.187938 -0.0714221 1.84769 
0.978957 0.229151 -0.090435 1.77588 
0.977623 0.297772 0.0814176 1.7818 
1.01449 0.197313 0.0183362 1.8411 
1.00059 0.246102 0.0378753 1.81823 
0.947503 0.299438 -0.0892165 1.72421 
0.95371 0.300428 -0.0874784 1.73746 
0.958181 0.308215 0.000348668 1.73927 
0.984802 0.281178 0.03824 1.79039 
0.9697 0.27543 -0.02673 1.75797 
0.978548 0.254755 -0.0262152 1.77256 
0.979366 0.255368 -0.0288084 1.77443 
0.998478 0.251453 0.0311812 1.81451 
1.00197 0.243871 0.0319022 1.82075 
0.922646 0.361485 0.127936 1.69049 
0.951848 0.346602 0.139275 1.74901 
0.942676 0.362384 0.10461 1.73355 
0.936988 0.361109 0.123175 1.72245 
1.01942 0.177201 0.0130034 1.84935 
1.01702 0.181999 0.0105093 1.8471 
0.965456 0.326405 0.0548425 1.75874 
1.01467 0.125489 0.0716692 1.84166 
1.0139 0.125248 0.0676815 1.83925 
0.999849 0.24805 0.0343133 1.8166 
0.962885 0.257885 -0.109112 1.74507 
0.964951 0.290587 -0.0167285 1.75014 
0.999342 0.249562 0.0359904 1.81594 
1.00059 0.243615 0.0437826 1.81806 
1.03075 0.086611 0.00556563 1.87233 
1.03023 0.0944697 0.0264002 1.87113 
1.03182 0.0730423 0.0246971 1.87556 
1.03034 0.0849291 0.0185491 1.87115 
1.01617 0.18809 0.0199794 1.84493 
0.9985 0.253032 0.0350899 1.81473 
0.970492 0.244294 -0.0820715 1.75713 
0.999864 0.247853 0.0348077 1.81668 
0.980334 0.281304 -0.0121922 1.78192 
0.999882 0.247882 0.0352108 1.81675 
1.00046 0.17591 0.0826734 1.81948 
1.02028 0.168027 0.102152 1.8545 
0.970168 0.221687 -0.104054 1.75654 
1.00427 0.241672 0.0138455 1.82649 
1.01508 0.170061 0.0712 1.84165 
1.00726 0.230512 -0.0126884 1.83183 
1.00343 0.212858 -0.0453029 1.82393 
1.02998 0.0611479 0.0550066 1.8733 
1.02793 0.0886944 0.0808256 1.86903 
1.02718 0.0606911 0.0958287 1.86818 
1.02598 0.0695912 0.076087 1.8641 
1.01333 0.202321 0.00748664 1.84009 
0.984354 0.139985 -0.111313 1.77484 
0.981678 0.292689 0.0991755 1.7904 
0.969188 0.279021 -0.0272975 1.75587 
1.0248 0.13432 0.0193529 1.85856 
1.025 0.134509 0.0091364 1.85888 
1.02335 0.143182 0.0152228 1.85616 
1.02459 0.137215 0.0147031 1.85853 
0.973755 0.243758 0.0814468 1.75959 
0.974994 0.22565 0.071389 1.7584 
0.973216 0.236533 0.0698718 1.75635 
0.975402 0.235284 0.0740862 1.76068 
1.01391 0.197497 0.0355836 1.84061 
0.968223 0.252178 -0.0939815 1.75386 
1.007 0.230176 0.0226249 1.82963 
0.961134 0.281067 0.107189 1.7439 
0.961811 0.280585 0.105856 1.74266 
1.01546 0.199633 0.0181175 1.84338 
1.00326 0.075576 0.174342 1.82566 
1.01079 0.0502234 0.156943 1.83657 
1.00752 0.0719696 0.151045 1.83002 
1.00541 0.0645744 0.161455 1.82557 
1.0059 0.107402 0.0896406 1.82395 
0.967533 0.28333 -0.0230422 1.75395 
1.01232 0.104513 0.0744038 1.8359 
0.997807 0.242602 0.0262754 1.81181 
1.00755 0.223527 0.0359629 1.82815 
1.00185 0.24458 0.0285209 1.82069 
1.02006 0.171894 0.0140768 1.85094 
0.98023 0.240594 -0.0338589 1.77578 
0.980788 0.23808 -0.0403677 1.77657 
0.9789 0.246534 -0.0363948 1.77376 
0.97929 0.241741 -0.0366702 1.77363 
1.00029 0.247357 0.0329257 1.81776 
1.02048 0.1607 0.0242136 1.85106 
1.00722 0.232261 0.0037943 1.83104 
0.999988 0.247389 0.0337951 1.81706 
1.0003 0.246853 0.034924 1.81751 
0.999259 0.249886 0.0331582 1.81575 
1.02253 0.146035 0.026175 1.85628 
1.02025 0.146478 0.0196292 1.85067 
0.963941 0.281542 -0.0791182 1.75025 
0.960524 0.325012 0.0330318 1.75059 
1.01778 0.186974 -0.0086846 1.84671 
0.978197 0.0577873 0.22108 1.77006 
0.988544 0.0931822 0.206888 1.80069 
0.982036 0.112813 0.231871 1.78125 
0.988274 0.0926972 0.220678 1.79227 
1.01872 0.183216 -0.0569458 1.85244 
0.999871 0.247988 0.0350724 1.81672 
0.999825 0.2478 0.0346476 1.81658 
0.979314 0.289471 0.0886448 1.78375 
0.959217 0.278146 -0.0989552 1.74165 
1.00848 0.221785 0.0194889 1.83137 
0.954538 0.352944 0.0368359 1.74574 
0.968103 0.328078 0.0511058 1.76759 
0.96348 0.331867 0.0233022 1.7594 
0.960621 0.339514 0.0372303 1.75378 
1.02053 0.174516 -0.0377867 1.85507 
1.01934 0.182332 -0.0495467 1.85317 
0.953764 0.31708 -0.0625776 1.7403 
0.962344 0.303975 -0.0618356 1.74981 
0.957422 0.310676 -0.0688605 1.74444 
1.00334 0.235298 0.040338 1.8234 
1.01588 0.160765 0.068645 1.84234 
0.999668 0.246248 0.0323124 1.8163 
0.999732 0.248366 0.0354083 1.81649 
1.01475 0.0953134 0.0702301 1.84051 
1.01505 0.0935476 0.0701927 1.8411 
1.0151 0.0953304 0.0703883 1.84126 
1.0151 0.0946954 0.0702399 1.84125 
0.961319 0.272268 0.0885377 1.73489 
0.960949 0.275601 0.0969099 1.73692 
0.962861 0.271534 0.0897705 1.74019 
0.961491 0.272665 0.091915 1.73696 
0.957539 0.275042 0.110786 1.72743 
0.957566 0.274224 0.106949 1.72578 
0.972485 0.293497 0.111163 1.76942 
0.964028 0.316715 0.0175391 1.75282 
0.966439 0.239382 -0.115025 1.74997 
0.971127 0.279464 0.113222 1.76404 
0.971749 0.275445 0.116975 1.76537 
0.971552 0.270715 0.109905 1.76377 
0.970825 0.274773 0.113379 1.76277 
1.02367 0.143603 -0.00358988 1.85753 
1.0253 0.135394 -0.00132286 1.85952 
1.0246 0.136802 -0.010032 1.85868 
1.02439 0.137883 -0.00503051 1.85824 
1.02561 0.127547 -0.0419618 1.86241 
1.02574 0.125655 -0.0316405 1.8618 
1.02618 0.121716 -0.037893 1.86398 
1.02604 0.124917 -0.0373553 1.86316 
1.0159 0.0990697 0.068915 1.8429 
1.01545 0.10321 0.0690894 1.84215 
1.01537 0.0973405 0.0699562 1.8418 
1.01608 0.0999134 0.0693291 1.8435 
1.02241 0.0561186 0.0559968 1.85459 
1.02054 0.0404936 0.071737 1.851 
1.02431 0.038699 0.051917 1.85913 
1.02205 0.0441107 0.0598029 1.85401 
0.993414 0.220523 -0.00481768 1.80043 
1.00013 0.247337 0.0347831 1.81723 
1.01463 0.19795 -0.060367 1.84521 
1.01469 0.19927 0.0134146 1.84183 
1.01724 0.0955035 0.0685349 1.84464 
1.01862 0.0891157 0.0687517 1.84672 
1.01773 0.0957068 0.0656771 1.84465 
1.01849 0.0933266 0.0674786 1.84677 
1.02412 0.137449 0.0254702 1.85753 
1.02351 0.146353 0.0204123 1.85678 
1.02311 0.146082 0.0304094 1.85633 
1.02345 0.143391 0.0257506 1.85659 
0.997816 0.252698 0.0297115 1.81312 
0.961656 0.281584 0.137886 1.74692 
0.954481 0.296364 0.142152 1.73629 
0.953535 0.286163 0.157019 1.73715 
0.958229 0.288722 0.146224 1.74381 
1.01356 0.201923 0.0105742 1.84057 
0.98198 0.289428 0.0367456 1.78805 
1.01796 0.183868 -0.0448836 1.84967 
0.971433 0.310065 0.0622769 1.77019 
1.01376 0.118671 0.0770484 1.83931 
1.01065 0.115727 0.102645 1.83498 
1.01233 0.103903 0.101871 1.83868 
1.01244 0.107871 0.0942942 1.83739 
1.01151 0.109134 0.100143 1.83644 
0.998257 0.251772 0.0327481 1.81408 
1.00619 0.228194 0.0370058 1.82591 
0.974693 0.29939 0.00656939 1.77235 
0.969231 0.220933 -0.116713 1.7541 
0.999882 0.248073 0.0359057 1.81675 
1.00203 0.235829 0.0369522 1.82048 
1.00942 0.131009 0.0883721 1.83179 
1.01649 0.194135 0.0657633 1.84557 
0.962438 0.253718 0.194892 1.75649 
0.967045 0.243714 0.159016 1.75773 
0.956535 0.272497 0.17478 1.74387 
0.964086 0.256372 0.177835 1.7568 
1.01765 0.190811 -0.0549048 1.85049 
1.00691 0.113382 0.0891669 1.82602 
1.00019 0.247545 0.0339343 1.81747 
1.01541 0.0855446 0.0852528 1.84208 
1.01622 0.0805964 0.0851142 1.84367 
1.01607 0.0861371 0.0796258 1.84323 
1.01623 0.0840953 0.0835402 1.84385 
0.980237 0.284533 0.107288 1.7858 
0.999001 0.249385 0.0319863 1.815 
0.984349 0.180664 0.187313 1.79377 
0.986426 0.176728 0.155515 1.79453 
0.979055 0.193675 0.176843 1.78306 
0.982703 0.184182 0.174029 1.78893 
0.969765 0.24791 0.0621673 1.74952 
0.968014 0.253159 0.0748589 1.74797 
0.971708 0.243106 0.0669812 1.75377 
0.969964 0.24787 0.0684376 1.75044 
1.01358 0.198129 0.0447271 1.83971 
0.978619 0.28777 -0.00384362 1.7787 
1.00516 0.237083 0.00382389 1.82789 
0.972005 0.205272 -0.117785 1.75804 
1.01285 0.199028 0.0500769 1.83763 
1.01522 0.19353 0.0313279 1.84286 
1.02296 0.150943 0.0203955 1.85623 
1.02079 0.158564 0.0252212 1.85259 
1.02209 0.151116 0.0296654 1.85466 
1.02194 0.15333 0.0251966 1.8547 
1.01629 0.18879 0.00472006 1.84521 
1.0197 0.110203 0.059255 1.84889 
1.01996 0.100689 0.0563434 1.84929 
1.0197 0.116688 0.0553181 1.84832 
1.01953 0.108581 0.056564 1.84827 
1.01515 0.19374 0.0014507 1.84361 
0.973673 0.245713 0.100283 1.76226 
0.972122 0.251865 0.0922953 1.75989 
0.972107 0.261179 0.102386 1.76225 
0.973848 0.253209 0.0981916 1.76384 
0.999646 0.248583 0.0336507 1.81637 
0.967167 0.321366 0.0457193 1.76186 
1.00703 0.12247 0.090736 1.82655 
1.01818 0.177945 0.040734 1.84739 
0.999638 0.246497 0.0447752 1.81636 
1.01156 0.21031 0.0454799 1.83732 
0.999642 0.247363 0.033586 1.81629 
1.02532 0.131312 -0.0241485 1.86025 
1.02421 0.142938 -0.0240683 1.8598 
1.02519 0.136574 -0.018757 1.85983 
1.02483 0.136584 -0.0221627 1.8593 
0.932754 0.356075 0.004876 1.70331 
0.944279 0.36203 0.0208708 1.72723 
0.945036 0.356722 -0.00117108 1.7276 
0.940709 0.359984 0.00782415 1.71958 
0.975627 0.293299 -0.0028035 1.77325 
0.997993 0.253336 0.0334579 1.81362 
0.976435 0.283657 0.122482 1.77707 
1.01114 0.2051 0.0470623 1.83534 
0.999421 0.249314 0.0334973 1.81587 
0.972496 0.210675 -0.108481 1.76011 
0.952396 0.330089 0.0584873 1.73412 
1.00045 0.245225 0.0369438 1.81775 
1.00079 0.244853 0.0380797 1.81856 
1.01987 0.168448 0.025066 1.85047 
1.01372 0.0983657 0.0717071 1.83858 
1.01412 0.0975114 0.0711055 1.83942 
1.01413 0.101513 0.0722351 1.83957 
1.01426 0.0987395 0.0717327 1.83989 
0.999587 0.248806 0.0341407 1.81627 
1.01476 0.196856 0.0119401 1.84216 
1.01171 0.206289 -0.0726407 1.84063 
0.96464 0.306216 0.0005454 1.75297 
1.00012 0.247418 0.0348656 1.81722 
1.01597 0.19187 -0.0592568 1.84725 
0.999077 0.249965 0.036824 1.81558 
1.00092 0.242847 0.0399089 1.81834 
1.02329 0.154711 -0.0140465 1.85835 
1.02304 0.149614 -0.00779952 1.85698 
1.02413 0.143023 -0.0131912 1.8583 
1.02359 0.149232 -0.0118188 1.85813 
1.01245 0.203759 0.0192553 1.83869 
1.01795 0.178907 0.000196363 1.84748 
0.962225 0.298217 -0.010718 1.74644 
1.0138 0.195327 0.0383865 1.83987 
1.02856 0.100383 -0.00518854 1.86668 
1.02841 0.112306 -0.00975776 1.86631 
1.02859 0.112433 0.00379088 1.86651 
1.02876 0.108048 -0.00365053 1.86708 
0.997154 0.255251 0.0541595 1.81325 
1.01972 0.175098 0.000154313 1.85138 
0.976282 0.22172 0.0643308 1.76008 
0.976085 0.226351 0.0523336 1.75961 
0.973849 0.233475 0.0639419 1.7571 
0.975637 0.227305 0.0604217 1.75916 
1.02614 0.124666 0.0225479 1.8613 
1.02814 0.110825 0.0254255 1.86598 
1.02752 0.117069 0.0136411 1.86396 
1.0278 0.117803 0.0201116 1.86474 
1.01553 0.191407 0.011529 1.84422 
0.999795 0.247408 0.0341591 1.81649 
1.01395 0.200693 -0.00466428 1.84176 
1.01492 0.126599 0.0744059 1.84246 
1.01851 0.175735 0.0145686 1.84891 
1.01864 0.17616 0.0110966 1.84926 
1.01825 0.177196 0.012474 1.84854 
1.0183 0.176315 0.0126616 1.84851 
0.999735 0.247246 0.0337552 1.81647 
1.00034 0.246688 0.0354343 1.81754 
0.981986 0.163117 -0.100226 1.77152 
1.01778 0.180896 -0.0635754 1.8507 
0.990607 0.247747 -0.0185472 1.79758 
0.949286 0.326653 -0.0582218 1.73263 
0.943309 0.326484 -0.0586848 1.72082 
0.946099 0.333917 -0.0489817 1.72933 
0.94664 0.329687 -0.0556819 1.72976 
0.987531 0.263851 -0.00958996 1.79298 
1.0188 0.17735 -0.0610494 1.85266 
0.985015 0.147004 -0.0905281 1.77696 
1.00267 0.160526 0.0887944 1.82177 
1.00217 0.241156 0.0312179 1.82069 
1.01425 0.197154 -0.0761712 1.84543 
0.977432 0.258474 -0.0189495 1.77256 
0.978787 0.260049 -0.0282095 1.77585 
0.976255 0.261883 -0.0268395 1.77144 
0.999627 0.248208 0.0338018 1.81632 
1.02162 0.0501641 0.0745288 1.85382 
1.02287 0.0616561 0.0590852 1.8558 
1.02175 0.0655045 0.0690467 1.85378 
1.02014 0.0587749 0.0669251 1.84955 
1.00682 0.110517 0.084979 1.82496 
1.02049 0.0988715 0.0530494 1.8499 
1.02178 0.108736 0.0460084 1.85267 
1.02146 0.116997 0.0518751 1.85236 
1.02108 0.108699 0.0501456 1.85124 
0.999481 0.248261 0.0318042 1.81601 
0.973152 0.298217 0.13511 1.78056 
0.987706 0.256208 0.130623 1.7994 
0.983409 0.274964 0.102193 1.79234 
0.979846 0.275671 0.121682 1.78537 
1.0189 0.0984412 0.0588469 1.84696 
1.01859 0.105512 0.0613586 1.84628 
1.01822 0.0989553 0.0634132 1.84559 
1.01922 0.100576 0.0613215 1.8479 
0.982247 0.151997 -0.112648 1.77091 
0.998036 0.255778 0.040576 1.81448 
0.999872 0.246623 0.0311025 1.81695 
1.00021 0.246553 0.036968 1.81747 
0.964526 0.300984 -0.0058228 1.75197 
1.01391 0.199225 -0.0774277 1.84455 
0.968233 0.308095 0.00456786 1.76016 
1.0233 0.148828 -0.0226205 1.85832 
1.02253 0.153798 -0.0177464 1.85675 
1.02418 0.142882 -0.0172924 1.85834 
1.02329 0.149164 -0.0190556 1.85782 
0.993525 0.261456 0.0512762 1.80629 
0.969487 0.283965 0.11669 1.76044 
0.970682 0.282677 0.114169 1.76289 
0.971159 0.288995 0.112736 1.76485 
0.97097 0.285344 0.114432 1.76399 
0.966647 0.315547 0.0206029 1.76025 
0.967422 0.307809 0.0433238 1.76228 
0.972894 0.28767 0.0199076 1.76793 
0.970856 0.303781 0.0286046 1.76761 
1.02319 0.142261 -0.0286435 1.85799 
1.0247 0.131962 -0.0281504 1.85951 
1.02428 0.137053 -0.0327007 1.86039 
1.02389 0.136771 -0.0298019 1.85872 
0.989058 0.27009 0.00512446 1.79545 
0.959914 0.277802 0.102194 1.73559 
0.959931 0.274465 0.101698 1.73236 
0.959659 0.276987 0.106775 1.73458 
0.960048 0.276158 0.102917 1.73487 
1.00254 0.123391 0.091628 1.81867 
0.999576 0.248723 0.0370822 1.81621 
0.997868 0.211687 0.148742 1.81038 
1.00166 0.238378 0.0420631 1.81985 
1.01946 0.175861 0.00481498 1.85092 
1.01884 0.174514 0.00283587 1.84916 
1.01246 0.203746 -0.00753877 1.83905 
1.022 0.153438 -0.0498094 1.85842 
1.01528 0.192604 0.0108711 1.84359 
1.01952 0.177726 -0.0285957 1.85172 
1.02097 0.158069 -0.0519428 1.85642 
1.00175 0.240518 0.0397169 1.81995 
1.01897 0.179888 0.00319218 1.85034 
1.01904 0.175438 0.00911885 1.84965 
1.01956 0.17236 0.00952598 1.85046 
1.01918 0.174747 0.00697361 1.84988 
1.01951 0.174296 0.00849166 1.85053 
1.00296 0.23729 0.0320558 1.82231 
0.965115 0.261847 0.0803646 1.74334 
0.965241 0.26338 0.0752721 1.74163 
0.964378 0.267537 0.0850565 1.7415 
0.964997 0.264397 0.0806154 1.74209 
0.999898 0.247318 0.034355 1.81676 
1.01408 0.206009 -0.0474131 1.84357 
1.0001 0.247466 0.0347904 1.81719 
1.02519 0.129114 -0.0319934 1.86084 
1.0251 0.130571 -0.0412028 1.86157 
1.02435 0.135244 -0.0358689 1.86036 
1.02502 0.131358 -0.0365742 1.86121 
0.96094 0.334896 0.120562 1.75827 
0.964501 0.329779 0.0823798 1.761 
0.949991 0.354652 0.0945116 1.73777 
0.960588 0.341715 0.100267 1.75623 
1.01356 0.210447 -0.056565 1.84393 
1.01353 0.109251 0.0756008 1.83852 
1.01472 0.115434 0.0756901 1.84173 
1.00808 0.141719 0.0894129 1.82895 
1.01814 0.165823 0.0615893 1.84717 
1.00213 0.240308 0.0371401 1.82061 
0.970199 0.303898 -0.000606166 1.7631 
1.00069 0.244072 0.0412702 1.81812 
1.01943 0.172933 0.0201097 1.84953 
1.01042 0.217172 -0.051004 1.83764 
1.02132 0.160415 0.0212508 1.85411 
1.02227 0.153648 0.0168734 1.85505 
1.02079 0.158702 0.015565 1.85303 
1.02166 0.157597 0.017916 1.85486 
0.971166 0.311543 0.0812911 1.77302 
0.968962 0.313993 0.118888 1.77143 
0.978881 0.286267 0.0926055 1.78147 
0.974679 0.304039 0.0978474 1.77923 
0.954315 0.328278 0.0461626 1.73765 
1.00007 0.247451 0.0349326 1.81713 
0.999897 0.247662 0.0347624 1.81674 
1.01517 0.195451 0.0110843 1.84325 
0.984787 0.147402 -0.100624 1.77685 
0.999016 0.249791 0.0307335 1.81506 
0.997268 0.251097 0.060681 1.81272 
1.02509 0.13719 0.0475838 1.86108 
1.02461 0.134446 0.0315486 1.85919 
1.02461 0.144893 0.0369687 1.8598 
1.02412 0.138927 0.0382934 1.85839 
1.02191 0.163957 -0.0251002 1.85597 
1.01914 0.171545 0.0312995 1.84882 
0.981312 0.163823 -0.116471 1.76979 
0.955266 0.322609 0.0240689 1.73869 
0.978969 0.150768 0.235627 1.78416 
0.979377 0.167315 0.212744 1.78824 
0.972151 0.18575 0.229814 1.77106 
0.977945 0.16764 0.228088 1.78349 
1.01711 0.0793518 0.080874 1.84506 
1.01821 0.0839366 0.0734302 1.84667 
1.01685 0.0859968 0.0769336 1.84482 
1.01692 0.0830415 0.0769237 1.84428 
0.975556 0.201117 -0.10824 1.76305 
1.0134 0.131112 0.0806584 1.839 
0.988121 0.278462 0.0455914 1.79701 
1.01031 0.213575 0.00931266 1.83561 
0.97277 0.31243 0.0508535 1.77351 
0.999344 0.249328 0.0375913 1.816 
0.988746 0.279944 0.0299722 1.79826 
0.971927 0.293986 0.0488544 1.77124 
0.979782 0.260455 0.0348559 1.77962 
0.975673 0.27403 0.0232379 1.77342 
0.974323 0.274705 0.0348814 1.77043 
1.01823 0.081013 0.0722932 1.84635 
1.01761 0.0748726 0.0800515 1.84545 
1.01947 0.0731775 0.0740774 1.84849 
1.01852 0.0758888 0.0753132 1.8469 
0.991296 0.264716 0.00035538 1.80003 
0.974964 0.264228 -0.0307066 1.7678 
0.973806 0.269735 -0.0275907 1.7663 
1.00723 0.1506 0.0901366 1.82836 
0.962051 0.278079 0.10046 1.74093 
0.965039 0.275438 0.102198 1.75015 
0.964089 0.272175 0.0927941 1.7437 
0.96356 0.275205 0.0977653 1.744 
0.98043 0.258082 0.0480916 1.77968 
0.974888 0.294218 0.0649396 1.77784 
0.983346 0.27525 0.0776827 1.78989 
0.979442 0.274356 0.0644115 1.78076 
1.0045 0.23102 0.04145 1.82335 
1.01438 0.200601 0.0147938 1.84123 
1.00039 0.131123 0.0927815 1.81532 
1.01519 0.197028 0.0151182 1.8429 
1.00296 0.238341 0.0365561 1.82257 
0.987223 0.197942 -0.0507676 1.7845 
0.999853 0.241822 0.0595226 1.81534 
0.947959 0.309303 -0.0790681 1.72811 
0.95127 0.318651 -0.0669552 1.73587 
0.95203 0.308415 -0.0771115 1.73413 
0.949641 0.313329 -0.0740004 1.73182 
0.988508 0.255211 -0.0189014 1.79488 
1.00814 0.139769 0.0910408 1.83014 
1.01089 0.204549 0.0625529 1.83225 
0.979744 0.183227 0.202132 1.78833 
0.974936 0.201218 0.193843 1.77829 
0.974212 0.199854 0.218153 1.77718 
0.977154 0.197072 0.205486 1.78427 
1.00539 0.219224 0.0954261 1.8232 
1.00207 0.244126 0.0298782 1.82103 
0.996503 0.260889 0.0369191 1.81186 
0.979427 0.243582 -0.0318794 1.77437 
0.978647 0.249689 -0.0319201 1.77357 
0.978954 0.246663 -0.033105 1.77398 
1.00014 0.246739 0.0376639 1.81728 
1.02865 0.111095 -0.0166243 1.86693 
1.02959 0.0978679 -0.0146095 1.87014 
1.02916 0.102955 -0.0250729 1.86976 
1.0286 0.104291 -0.0192691 1.86766 
1.00543 0.126332 0.0927976 1.82384 
1.01157 0.203668 0.0519621 1.83535 
1.00172 0.242842 0.0311394 1.82005 
0.990148 0.270589 0.106428 1.80717 
1.01802 0.185262 -0.0537299 1.85042 
0.99982 0.247531 0.0345282 1.8165 
1.00692 0.173881 0.0837953 1.83021 
0.991176 0.228509 -0.0226997 1.79591 
0.938385 0.341496 -0.0318345 1.71086 
0.945634 0.349005 -0.0205472 1.72765 
0.94649 0.341004 -0.0357628 1.72834 
0.943422 0.344476 -0.0302884 1.72147 
1.00126 0.244967 0.0305213 1.81919 
1.01682 0.179441 0.0354671 1.84451 
0.964651 0.2796 0.127374 1.75146 
1.01477 0.108374 0.0708578 1.84115 
1.01338 0.116007 0.0733884 1.83843 
1.01418 0.107225 0.0734389 1.8399 
1.01455 0.110478 0.072237 1.84098 
1.01886 0.158853 0.0570927 1.84742 
1.01479 0.194633 -0.0730564 1.84614 
1.00923 0.164901 0.0861008 1.83305 
1.01626 0.189081 0.0365001 1.84407 
0.948463 0.3462 -0.019256 1.73326 
0.953675 0.33349 -0.0280135 1.74258 
0.946283 0.339764 -0.0350261 1.7306 
0.950668 0.341073 -0.0275825 1.73966 
0.999213 0.249198 0.0387869 1.81585 
1.01725 0.184756 0.0331597 1.84616 
1.00619 0.225107 0.0200613 1.82617 
0.999854 0.24754 0.0344146 1.81658 
0.999183 0.246654 0.0268064 1.81502 
0.957713 0.317954 0.0151571 1.74332 
0.999715 0.248059 0.038876 1.81673 
1.01406 0.198176 -0.0741461 1.84471 
0.988183 0.251488 0.15423 1.80035 
0.968266 0.299863 0.161022 1.77323 
0.980514 0.263514 0.203262 1.79341 
0.979638 0.270949 0.176526 1.7895 
0.961083 0.30983 0.00507624 1.74589 
0.995517 0.169418 0.078511 1.8079 
0.959283 0.273093 0.116519 1.73297 
0.99954 0.248736 0.0331979 1.8161 
1.00195 0.207134 -0.056251 1.81966 
1.0038 0.146053 0.0919775 1.82249 
0.982307 0.142034 -0.104333 1.76999 
1.02343 0.144839 -0.0340393 1.85938 
1.02427 0.141957 -0.0346935 1.86168 
1.01486 0.201791 -0.0230852 1.84496 
0.969984 0.279404 -0.0226552 1.76051 
0.96379 0.296516 -0.0753371 1.75371 
0.949763 0.352368 0.00133599 1.73644 
0.950842 0.356205 0.0236486 1.73879 
0.957695 0.339099 0.0136069 1.75087 
0.953445 0.350168 0.0131256 1.74421 
0.97494 0.301593 0.063622 1.77721 
1.02283 0.153096 0.0126847 1.85626 
1.02142 0.158222 0.00808639 1.85353 
1.02136 0.158269 0.0133384 1.85406 
1.02185 0.156362 0.0111527 1.85424 
0.998496 0.251338 0.0334077 1.81452 
0.966452 0.295525 -0.0107102 1.75409 
0.967781 0.285573 -0.020391 1.75678 
1.00043 0.245893 0.0367281 1.81779 
1.00035 0.246527 0.0352349 1.81754 
0.999889 0.247398 0.0346174 1.8167 
0.975362 0.304584 0.0391841 1.77684 
0.973709 0.275608 -0.0227607 1.76617 
0.979045 0.295459 0.0721345 1.78462 
1.00033 0.246807 0.0345443 1.81755 
0.969047 0.31255 0.0123577 1.76241 
1.00478 0.239944 0.0200764 1.82654 
0.997258 0.257839 0.0384929 1.81287 
0.988228 0.275213 0.0191157 1.79651 
0.958242 0.330742 -0.0182311 1.75075 
0.951857 0.346294 -0.00911178 1.74101 
0.959912 0.332823 0.00311154 1.75377 
0.955294 0.336958 -0.00823066 1.74674 
0.98671 0.174281 0.13962 1.78805 
0.983067 0.1904 0.130903 1.77908 
0.979263 0.192841 0.159269 1.77788 
0.982284 0.183938 0.142878 1.77725 
0.966386 0.336598 0.0675598 1.76686 
0.951487 0.35838 0.0488378 1.74009 
0.95259 0.35863 0.0789391 1.74452 
0.956517 0.352746 0.0638258 1.74974 
0.947794 0.174504 0.238109 1.73133 
0.968704 0.144803 0.248367 1.76695 
0.966924 0.190878 0.2355 1.76623 
0.959622 0.173708 0.24259 1.75316 
1.00025 0.246943 0.0353395 1.8174 
0.978365 0.204469 0.0693418 1.76588 
0.979384 0.192887 0.0804634 1.76851 
0.983635 0.186472 0.0671513 1.77231 
0.981732 0.194775 0.071938 1.77287 
0.972246 0.279757 -0.0206772 1.76397 
1.02635 0.129122 0.00763594 1.8616 
1.02624 0.128615 0.0178712 1.86152 
1.02791 0.121458 0.00967649 1.8651 
1.02619 0.126452 0.0117268 1.86108 
1.00008 0.247499 0.0348773 1.81714 
0.96925 0.254396 0.0806517 1.75146 
0.972034 0.251261 0.0837668 1.75862 
0.972296 0.243262 0.0729052 1.75647 
0.971147 0.249411 0.0790421 1.75505 
0.997804 0.253601 0.0388945 1.81345 
1.01814 0.176281 0.0301417 1.8472 
0.977247 0.294744 0.013466 1.77768 
0.999421 0.248264 0.0325183 1.81579 
1.01861 0.177449 0.00528101 1.84909 
0.973737 0.2135 0.195639 1.77593 
0.964939 0.234378 0.2102 1.76325 
0.971706 0.214068 0.221632 1.77445 
0.969002 0.222593 0.211318 1.7676 
0.991423 0.266484 0.0528503 1.80329 
0.979887 0.288319 0.115065 1.78639 
1.00448 0.237226 -0.000630476 1.82709 
0.982566 0.137863 -0.0934363 1.76883 
1.00052 0.242151 0.0532024 1.81679 
0.970432 0.227175 -0.107172 1.75764 
0.966435 0.240534 -0.104241 1.74906 
0.984253 0.276285 0.0844888 1.79338 
0.997507 0.255856 0.03589 1.81298 
1.01268 0.201356 0.0422935 1.83839 
0.968768 0.300074 -0.00987798 1.76019 
0.962554 0.319917 -0.018877 1.75284 
0.9645 0.319225 0.00194373 1.75591 
0.966791 0.313826 -0.00781821 1.75872 
1.0026 0.238902 0.0343052 1.82158 
0.957217 0.328697 -0.0377638 1.74764 
0.953322 0.326757 -0.0525758 1.74073 
0.949668 0.335557 -0.0429378 1.73856 
0.952447 0.330616 -0.0445931 1.73914 
0.969893 0.28902 -0.00417896 1.76208 
0.969108 0.309142 0.00891183 1.76348 
0.971557 0.283673 0.00805614 1.76353 
0.969898 0.293378 0.00460389 1.76234 
0.962286 0.279937 0.107663 1.74279 
0.961526 0.279344 0.11219 1.74144 
0.960516 0.280594 0.116653 1.73977 
0.993866 0.17932 0.0611968 1.8047 
1.0005 0.156135 0.0143296 1.81828 
0.991922 0.178157 0.0624451 1.7998 
1.00498 0.174271 0.0464288 1.83071 
1.00807 0.141606 0.0065333 1.83587 
1.02594 0.126866 0.0188522 1.87656 
1.02647 0.128999 0.061947 1.87106 
1.01951 0.137089 0.0474851 1.85837 
1.02845 0.10906 0.144283 1.8766 
1.03593 0.133602 0.101017 1.89125 
1.0213 0.101639 0.165185 1.86264 
1.01855 0.101973 0.173401 1.85693 
1.01926 0.115046 0.177514 1.85969 
1.03095 0.152505 0.193959 1.89273 
0.972977 0.217776 0.19821 1.76967 
1.00143 0.205429 0.192086 1.82702 
0.971462 0.22339 0.194716 1.76688 
0.954646 0.257143 0.169946 1.72718 
0.970821 0.245168 0.174824 1.76738 
0.953059 0.258898 0.160566 1.72176 
0.953528 0.266487 0.135259 1.72123 
0.994122 0.162124 -0.0595916 1.7979 
1.01319 0.202565 -0.0701185 1.84361 
0.998843 0.251085 0.0353785 1.81525 
0.998438 0.251999 0.0346991 1.81441 
0.987987 0.274466 0.0259234 1.79566 
0.995358 0.233115 0.0122461 1.80556 
0.995267 0.22869 0.00105258 1.80526 
0.995297 0.247148 0.0169089 1.80741 
0.995239 0.237193 -0.00185304 1.8053 
1.00997 0.222851 0.0687462 1.83289 
1.00739 0.215361 0.0570819 1.82593 
1.00559 0.229998 0.0707357 1.8243 
1.0081 0.21558 0.0492344 1.829 
0.995334 0.251202 0.0823135 1.81274 
0.999643 0.238582 0.0166781 1.81636 
1.01238 0.184997 0.0706748 1.83672 
1.00011 0.221222 -0.0274992 1.81659 
1.00395 0.231145 -0.0118978 1.82586 
0.973253 0.252227 -0.0697289 1.76455 
1.00671 0.185145 0.0786832 1.83036 
0.969115 0.283752 0.114871 1.76065 
0.968799 0.283523 0.11395 1.76097 
0.993313 0.236116 -0.0131703 1.80052 
0.988401 0.161158 -0.0672137 1.78425 
0.998878 0.250366 0.0346651 1.81514 
1.0107 0.211844 -0.0655278 1.84013 
1.00109 0.230858 -0.000976019 1.81972 
