1.00046 0.494689 0.0693455 1.91158 
0.986391 0.50273 0.153433 1.8874 
0.995117 0.496261 0.139539 1.90154 
0.98102 0.510492 0.128435 1.88369 
0.988251 0.500048 0.129054 1.89035 
0.997292 0.4959 0.122654 1.90722 
1.01793 0.453522 0.112188 1.93851 
0.995798 0.496359 0.105419 1.90607 
1.02377 0.448694 0.0821674 1.94891 
1.01286 0.463921 0.100186 1.92882 
1.02237 0.464046 0.0615625 1.94943 
1.01429 0.471188 0.0897346 1.93698 
1.00976 0.47909 0.0806132 1.92774 
1.03094 0.441841 0.0621744 1.96134 
1.0463 0.411174 0.0845807 1.98589 
1.02236 0.452805 0.0991146 1.94707 
1.03251 0.435202 0.0951545 1.96113 
1.03638 0.430697 0.0869848 1.96981 
1.036 0.427404 0.0731704 1.96902 
1.04481 0.408339 0.0699502 1.98177 
1.03129 0.425789 0.104769 1.95598 
1.04214 0.401651 0.105192 1.97438 
1.0306 0.429537 0.113741 1.95727 
1.02412 0.448267 0.0926225 1.94865 
1.02148 0.445868 0.106233 1.94236 
1.02298 0.439446 0.136583 1.94739 
1.00708 0.47301 0.11367 1.92041 
1.0225 0.442444 0.130145 1.94674 
1.01024 0.462574 0.141715 1.92782 
1.00817 0.480598 0.0858069 1.92527 
1.01778 0.461495 0.0952231 1.93885 
1.00861 0.470973 0.0958569 1.92137 
1.05252 0.264087 0.272806 1.99145 
0.987068 0.342549 0.386103 1.88738 
1.02357 0.333233 0.315239 1.9476 
0.996159 0.473241 0.155634 1.89899 
1.01469 0.475688 0.0534945 1.9357 
1.03123 0.445963 -0.0149688 1.96124 
1.01797 0.465497 0.00852933 1.93887 
1.01563 0.473633 0.0051595 1.93549 
1.01422 0.478205 0.0251111 1.9355 
1.00694 0.485535 0.0251205 1.92174 
1.00626 0.479093 0.00480066 1.91834 
1.01458 0.477428 -0.0184474 1.93317 
1.00922 0.482098 0.0670402 1.92621 
1.00868 0.48347 0.0585007 1.92497 
1.01864 0.470924 0.0642448 1.94307 
1.02393 0.466541 0.0519469 1.95351 
1.02172 0.462 0.077714 1.94993 
1.06824 0.361268 0.0156741 2.02024 
1.06649 0.366413 0.0165679 2.01738 
1.06908 0.36239 0.00792937 2.0224 
1.06736 0.367518 0.0122739 2.02011 
1.06664 0.370797 0.0109225 2.01926 
1.07345 0.347698 0.0175792 2.02898 
1.06955 0.348501 0.0231869 2.02135 
1.07021 0.345575 0.0259777 2.02206 
1.07053 0.345435 0.0308047 2.02286 
1.06947 0.34686 0.0261525 2.02104 
1.06938 0.346706 0.0250852 2.0208 
1.07086 0.350609 0.0181242 2.02402 
1.06856 0.355601 0.0187305 2.02014 
1.06828 0.356738 0.0199288 2.01997 
1.06773 0.362695 0.0175827 2.01957 
1.06687 0.357724 0.0213246 2.01715 
1.06626 0.36727 0.0181231 2.0172 
1.06963 0.355724 0.0154655 2.02226 
1.06641 0.368846 0.0152373 2.0181 
1.06527 0.369537 0.0175589 2.0156 
1.06837 0.36688 0.00529717 2.02231 
1.06523 0.372394 0.0141982 2.0164 
1.06368 0.376879 0.00777568 2.01331 
1.06455 0.375639 0.00485469 2.01517 
1.06216 0.380388 0.0073913 2.01119 
1.06353 0.380248 -0.00346621 2.0125 
1.05726 0.391959 0.00180058 2.00326 
1.06503 0.37185 -0.0317771 2.01425 
1.05651 0.394754 -0.00792892 2.00196 
1.05996 0.383666 -0.0732175 2.01019 
1.06817 0.356194 -0.0983065 2.02231 
1.0722 0.352965 -0.0848367 2.02871 
1.07881 0.319145 -0.0778088 2.03712 
1.07575 0.351336 -0.0560078 2.0356 
1.06393 0.37101 -0.0765935 2.01647 
1.06764 0.363541 -0.0436466 2.02034 
1.07032 0.355491 -0.0693779 2.02578 
1.07287 0.351371 -0.0457488 2.0313 
1.07919 0.330396 -0.0589806 2.03752 
1.07716 0.333938 -0.075622 2.0359 
1.08981 0.292956 -0.0655612 2.05675 
1.07582 0.348688 -0.0353723 2.03629 
1.07916 0.335934 -0.0137599 2.0392 
1.08198 0.322694 -0.00536986 2.04235 
1.07288 0.351018 0.00889485 2.02838 
1.06038 0.387273 -0.0137929 2.00772 
1.07179 0.356628 -0.0161506 2.02808 
1.06484 0.373003 -0.00236023 2.01486 
1.04581 0.414959 -0.0547209 1.9836 
1.06697 0.365584 -0.0664339 2.02127 
1.05498 0.400901 -0.0433034 1.99974 
1.06023 0.386798 -0.0447199 2.00784 
1.06277 0.38044 -0.0509026 2.01301 
1.0677 0.362352 -0.0348417 2.01953 
1.06532 0.366346 -0.0549139 2.01629 
1.06886 0.36462 -0.00356053 2.02257 
1.06796 0.365687 -0.0143624 2.02088 
1.06587 0.371961 -0.0179358 2.01582 
1.07168 0.354481 -0.0291945 2.02764 
1.07423 0.348067 -0.0122601 2.03094 
1.05449 0.399152 -0.0236301 1.99861 
1.07776 0.329817 -0.0366113 2.03553 
1.06932 0.347633 0.0241848 2.02079 
1.07175 0.346142 0.0226015 2.02537 
1.07058 0.342368 0.0409251 2.0222 
1.07695 0.33857 0.0475679 2.03453 
1.08122 0.321639 0.0633148 2.04209 
1.07634 0.337142 0.0584945 2.03321 
1.06778 0.361164 0.065502 2.02061 
1.06148 0.373803 0.0596723 2.00829 
1.06431 0.373553 0.0427172 2.01382 
1.05089 0.406562 0.0572368 1.99413 
1.0612 0.382714 0.0212134 2.00917 
1.07083 0.358228 0.0212849 2.02582 
1.07262 0.3469 0.017063 2.02624 
1.07092 0.357125 0.0240623 2.02527 
1.07319 0.351646 0.0278091 2.0296 
1.07454 0.348308 0.03731 2.03143 
1.07252 0.35437 0.0362163 2.02804 
1.07514 0.34573 0.0448465 2.03195 
1.07852 0.33197 0.0436783 2.03779 
1.07884 0.335762 0.0343322 2.03836 
1.08333 0.319186 0.0298245 2.04373 
1.07332 0.350927 0.0606564 2.03106 
1.06771 0.365078 0.0504603 2.02107 
1.07176 0.35598 0.0317202 2.02687 
1.06234 0.373002 0.0218752 2.01005 
1.06268 0.377231 0.0221059 2.01164 
1.06256 0.378779 0.0220396 2.01185 
1.06279 0.376142 0.0218491 2.0117 
1.06252 0.372907 0.0223568 2.01058 
1.06273 0.362028 0.124514 2.01385 
1.05495 0.379582 0.127035 2.00035 
1.05958 0.373197 0.109559 2.0078 
1.05406 0.389579 0.0732333 1.99643 
1.0523 0.382925 0.0999086 1.99165 
1.04877 0.391719 0.0853518 1.98677 
1.07231 0.351376 0.0820531 2.02968 
1.07023 0.360367 0.0305359 2.0241 
1.06978 0.360446 0.0412253 2.02435 
1.06756 0.365801 0.0386985 2.02168 
1.07021 0.360766 0.0268931 2.02419 
1.06519 0.372021 0.0315089 2.01717 
1.06879 0.363596 0.0253037 2.02163 
1.06733 0.370156 0.0237627 2.02026 
1.06628 0.363574 0.0174045 2.01648 
1.07622 0.340509 0.0189104 2.03235 
1.07061 0.352925 0.0180086 2.0232 
1.06876 0.361196 0.0202679 2.02161 
1.06921 0.354428 0.0145158 2.02133 
1.06924 0.340557 0.00422186 2.01993 
1.07079 0.349843 0.0125915 2.0241 
1.0712 0.349517 0.0153946 2.02338 
1.06973 0.354594 0.0165249 2.02125 
1.06823 0.352588 0.0118281 2.0198 
1.08277 0.311006 0.0101234 2.04243 
1.07923 0.32567 0.0168168 2.03704 
1.07646 0.337449 0.0226757 2.03164 
1.08088 0.327311 0.0279942 2.03955 
1.076 0.343498 0.0332329 2.03425 
1.07793 0.316656 -0.00542026 2.03514 
1.07543 0.334612 0.0110147 2.0308 
1.07393 0.337964 0.00825345 2.02883 
1.07643 0.332182 0.010115 2.03273 
1.06525 0.358382 0.0137639 2.015 
1.04098 0.41404 0.0901771 1.97607 
1.05443 0.39272 0.0382511 1.99676 
1.06434 0.364443 0.088428 2.01464 
1.06072 0.370112 0.0679713 2.00542 
1.05312 0.388026 0.0548192 1.99372 
1.05796 0.380961 0.0485451 2.00192 
1.06645 0.364874 0.0561569 2.01793 
1.05554 0.377863 0.116823 1.99994 
1.05861 0.365209 0.130431 2.00603 
1.06539 0.349665 0.126575 2.01688 
1.06486 0.351592 0.139171 2.0166 
1.05126 0.385525 0.135284 1.99431 
1.01959 0.421984 0.167935 1.94033 
1.05056 0.372823 0.161157 1.99015 
1.05516 0.369325 0.144907 1.99894 
1.06152 0.354764 0.144077 2.01027 
1.0655 0.322738 0.154938 2.01174 
1.07722 0.298811 0.135103 2.03252 
1.07226 0.306675 0.154554 2.02536 
1.07812 0.0154933 0.0558061 2.0397 
1.05484 0.342726 0.185855 1.99735 
1.06497 0.315345 0.179042 2.01675 
1.0525 0.338101 0.195545 1.99582 
1.09299 0.291369 0.120253 2.07874 
1.0689 0.32831 0.157977 2.02461 
1.05738 0.323133 0.196762 2.00383 
1.06477 0.32558 0.16372 2.01188 
1.06439 0.326141 0.175857 2.01516 
1.06168 0.335327 0.177007 2.00786 
1.06624 0.343178 0.12316 2.02354 
0.98169 0.501364 0.171274 1.88178 
0.985868 0.472965 0.167714 1.87458 
0.973274 0.518276 0.139601 1.86736 
1.0131 0.452823 0.161201 1.9341 
0.999493 0.472707 0.173651 1.90936 
1.00859 0.461209 0.154264 1.92492 
0.998392 0.473324 0.1385 1.90008 
1.00349 0.470624 0.134583 1.91332 
1.00866 0.453897 0.171171 1.92623 
1.00175 0.493092 0.0673683 1.91383 
1.00067 0.494919 0.0670982 1.91217 
1.00046 0.494943 0.066227 1.91175 
1.00054 0.495512 0.0684557 1.91208 
1.0366 0.399893 -0.141686 1.97154 
1.02917 0.44881 -0.144424 1.96804 
1.07436 0.292508 -0.102753 2.03133 
1.03832 0.427147 -0.0862511 1.97529 
1.03142 0.442048 -0.0972539 1.96485 
1.02507 0.450317 -0.0917769 1.95202 
1.02716 0.438498 -0.118884 1.95581 
1.03977 0.422145 -0.106202 1.97793 
1.04425 0.406267 -0.115051 1.98236 
1.05054 0.399178 -0.106671 1.99424 
1.04928 0.405824 -0.0010459 1.98798 
1.05024 0.40578 -0.0112312 1.99103 
1.05633 0.391967 0.0147818 2.00091 
1.06121 0.382536 0.0342861 2.00861 
1.05897 0.384585 0.0299755 2.00393 
1.05837 0.387289 0.0157217 2.00278 
1.06222 0.382621 0.0209615 2.01189 
1.06165 0.383007 0.0227164 2.01037 
1.06116 0.38338 0.0190876 2.00965 
1.06277 0.380757 0.0238386 2.0132 
1.04671 0.413854 -0.0324388 1.98498 
1.04595 0.413418 -0.0214769 1.9827 
1.05167 0.404422 -0.0356318 1.99386 
1.05339 0.398194 -0.0148405 1.99606 
1.02511 0.46228 0.020423 1.95521 
1.02505 0.457048 -0.00250941 1.95075 
1.01974 0.46728 -0.00856562 1.94234 
1.03693 0.434497 -0.022741 1.96928 
1.02557 0.456657 -0.019847 1.95157 
1.02771 0.451742 -0.0302183 1.95472 
1.03009 0.445433 0.0121121 1.95918 
1.04547 0.422116 0.00558807 1.98397 
1.04264 0.425844 0.0130238 1.98094 
1.06922 0.359208 0.0482656 2.02316 
1.06409 0.369851 0.0428243 2.01569 
1.06839 0.366521 0.0352923 2.02251 
1.0617 0.378196 0.0322997 2.00881 
1.06833 0.367712 0.0283321 2.02185 
1.03002 0.455677 0.0369536 1.96186 
1.01326 0.479424 0.0317262 1.93419 
1.01167 0.478312 0.0136465 1.9283 
1.02271 0.464121 0.028457 1.94951 
0.99019 0.444332 0.00610844 1.88262 
0.988856 0.496787 -0.0195096 1.88726 
0.972322 0.52704 -0.0219436 1.86068 
0.974657 0.518848 -0.0304294 1.86357 
0.982603 0.513426 -0.011367 1.87812 
0.981911 0.512418 0.00819903 1.87803 
0.976211 0.519631 0.0113552 1.86897 
0.951155 0.55221 -0.0279016 1.82565 
0.959291 0.540759 -0.0141295 1.83878 
0.94948 0.551547 -0.0113572 1.8225 
0.98335 0.394612 -0.0538244 1.86654 
0.994567 0.441684 -0.0432246 1.89202 
0.986103 0.414359 -0.0407321 1.87236 
0.990153 0.413851 -0.0084213 1.88106 
0.991437 0.47921 -0.02457 1.88794 
0.98777 0.481068 -0.0391407 1.88133 
0.984835 0.470877 -0.0570332 1.87592 
0.942738 0.365964 -0.149714 1.78089 
0.965648 0.467865 -0.0906707 1.84397 
0.972946 0.418759 -0.0943408 1.85151 
0.97372 0.461505 -0.0834601 1.85977 
0.924496 0.427076 -0.148007 1.76288 
0.935511 0.42975 -0.132391 1.7785 
0.954625 0.461127 -0.111262 1.82539 
0.947663 0.478278 -0.109842 1.81615 
0.937251 0.472815 -0.124046 1.79632 
0.965864 0.42494 -0.0994551 1.83583 
0.87074 0.557207 -0.0998467 1.68722 
0.942638 0.552203 -0.0495709 1.8125 
0.929653 0.542888 -0.0724209 1.78531 
0.942453 0.534128 -0.0757665 1.8081 
0.924782 0.509729 -0.111897 1.77945 
0.948704 0.529566 -0.0696464 1.81767 
0.942879 0.521517 -0.0867507 1.80652 
0.935465 0.521987 -0.0941616 1.79584 
0.955281 0.493702 -0.0933493 1.8278 
0.965598 0.507377 -0.0669906 1.8451 
0.937749 0.556718 -0.0431615 1.80489 
0.931751 0.557495 -0.0409299 1.79242 
0.940761 0.546627 -0.0574172 1.80933 
1.04053 0.414779 -0.114594 1.97688 
1.04923 0.401181 -0.0990149 1.99202 
1.04538 0.411962 -0.0917241 1.98626 
1.05265 0.387349 -0.113419 1.99573 
1.05444 0.392698 -0.0925577 2.00127 
1.05853 0.386796 -0.0611888 2.0058 
1.03165 0.43939 -0.0602555 1.96171 
1.03187 0.435064 -0.0738119 1.96109 
1.03373 0.436908 -0.0875643 1.96779 
1.03663 0.428402 -0.0742082 1.96957 
1.03815 0.432183 -0.0592766 1.97025 
1.01668 0.468649 -0.0401395 1.93611 
1.01897 0.447628 -0.107777 1.93975 
1.01573 0.458556 -0.0913783 1.93644 
1.00862 0.461512 -0.0756208 1.92247 
0.997335 0.383808 -0.0664789 1.89338 
0.988819 0.304789 -0.0505693 1.86875 
1.00287 0.43172 -0.104847 1.91034 
0.989804 0.371509 -0.0619803 1.87593 
0.985495 0.328024 -0.0398399 1.86249 
0.969508 0.213542 -0.0594256 1.81802 
0.974369 0.271187 -0.0717934 1.82906 
0.961983 0.260421 -0.0974871 1.80421 
1.00806 0.439737 -0.102986 1.92082 
1.00843 0.443908 -0.0932204 1.92124 
0.965325 0.16653 -0.0730821 1.81137 
1.04272 0.420503 -0.0379143 1.97812 
1.0324 0.443451 -0.0374424 1.96172 
1.02903 0.427751 -0.129377 1.95817 
1.0404 0.418551 -0.0951108 1.97736 
1.03339 0.433507 -0.107393 1.96623 
1.00828 0.489261 0.0314937 1.92531 
0.993559 0.477649 0.0350954 1.89537 
1.0097 0.483028 0.0246872 1.92611 
1.00538 0.483528 0.0226116 1.91748 
1.00698 0.481782 0.0126546 1.92095 
1.00918 0.474117 -0.0102333 1.92315 
0.993484 0.498377 -0.00140126 1.89479 
0.98922 0.448627 -0.0232353 1.88196 
0.992021 0.485234 0.00200423 1.89163 
0.995651 0.46006 0.0215173 1.89707 
0.994823 0.46369 0.0353559 1.89639 
0.995929 0.489854 0.0298361 1.89937 
0.991156 0.489658 0.00945503 1.88858 
0.986066 0.467474 -0.0425696 1.8779 
0.99162 0.44276 -0.0110323 1.88588 
0.990462 0.41391 -0.0239909 1.88282 
0.994279 0.409513 -0.0159402 1.88933 
0.976192 0.521367 -0.00979363 1.86721 
0.989206 0.495607 -0.0123526 1.88625 
0.984677 0.509285 0.00116378 1.88117 
0.995722 0.455893 0.0231455 1.8962 
0.994722 0.486857 0.0184484 1.89864 
0.993596 0.483602 0.0394628 1.89514 
0.994077 0.498785 0.043729 1.89793 
0.979067 0.519923 0.0331698 1.87369 
0.990796 0.499947 0.0332397 1.89362 
0.990789 0.507324 0.0445938 1.89527 
0.972297 0.527531 -0.00311175 1.86315 
1.02078 0.46292 -0.0170702 1.94301 
1.01862 0.470068 -0.0187504 1.94062 
1.01521 0.474316 -0.00191997 1.93479 
1.00895 0.477236 -0.00300785 1.92349 
0.990122 0.450789 -0.012235 1.88287 
0.993474 0.435672 0.00693058 1.89098 
0.992167 0.43655 0.00832277 1.88731 
1.00833 0.467137 -0.0228018 1.92114 
1.02442 0.461066 -0.0333308 1.94968 
1.01803 0.473265 -0.0324107 1.93938 
1.01227 0.474237 -0.0234978 1.92842 
1.00594 0.463177 -0.0278843 1.91694 
1.0157 0.467106 -0.0659562 1.93649 
1.01295 0.472797 -0.0517206 1.93159 
1.02179 0.459327 -0.0536983 1.94661 
1.01431 0.4754 -0.0428819 1.93427 
0.999483 0.430455 -0.0300424 1.90107 
0.984668 0.351157 -0.0173232 1.86121 
0.97776 0.302498 -0.0353855 1.84178 
0.980977 0.298996 -0.0357038 1.84962 
1.02595 0.452177 0.012158 1.95263 
1.01768 0.47036 0.0173246 1.94066 
1.02407 0.458153 0.00433264 1.95016 
0.998923 0.424631 -0.0321419 1.89908 
1.01917 0.474311 0.0346059 1.9449 
1.0341 0.44149 0.000717071 1.96626 
1.02943 0.448914 -0.00547716 1.95803 
1.04243 0.425981 -0.0159756 1.97868 
1.03956 0.430522 -0.00527935 1.97412 
1.02281 0.459596 0.0642616 1.94983 
1.01841 0.471948 0.0432469 1.94299 
0.999483 0.494946 0.0682257 1.90946 
0.999062 0.496298 0.0684029 1.90891 
0.99925 0.49502 0.0670162 1.90911 
1.00865 0.48882 0.0466258 1.9276 
1.00434 0.489344 0.0655097 1.91805 
1.00334 0.491893 0.0563955 1.91611 
1.00207 0.49359 0.0633973 1.91439 
0.999193 0.494247 0.0663896 1.90908 
0.998027 0.494879 0.0630544 1.90676 
0.997828 0.491581 0.0561551 1.90551 
0.998163 0.497812 0.0675807 1.90742 
0.997331 0.488316 0.0551096 1.90459 
0.999911 0.495032 0.0682548 1.91062 
1.00403 0.488714 0.0397343 1.91808 
1.0117 0.483446 0.0345726 1.93212 
1.00295 0.491266 0.0459171 1.91708 
1.00314 0.492078 0.065433 1.9164 
0.99806 0.491152 0.0602808 1.90673 
1.00197 0.493235 0.0552446 1.91471 
0.994765 0.499112 0.0892156 1.90229 
0.951221 0.551495 0.123589 1.83428 
0.960246 0.526667 0.151319 1.84603 
0.927279 0.575517 0.0890659 1.79209 
0.986948 0.513227 0.0828159 1.89023 
0.979837 0.518078 0.0421094 1.87363 
0.998083 0.497969 0.0708499 1.9075 
0.989118 0.509798 0.0778068 1.89321 
0.991605 0.506739 0.0513298 1.89666 
0.999562 0.495843 0.0687217 1.90984 
0.999025 0.496329 0.0688291 1.90894 
0.999139 0.496235 0.0693155 1.90918 
0.999456 0.495743 0.0693413 1.90972 
1.00004 0.495102 0.0700984 1.91082 
0.971554 0.529679 0.0286729 1.86173 
0.979703 0.525356 0.0550514 1.87919 
0.9936 0.504209 0.0676565 1.89937 
0.995276 0.499623 0.0571791 1.90215 
0.995712 0.501279 0.0636062 1.90394 
0.997373 0.498325 0.069905 1.90604 
0.987825 0.512435 0.0661912 1.8909 
0.99744 0.499466 0.0651882 1.90605 
0.955051 0.545596 0.0770717 1.8364 
0.927991 0.56628 0.115015 1.79208 
0.94334 0.560089 0.0733418 1.81716 
0.908304 0.588197 0.0715938 1.7579 
0.911175 0.591058 0.0241094 1.76121 
0.926371 0.490959 -0.123194 1.77613 
0.947731 0.495227 -0.103811 1.81813 
0.938008 0.507348 -0.10338 1.79944 
0.953302 0.510616 -0.0852017 1.82274 
0.919281 0.540797 -0.0245448 1.7689 
0.922773 0.555276 -0.0512569 1.7766 
0.932048 0.553048 -0.0435148 1.79346 
0.932631 0.518419 -0.0502506 1.78895 
0.93359 0.520249 -0.0326207 1.79133 
0.930897 0.532588 -0.0483144 1.78834 
0.929091 0.553181 -0.0456685 1.78759 
0.937434 0.516642 -0.0426734 1.79788 
0.911696 0.519349 0.0545168 1.75785 
0.999579 0.494594 0.0677112 1.90978 
0.999217 0.496725 0.0679123 1.90922 
0.982997 0.514689 0.0590379 1.88207 
0.982791 0.349781 -0.0213142 1.85953 
0.994013 0.403417 -0.00916644 1.8856 
0.988359 0.478728 -0.034975 1.88497 
0.985614 0.431917 -0.0586234 1.87453 
0.980501 0.345067 -0.0287423 1.85426 
0.984452 0.408116 -0.0445377 1.86946 
0.966335 0.517518 -0.0581112 1.84936 
0.981776 0.508404 -0.0307231 1.87592 
0.949708 0.537741 -0.0629757 1.82334 
0.957379 0.514025 -0.0771921 1.83199 
0.956542 0.53013 -0.0544932 1.83426 
0.970999 0.523134 -0.041317 1.85867 
0.984377 0.50558 -0.0210504 1.87954 
0.963697 0.536122 -0.0208596 1.84572 
0.955993 0.536654 -0.0471326 1.83368 
0.972095 0.513566 -0.0493113 1.85977 
0.969888 0.489863 -0.0725086 1.85124 
0.964505 0.486981 -0.0856448 1.8433 
0.97836 0.464523 -0.0709639 1.86508 
0.979151 0.501797 -0.0511989 1.86993 
0.983346 0.451366 -0.0637273 1.87305 
0.982616 0.498379 -0.0386457 1.8769 
0.92024 0.542363 -0.0799226 1.77084 
0.960471 0.459053 -0.100581 1.83646 
0.97863 0.487166 -0.058782 1.86571 
1.01551 0.477753 0.0467514 1.93879 
1.00623 0.490393 0.0552253 1.92233 
1.0106 0.484279 0.0414147 1.93014 
0.970945 0.277366 -0.077111 1.82119 
0.971307 0.365754 -0.0874397 1.83697 
0.978049 0.416583 -0.0806631 1.86133 
0.947105 0.36903 -0.1315 1.78838 
0.958128 0.395977 -0.117887 1.81732 
0.951027 0.41807 -0.118312 1.80766 
0.967347 0.276516 -0.0969147 1.81601 
0.966752 0.215829 -0.0766458 1.80913 
0.967537 0.206836 -0.0835814 1.81302 
0.971278 0.2731 -0.0928078 1.82395 
0.962288 0.208717 -0.0942533 1.80169 
0.95755 0.266123 -0.110886 1.79527 
0.953531 0.213373 -0.119959 1.78727 
0.948286 0.299013 -0.132094 1.78028 
0.947166 0.181388 -0.119686 1.77953 
0.96236 0.146299 -0.104321 1.8049 
0.960384 0.206815 -0.113691 1.80031 
0.953296 0.144049 -0.122473 1.79484 
0.98115 0.449742 -0.0702163 1.87027 
0.976655 0.486325 -0.0685515 1.86421 
0.974408 0.423377 -0.0829 1.85343 
0.968811 0.363291 -0.100056 1.82963 
0.976425 0.287314 -0.0549464 1.83502 
0.978505 0.343359 -0.0706874 1.84778 
0.973377 0.353485 -0.0884095 1.83963 
0.972981 0.277953 -0.054268 1.82448 
0.972249 0.240458 -0.0558672 1.82248 
0.967041 0.173197 -0.062539 1.81532 
0.992586 0.405347 -0.00649774 1.88326 
0.946955 0.414275 -0.131356 1.79794 
0.930367 0.421456 -0.141939 1.7698 
0.962085 0.332542 -0.113701 1.81597 
0.978302 0.346701 -0.0595167 1.84643 
0.979257 0.420621 -0.0696859 1.86287 
0.976121 0.358056 -0.0744762 1.84512 
0.966332 0.202423 -0.0760649 1.80879 
0.955896 0.25711 -0.121927 1.79205 
1.00264 0.430772 -0.115784 1.91031 
0.989017 0.383844 -0.11549 1.87737 
1.02618 0.422464 -0.151223 1.95677 
0.977671 0.340037 -0.0500329 1.84552 
0.979874 0.38926 -0.0631118 1.85856 
0.978366 0.291149 -0.04142 1.83899 
0.974576 0.24552 -0.0433112 1.82891 
0.97129 0.220641 -0.0513913 1.8218 
0.970858 0.216131 -0.0611621 1.81968 
0.977623 0.285032 -0.0649126 1.84581 
0.985012 0.340175 -0.0483775 1.86297 
1.02246 0.460865 -0.0723765 1.94921 
1.02359 0.460762 -0.0425065 1.94928 
1.00167 0.444942 -0.0496317 1.90705 
1.01702 0.471997 -0.0563502 1.9402 
1.00803 0.454957 -0.0473438 1.92021 
0.980412 0.305353 -0.0344699 1.84858 
1.01043 0.464989 -0.0679476 1.92613 
0.947976 0.545993 -0.0429737 1.82008 
0.923159 0.572135 -0.0382275 1.78072 
0.922483 0.582464 -0.0136852 1.78 
0.880487 0.610099 -0.0104925 1.71004 
0.901014 0.592645 -0.0180663 1.74304 
0.887652 0.602222 -0.00595082 1.71884 
0.931514 0.379778 -0.149378 1.76332 
0.914179 0.364867 -0.165736 1.72401 
0.901208 0.309348 -0.185229 1.7034 
0.921264 0.321621 -0.160421 1.73448 
0.93814 0.32214 -0.146119 1.76394 
0.938915 0.294024 -0.146696 1.76474 
0.935717 0.216257 -0.156305 1.76052 
0.941468 0.215353 -0.137554 1.76877 
0.952237 0.344549 -0.132381 1.79947 
0.967112 0.329924 -0.0968596 1.82023 
0.96103 0.396501 -0.108626 1.8229 
0.955701 0.345764 -0.114462 1.80241 
0.963834 0.167245 -0.0771616 1.81053 
0.932134 0.551694 -0.0596466 1.79266 
0.871403 0.365932 -0.20098 1.66468 
0.901226 0.40834 -0.163523 1.70613 
0.859741 0.403624 -0.182551 1.63445 
0.951225 0.258963 -0.131147 1.78331 
0.945466 0.182198 -0.142265 1.77779 
0.890296 0.399985 -0.167344 1.68372 
0.885932 0.359259 -0.182262 1.68062 
0.916387 0.398874 -0.160238 1.73205 
0.918842 0.258291 -0.17402 1.73259 
0.932376 0.257557 -0.15004 1.75567 
0.921557 0.35767 -0.15847 1.73761 
0.766303 0.571111 -0.055041 1.47955 
0.914148 0.523889 -0.103984 1.75984 
0.901695 0.514617 -0.126094 1.73464 
0.869285 0.523639 -0.1227 1.6675 
0.904527 0.458585 -0.152119 1.7252 
0.915998 0.492758 -0.133668 1.75664 
0.906739 0.550286 -0.0385449 1.74622 
0.92416 0.52637 -0.014436 1.77353 
0.892017 0.554457 -0.0369438 1.72147 
0.862498 0.573574 -0.00313121 1.67175 
0.808695 0.559882 -0.0757254 1.5601 
0.831869 0.53475 -0.106323 1.60159 
0.920772 0.532684 -0.0903119 1.76917 
0.893833 0.544555 -0.0790818 1.72221 
0.88313 0.554275 -0.0625887 1.70247 
0.892657 0.544833 -0.0949852 1.72315 
0.903577 0.531658 -0.108295 1.74519 
0.914347 0.299903 -0.168134 1.72754 
0.899402 0.345972 -0.173597 1.70541 
0.83808 0.42675 -0.187402 1.60203 
0.831935 0.467119 -0.156932 1.59824 
0.80679 0.482867 -0.151508 1.55026 
0.910198 0.547824 -0.0739155 1.75183 
0.913097 0.554321 -0.0529193 1.75974 
0.867738 0.565152 -0.0706303 1.68412 
0.862177 0.540227 -0.109293 1.65611 
0.801942 0.514871 -0.119422 1.54804 
0.871966 0.458651 -0.15401 1.65978 
0.915733 0.463381 -0.140697 1.74912 
0.886382 0.475498 -0.147768 1.69614 
0.891434 0.515739 -0.132674 1.71234 
0.847031 0.477485 -0.148746 1.619 
0.869483 0.419927 -0.165295 1.64621 
0.921378 0.496998 0.0254729 1.76028 
0.855107 0.561889 0.0231009 1.65918 
0.881948 0.548752 -0.0133181 1.6993 
0.992664 0.460517 0.220013 1.89994 
0.970693 0.472255 0.268346 1.86418 
0.925828 0.505257 0.288781 1.7879 
0.901855 0.536338 0.272627 1.74886 
0.98403 0.478961 0.189073 1.87925 
0.966939 0.489286 0.238166 1.8577 
0.972244 0.492515 0.19241 1.85689 
0.955152 0.405931 -0.0682037 1.8123 
0.93362 0.472749 -0.0638272 1.78078 
0.938914 0.438141 -0.0767365 1.78799 
0.942716 0.428912 -0.0642096 1.79137 
0.948323 0.469016 -0.0266318 1.80941 
0.932246 0.517595 -0.0212914 1.78691 
0.913855 0.524725 0.00566051 1.7585 
0.930912 0.534889 -0.0434538 1.78738 
0.940559 0.489188 -0.0441353 1.79808 
0.925935 0.539678 -0.0346032 1.77961 
0.932176 0.509411 -0.0565248 1.78776 
0.941138 0.465576 -0.0548892 1.7957 
0.944204 0.469894 -0.0447105 1.80102 
0.935858 0.491435 -0.0582024 1.78804 
0.76634 0.594147 -0.00575193 1.496 
0.931982 0.473991 -0.0694727 1.7779 
0.926056 0.554091 -0.0494698 1.7824 
0.916042 0.5523 -0.0586364 1.76339 
0.921079 0.532448 -0.0620696 1.76937 
0.910988 0.577321 -0.0460917 1.75814 
0.909009 0.566467 -0.0557047 1.7533 
0.918087 0.571633 -0.0474031 1.77065 
0.923552 0.559322 -0.0499342 1.77807 
0.927754 0.568966 -0.0353309 1.7872 
0.926221 0.562708 -0.0447162 1.78266 
0.928424 0.561257 -0.0434889 1.78763 
0.929144 0.561336 -0.0410528 1.78823 
0.917045 0.563371 -0.0529265 1.76644 
0.921232 0.568657 -0.0431689 1.77565 
0.901898 0.581054 -0.048295 1.74305 
0.91136 0.582574 -0.0403266 1.76031 
0.905942 0.587809 -0.0363097 1.75087 
0.902874 0.566787 -0.0588125 1.74423 
0.929968 0.451382 -0.0725795 1.77109 
0.927697 0.512469 -0.0613044 1.77765 
0.926503 0.528941 -0.0575325 1.77911 
0.927756 0.534654 -0.0522942 1.78268 
0.921558 0.547756 -0.0578933 1.77346 
0.919138 0.511607 -0.0682033 1.76137 
0.914349 0.470544 -0.0820149 1.74854 
0.918458 0.484728 -0.0729655 1.75613 
0.924806 0.506817 -0.0648344 1.77181 
0.90963 0.49203 -0.0746451 1.74012 
0.916092 0.508917 -0.0711996 1.75596 
0.911429 0.513476 -0.0704527 1.74823 
0.907366 0.502855 -0.0726305 1.73857 
0.907675 0.483793 -0.0763575 1.73538 
0.918988 0.529741 -0.064738 1.7656 
0.925058 0.546429 -0.0511096 1.77911 
0.90605 0.551527 -0.0628485 1.74581 
0.899835 0.544288 -0.0655511 1.73352 
0.903116 0.52668 -0.0705796 1.73581 
0.912616 0.546478 -0.0618194 1.75729 
0.90604 0.528667 -0.0698785 1.7421 
0.910748 0.525469 -0.0684784 1.75001 
0.924971 0.486922 -0.06773 1.77014 
0.918286 0.467709 -0.0761156 1.75223 
0.926319 0.455625 -0.0799845 1.76706 
0.904781 0.503474 -0.0738878 1.73385 
0.910219 0.476804 -0.0776525 1.73888 
0.914913 0.492807 -0.0725809 1.75076 
0.895141 0.499455 -0.0751125 1.71481 
0.890364 0.499929 -0.0767026 1.70634 
0.89761 0.493482 -0.0773813 1.71885 
0.884903 0.510816 -0.0725594 1.69731 
0.893307 0.513028 -0.0724275 1.71425 
0.894016 0.522612 -0.0704966 1.71723 
0.88967 0.505762 -0.0738411 1.706 
0.883294 0.525746 -0.0692216 1.69766 
0.887285 0.506633 -0.0743078 1.70177 
0.891115 0.525065 -0.0709203 1.71209 
0.882292 0.551193 -0.0638291 1.70087 
0.882068 0.540212 -0.0654624 1.69869 
0.893609 0.556955 -0.0632034 1.72458 
0.89756 0.557744 -0.0632675 1.73266 
0.898902 0.530864 -0.0694474 1.729 
0.906076 0.564454 -0.0591109 1.749 
0.882197 0.584353 -0.0539509 1.70796 
0.876352 0.569428 -0.0569813 1.69564 
0.889322 0.576216 -0.0559874 1.72 
0.899915 0.574286 -0.0551492 1.73781 
0.908141 0.577016 -0.0502297 1.7541 
0.876663 0.553182 -0.0628635 1.69176 
0.889548 0.542207 -0.0672615 1.71264 
0.888016 0.58169 -0.0540662 1.71812 
0.885538 0.558614 -0.0617643 1.70919 
0.894566 0.572757 -0.0585289 1.72912 
0.915239 0.562431 -0.0558168 1.76424 
0.890536 0.593499 -0.0426114 1.72477 
0.870744 0.586015 -0.0510789 1.68797 
0.860658 0.581604 -0.0493162 1.66871 
0.853724 0.559364 -0.0540455 1.65247 
0.883476 0.568055 -0.0590415 1.70851 
0.882701 0.600138 -0.036218 1.71141 
0.879987 0.511064 -0.0728061 1.6888 
0.892916 0.538667 -0.0674188 1.71852 
0.897504 0.547205 -0.0657153 1.73026 
0.891045 0.559938 -0.0617077 1.72027 
0.876096 0.518979 -0.0701736 1.68219 
0.885331 0.537856 -0.0665156 1.70445 
0.875869 0.528952 -0.0660411 1.6861 
0.879498 0.5166 -0.0701954 1.68904 
0.87056 0.523789 -0.0673209 1.67202 
0.874981 0.519436 -0.0712817 1.67967 
0.869198 0.541596 -0.0626189 1.6761 
0.872077 0.539791 -0.0620359 1.68132 
0.909995 0.547696 -0.0640278 1.7537 
0.887241 0.521465 -0.0708781 1.70448 
0.914735 0.533611 -0.0651404 1.75802 
0.900954 0.511172 -0.072227 1.7277 
0.901198 0.492029 -0.0760133 1.72496 
0.896671 0.508772 -0.0736672 1.72 
0.903391 0.485176 -0.0786412 1.72811 
0.860271 0.543166 -0.0586523 1.65835 
0.866153 0.530165 -0.065087 1.66579 
0.870464 0.555496 -0.0583761 1.68169 
0.872453 0.531937 -0.0642814 1.67961 
0.865041 0.532422 -0.0635928 1.66467 
0.869665 0.527658 -0.0654844 1.67197 
0.867174 0.556266 -0.0587643 1.67606 
0.833056 0.602324 -0.032895 1.62345 
0.836545 0.59433 -0.0375791 1.62798 
0.840054 0.609607 -0.031468 1.63601 
0.835403 0.585739 -0.0395136 1.62505 
0.855434 0.611627 -0.0317325 1.66563 
0.868577 0.568873 -0.0563939 1.68115 
0.85403 0.542944 -0.0583726 1.64469 
0.843293 0.545186 -0.0532227 1.62404 
0.847993 0.541172 -0.0578618 1.63087 
0.845491 0.574767 -0.0466451 1.64141 
0.846717 0.557971 -0.0539286 1.63679 
0.874886 0.613631 -0.00714991 1.70075 
0.879437 0.607413 -0.0155711 1.70596 
0.864555 0.619082 -0.0146279 1.68136 
0.87685 0.60943 -0.0244697 1.70206 
0.869515 0.614491 -0.0258097 1.69055 
0.861167 0.605703 -0.0374231 1.67469 
0.872954 0.601602 -0.0401431 1.694 
0.898058 0.580052 -0.0526288 1.73658 
0.899628 0.592372 -0.0379692 1.74157 
0.891514 0.584363 -0.0501396 1.72529 
0.886838 0.590207 -0.0464171 1.71788 
0.875243 0.604709 -0.0368284 1.69977 
0.876405 0.594528 -0.044148 1.70026 
0.877814 0.579734 -0.0552195 1.70031 
0.883315 0.591906 -0.0470728 1.71292 
0.870699 0.593547 -0.048396 1.69104 
0.867479 0.603364 -0.0408898 1.68761 
0.855405 0.599745 -0.0413132 1.66203 
0.854995 0.570761 -0.0504857 1.65748 
0.856084 0.590828 -0.0455096 1.66266 
0.849015 0.574167 -0.0469392 1.64666 
0.880254 0.567407 -0.05939 1.70178 
0.899251 0.592114 -0.0128787 1.73751 
0.892309 0.598722 -0.0302409 1.72904 
0.884734 0.603077 -0.0309123 1.71581 
0.897072 0.589362 -0.042709 1.73537 
0.90964 0.585083 -0.0246811 1.75696 
0.92122 0.576657 -0.023041 1.77576 
0.917449 0.577718 -0.034516 1.77044 
0.929492 0.569848 -0.0283961 1.79079 
0.93126 0.564754 -0.0378262 1.79323 
0.931844 0.557161 -0.0454361 1.79285 
0.930498 0.554205 -0.04215 1.79026 
0.928805 0.554813 -0.0512081 1.78664 
0.935627 0.561303 -0.0384385 1.80015 
0.945839 0.552788 -0.0350147 1.81672 
0.938468 0.562948 0.00754154 1.80619 
0.916171 0.580013 -0.0281477 1.76867 
0.939794 0.559079 -0.0317604 1.80661 
0.928332 0.552797 -0.039923 1.78687 
0.946436 0.560127 -0.0196731 1.81933 
0.934602 0.564812 -0.0266551 1.79795 
0.959424 0.543097 -0.0305698 1.83979 
0.850116 0.599744 -0.0407588 1.6533 
0.843394 0.604158 -0.0361791 1.64138 
0.840238 0.58304 -0.0431423 1.63212 
0.83825 0.562631 -0.0478412 1.62227 
0.830413 0.567025 -0.0439958 1.60751 
0.831172 0.554308 -0.0480761 1.60408 
0.842818 0.556189 -0.0518699 1.62809 
0.835172 0.568031 -0.045398 1.61851 
0.838341 0.549003 -0.0521142 1.61624 
0.844602 0.585441 -0.0428567 1.64068 
0.828924 0.571921 -0.0411834 1.60855 
0.825441 0.572092 -0.0397496 1.60089 
0.82451 0.559611 -0.0446943 1.59329 
0.835979 0.552706 -0.049801 1.61225 
0.818587 0.564421 -0.0400626 1.58388 
0.815719 0.568685 -0.0368133 1.57975 
0.825655 0.60288 -0.0300623 1.6107 
0.828407 0.612823 -0.0254182 1.61704 
0.809155 0.58934 -0.0263076 1.57669 
0.806414 0.603012 -0.0197474 1.57522 
0.804332 0.573794 -0.0322349 1.56002 
0.791828 0.593238 -0.0182498 1.54377 
0.796634 0.577911 -0.0281416 1.54543 
0.809078 0.572526 -0.0337272 1.56888 
0.813294 0.569484 -0.0370169 1.57437 
0.818084 0.585081 -0.0307725 1.59249 
0.800791 0.577722 -0.0286246 1.55455 
0.813917 0.584487 -0.029944 1.58284 
0.802609 0.58691 -0.0265043 1.56201 
0.530176 0.590857 0.0671339 1.08678 
0.805963 0.642594 0.0196577 1.58456 
0.67178 0.607588 0.03561 1.33212 
0.741215 0.612133 0.0286558 1.45862 
0.668854 0.609502 0.0560029 1.32177 
0.739324 0.613192 0.0356271 1.45516 
0.748713 0.61291 0.0347863 1.47344 
0.765157 0.643291 0.0377646 1.51319 
0.606863 0.618792 0.0626163 1.22427 
0.68256 0.657579 0.0586574 1.36966 
0.559374 0.602531 0.0838792 1.14128 
0.589546 0.617971 0.0956869 1.19813 
0.588425 0.621347 0.0730944 1.19657 
0.609596 0.636028 0.0869901 1.23989 
0.667334 0.650595 0.0529671 1.34335 
0.651965 0.644938 0.134172 1.31923 
0.575102 0.607073 0.1072 1.17081 
0.671914 0.653447 0.114989 1.35349 
0.612309 0.626341 0.126976 1.24345 
0.658185 0.651685 0.0960892 1.3281 
0.571492 0.589627 0.157484 1.16248 
0.588458 0.601034 0.147106 1.19401 
0.608001 0.604547 0.163366 1.22891 
0.743491 0.603107 0.0385816 1.46061 
0.868328 0.618991 0.0118246 1.69021 
0.843962 0.628022 -0.00924906 1.65131 
0.825104 0.631066 -0.00746616 1.61566 
0.827076 0.626248 -0.0133367 1.61708 
0.849391 0.616581 -0.027821 1.658 
0.849155 0.605162 -0.0371059 1.65166 
0.830357 0.592377 -0.0364889 1.61758 
0.822946 0.563383 -0.0414047 1.59139 
0.824829 0.578269 -0.0365817 1.60309 
0.812565 0.600841 -0.0222827 1.58585 
0.819878 0.57835 -0.0343897 1.59189 
0.828865 0.559097 -0.0450977 1.60071 
0.714085 0.637091 0.192409 1.42965 
0.688568 0.609272 0.223121 1.377 
0.65353 0.623825 0.175618 1.31713 
0.701651 0.627973 0.0321554 1.3909 
0.741475 0.60022 0.042724 1.45336 
0.583567 0.614019 0.108209 1.18711 
0.573697 0.612134 0.0820778 1.1679 
0.627061 0.637477 0.119995 1.27236 
0.703879 0.645936 0.167195 1.41251 
0.658322 0.632001 0.161689 1.32769 
0.764731 0.653526 0.0437381 1.51312 
0.761719 0.627339 0.0234855 1.50029 
0.782822 0.641268 0.014543 1.54375 
0.862538 0.61764 -0.0207728 1.67788 
0.864359 0.618268 0.00263943 1.6819 
0.832112 0.632121 -0.00216392 1.62872 
0.855804 0.626025 0.00257817 1.66589 
0.83891 0.631743 0.0124226 1.63801 
0.848504 0.627792 0.0261954 1.65435 
0.829023 0.636596 0.00602896 1.62592 
0.813409 0.624532 -0.0135427 1.59329 
0.794318 0.620195 -0.00563664 1.55739 
0.789609 0.618904 -0.0049501 1.54904 
0.781669 0.600345 -0.011986 1.5286 
0.788353 0.599943 -0.0146094 1.54161 
0.881804 0.612105 0.0261835 1.71111 
0.880151 0.607944 0.0611986 1.70762 
0.859285 0.624226 0.0391993 1.67326 
0.849924 0.625118 0.0790902 1.65453 
0.861378 0.616319 0.117507 1.67822 
0.835852 0.606364 0.199383 1.63339 
0.775331 0.645752 0.0626471 1.52665 
0.704092 0.651148 0.129676 1.41035 
0.779436 0.640931 0.144098 1.53726 
0.791282 0.632365 0.169104 1.55556 
0.811214 0.636948 0.139358 1.59513 
0.825039 0.603256 0.227459 1.61997 
0.767811 0.654184 0.0496099 1.52039 
0.782071 0.651489 0.0386444 1.54337 
0.7437 0.624175 0.0429873 1.46463 
0.772246 0.646191 0.0344916 1.52519 
0.818976 0.639566 0.0289643 1.60391 
0.791588 0.650371 0.0305314 1.56329 
0.84469 0.630239 0.0343506 1.64914 
0.819087 0.639539 0.0616386 1.60597 
0.836601 0.6343 0.0200627 1.63282 
0.808828 0.638252 0.0057349 1.58854 
0.797965 0.648341 0.019051 1.57446 
0.792451 0.643805 0.0144257 1.55998 
0.852545 0.624446 -0.00650532 1.66211 
0.865571 0.610699 -0.0310279 1.68317 
0.852002 0.619948 -0.0224222 1.66329 
0.860384 0.610375 -0.0333394 1.67625 
0.84254 0.614535 -0.0287327 1.64271 
0.854856 0.539 -0.0610357 1.64516 
0.858357 0.537792 -0.0618305 1.65078 
0.860288 0.533798 -0.0644328 1.65416 
0.862497 0.542363 -0.0593009 1.6638 
0.85098 0.55563 -0.0550954 1.64457 
0.856088 0.547821 -0.0563815 1.65284 
0.85741 0.557391 -0.0543412 1.65902 
0.86238 0.533954 -0.0632202 1.6599 
0.862458 0.568097 -0.0548121 1.66989 
0.850414 0.544609 -0.0585415 1.63895 
0.873983 0.579635 -0.0544704 1.69464 
0.86161 0.590587 -0.0471353 1.67187 
0.865307 0.579922 -0.0518202 1.67679 
0.865505 0.597245 -0.0458716 1.68227 
0.840959 0.562262 -0.0487954 1.62813 
0.841214 0.54824 -0.0522496 1.62133 
0.850687 0.571011 -0.0493075 1.64862 
0.945326 0.557272 0.0609566 1.81913 
0.884291 0.598232 0.112256 1.71379 
0.938238 0.566165 -0.0172506 1.80554 
0.951338 0.555077 0.00146843 1.83027 
0.930248 0.575433 -0.00942219 1.79234 
0.929316 0.577179 -0.000337573 1.79125 
0.938003 0.568538 0.0226862 1.80916 
0.946095 0.554615 0.0286638 1.81918 
0.922154 0.581264 0.0522534 1.78211 
0.92168 0.578689 0.0313252 1.7785 
0.90636 0.599707 0.00517218 1.75504 
0.893733 0.600846 -0.023009 1.73281 
0.953011 0.553481 0.0454769 1.83387 
0.913214 0.589294 0.0122344 1.76376 
0.955958 0.545411 0.00450339 1.83628 
0.962617 0.526657 0.178363 1.84877 
0.985575 0.473045 0.212523 1.88769 
0.924737 0.543843 0.206945 1.78222 
0.687562 0.660661 0.0686971 1.38232 
0.723127 0.659856 0.106395 1.44707 
0.817805 0.642698 0.11555 1.6076 
0.618742 0.623659 0.136168 1.25379 
0.674766 0.645669 0.15173 1.35888 
0.78011 0.606579 0.256677 1.54643 
0.707867 0.622498 0.219427 1.41769 
0.754854 0.635572 0.213944 1.50412 
0.599915 0.609734 0.131349 1.21506 
0.543163 0.587243 0.127249 1.11069 
0.62842 0.641943 0.0984679 1.27595 
0.546633 0.593858 0.0922644 1.11751 
0.575239 0.604062 0.113203 1.17016 
0.543649 0.591475 0.104028 1.11153 
0.612578 0.634214 0.0741479 1.24255 
0.885849 0.6094 0.0168054 1.71665 
0.911106 0.59072 -0.00589992 1.75917 
0.898301 0.600393 0.0365263 1.73925 
0.943037 0.544862 0.153469 1.81604 
0.868481 0.626557 0.0646542 1.69229 
0.895133 0.605227 0.0772233 1.73867 
0.860062 0.606437 0.156056 1.67272 
0.760899 0.656943 0.0445849 1.50853 
0.800919 0.648591 0.0391622 1.58293 
0.716021 0.656247 0.0734561 1.43034 
0.895584 0.604295 0.00959463 1.73483 
0.772559 0.620479 0.00864148 1.51802 
0.767968 0.604658 -0.00147663 1.50386 
0.785687 0.625216 0.00243455 1.54265 
0.774224 0.608476 -0.00244558 1.51808 
0.781505 0.608 -0.00626956 1.53132 
0.776429 0.589319 -0.0155807 1.51221 
0.805119 0.610421 -0.0156576 1.57417 
0.78949 0.584139 -0.0224005 1.53519 
0.836749 0.622938 -0.0189271 1.6342 
0.820977 0.623634 -0.017493 1.60597 
0.835559 0.617381 -0.0234794 1.6305 
0.962577 0.533373 -0.0391229 1.84406 
0.959737 0.541114 0.0162662 1.84317 
0.964497 0.535496 -0.00295634 1.85009 
0.969117 0.528809 0.0177331 1.85641 
0.983373 0.507909 0.0153674 1.87929 
0.984702 0.506041 0.0273213 1.88216 
0.949046 0.534792 0.185534 1.82525 
0.947515 0.530169 0.203302 1.82424 
0.940753 0.548165 0.17032 1.8138 
0.971362 0.529186 0.0771665 1.86182 
0.958013 0.535821 0.108733 1.83903 
0.961169 0.539666 0.0430666 1.84401 
1.00073 0.483308 0.0925731 1.90915 
1.00385 0.476613 0.10748 1.91359 
0.998762 0.494245 0.0938379 1.91018 
0.99267 0.495298 0.111721 1.89929 
0.972033 0.523524 0.112758 1.86722 
0.980015 0.516096 0.102835 1.87679 
0.991559 0.503486 0.0938974 1.89605 
0.988154 0.504618 0.106279 1.89224 
0.976989 0.525291 0.0850938 1.87421 
0.800041 0.592153 -0.0226435 1.5602 
0.820698 0.613824 -0.0218307 1.6042 
0.843739 0.624047 -0.0162133 1.64865 
0.815847 0.633261 -0.00208169 1.59959 
0.778905 0.619383 0.00494141 1.52916 
0.801457 0.633498 -0.00392178 1.57436 
0.804586 0.640444 0.0061202 1.58178 
0.810499 0.632028 -0.00745301 1.58865 
0.816887 0.639131 0.012348 1.60411 
0.776063 0.591548 -0.0129146 1.51388 
0.785114 0.585107 -0.0222275 1.52806 
0.796442 0.611057 -0.0114839 1.55768 
0.763271 0.596664 -0.00238603 1.49148 
0.753685 0.599565 0.00512222 1.47604 
0.772422 0.643739 0.0274333 1.52428 
0.773411 0.624523 0.0131369 1.52042 
0.783772 0.644711 0.0221111 1.54535 
0.795915 0.64053 0.00954941 1.56678 
0.791194 0.648956 0.0255903 1.56345 
0.736671 0.603677 0.0266602 1.44656 
0.747907 0.611898 0.0210837 1.4701 
0.748905 0.610758 0.0385477 1.47263 
0.745451 0.614527 0.0256538 1.46729 
0.754102 0.623228 0.0287633 1.48486 
0.7568 0.609014 0.0131082 1.4859 
0.748464 0.601346 0.0125567 1.46767 
0.760399 0.607527 0.0076274 1.49322 
0.754565 0.597178 0.00143 1.47622 
0.765238 0.607634 0.00577609 1.50167 
0.738738 0.604284 0.0216615 1.45056 
0.747046 0.60024 0.00990752 1.46301 
0.756163 0.623579 0.0344137 1.48904 
0.756872 0.611812 0.0150641 1.48722 
0.765854 0.622457 0.0174088 1.50573 
0.731069 0.602852 0.0317533 1.43562 
0.737741 0.603216 0.0194557 1.4474 
0.758762 0.646054 0.0394619 1.50131 
0.70988 0.645538 0.0479145 1.41508 
0.756559 0.625937 0.034925 1.49058 
0.614931 0.612378 0.0507933 1.23775 
0.548929 0.599378 0.0715494 1.12174 
0.84983 0.566493 0.270551 1.66254 
0.722661 0.599887 0.246525 1.4359 
0.825946 0.595163 0.263045 1.62803 
0.721933 0.647623 0.156376 1.4433 
0.833394 0.5952 0.252582 1.63681 
0.813698 0.615579 0.212652 1.60035 
0.777057 0.620811 0.232598 1.54203 
0.772758 0.630134 0.202111 1.5308 
0.877769 0.579404 0.197149 1.70308 
0.560382 0.595811 0.112423 1.14204 
0.763214 0.620849 0.24591 1.51936 
0.617692 0.582522 0.226435 1.24721 
0.605595 0.593438 0.188996 1.22401 
0.642844 0.586567 0.22676 1.29113 
0.877346 0.554639 0.221392 1.7028 
0.921006 0.4289 0.18471 1.74672 
0.868011 0.562146 0.231849 1.6894 
0.591657 0.615805 0.0608988 1.19643 
0.533882 0.590468 0.0853171 1.09376 
0.53842 0.594231 0.0723191 1.10338 
0.557313 0.599696 0.0943813 1.13701 
0.905716 0.469023 0.123863 1.72254 
0.860604 0.550689 0.283258 1.67823 
0.63602 0.612631 0.181245 1.28342 
0.634845 0.594636 0.208315 1.27933 
0.59408 0.594019 0.169422 1.20328 
0.559566 0.583719 0.169479 1.14171 
0.553235 0.586348 0.14754 1.12914 
0.56243 0.591334 0.13642 1.14564 
0.59068 0.58855 0.188977 1.1984 
0.852408 0.578277 0.24347 1.66571 
0.970528 0.484457 0.220772 1.85996 
0.847754 0.373058 0.451605 1.64413 
0.988092 0.461084 0.23679 1.8948 
0.918737 0.523932 0.272244 1.77832 
0.964284 0.495761 0.21011 1.84643 
0.950932 0.497578 0.24482 1.82712 
0.947549 0.498991 0.263534 1.8276 
0.945604 0.509572 0.240052 1.82107 
0.945327 0.516262 0.226793 1.81763 
1.02268 0.386807 0.252115 1.9472 
1.00978 0.423478 0.247919 1.93555 
0.964839 0.443636 0.321652 1.85879 
0.985264 0.392016 0.343896 1.89065 
0.999908 0.35209 0.344092 1.90797 
0.945943 0.36644 0.418426 1.81567 
0.949325 0.454775 0.344405 1.83512 
0.952824 0.482025 0.272527 1.83189 
0.995357 0.398224 0.314513 1.90676 
0.92313 0.486843 0.337979 1.79235 
1.02086 0.409964 0.232296 1.95066 
1.02728 0.39589 0.228638 1.95676 
1.0391 0.358651 0.225066 1.97201 
1.03455 0.341772 0.261676 1.96376 
1.00482 0.421775 0.270533 1.9253 
1.00858 0.441862 0.222864 1.9285 
0.994531 0.448642 0.24901 1.90498 
0.993332 0.425556 0.281744 1.90548 
0.974622 0.471039 0.246117 1.86973 
0.999573 0.453309 0.214917 1.91112 
1.01694 0.435526 0.148877 1.93633 
1.03954 0.408276 0.143226 1.97419 
1.02926 0.403676 0.167926 1.95342 
1.03755 0.402835 0.154168 1.96944 
1.027 0.42146 0.151344 1.95217 
1.03087 0.424565 0.143045 1.95968 
1.0496 0.385261 0.152663 1.99201 
1.04421 0.402839 0.143882 1.98406 
1.04471 0.397236 0.133668 1.98172 
1.03537 0.389658 0.177548 1.96591 
1.01563 0.438253 0.180191 1.93992 
1.01606 0.433333 0.196083 1.94027 
1.00342 0.43709 0.241866 1.92016 
1.00336 0.454534 0.202419 1.91942 
1.00159 0.469451 0.161608 1.9118 
1.0027 0.457746 0.191626 1.91616 
0.992601 0.471575 0.190099 1.89667 
0.963224 0.393349 0.0889417 1.82409 
0.828599 0.579254 0.215505 1.61389 
0.871735 0.509834 0.172931 1.67759 
0.855074 0.572352 0.214984 1.66575 
0.874854 0.566134 0.217317 1.7022 
0.889983 0.542148 0.245517 1.73075 
0.88087 0.549803 0.256155 1.71398 
0.861569 0.573146 0.245175 1.68353 
0.860933 0.524192 0.174025 1.66022 
0.896972 0.247381 0.49808 1.74137 
0.8324 0.371119 0.468363 1.62356 
1.02307 0.302276 0.283783 1.94043 
1.01745 0.290354 0.332336 1.9366 
0.953556 0.34972 0.327716 1.82635 
0.654687 0.564969 0.281749 1.31332 
0.578446 0.580842 0.203057 1.17609 
0.689841 0.583051 0.257531 1.37651 
0.66353 0.513495 0.355112 1.32304 
0.878781 0.410988 0.311343 1.68182 
0.856685 0.431504 0.397993 1.65797 
0.818184 0.494425 0.321544 1.59436 
0.827259 0.545513 0.294552 1.61954 
0.836656 0.499373 0.298642 1.6277 
0.777162 0.566013 0.288883 1.5352 
0.712552 0.58068 0.255193 1.4145 
0.766214 0.598459 0.265288 1.51856 
0.823019 0.576853 0.273962 1.61446 
0.878324 0.534744 0.276282 1.70549 
0.883171 0.452325 0.266662 1.69744 
0.823681 0.47368 0.35411 1.59334 
0.814446 0.457397 0.415098 1.60253 
0.785427 0.493897 0.370582 1.54911 
0.87255 0.4376 0.354882 1.68518 
0.921063 0.392989 0.297831 1.76706 
0.779373 0.493339 0.393071 1.5392 
0.903461 0.389255 0.405202 1.74517 
0.926306 0.360338 0.431284 1.78975 
0.70985 0.456743 0.422493 1.40312 
0.676426 0.552587 0.298717 1.35168 
0.862016 0.581169 0.242606 1.68239 
0.815084 0.608155 0.238977 1.60708 
0.850724 0.592349 0.227814 1.66354 
0.854991 0.585138 0.24951 1.67321 
0.858166 0.592685 0.202056 1.67105 
0.874956 0.573302 0.233708 1.70276 
0.866313 0.584961 0.222182 1.68912 
0.909665 0.53999 0.240764 1.7582 
0.892753 0.561172 0.219413 1.72829 
0.913595 0.54623 0.215725 1.76351 
0.862309 0.573284 0.250932 1.6848 
0.861536 0.580873 0.248991 1.68391 
0.854282 0.580301 0.253274 1.67416 
0.84248 0.580022 0.26312 1.65136 
0.871186 0.554199 0.286566 1.69718 
0.834096 0.584203 0.267867 1.63688 
0.826396 0.569984 0.305495 1.62589 
0.850436 0.55861 0.301175 1.66585 
0.872577 0.457272 0.408738 1.69379 
0.680236 0.528439 0.327774 1.35015 
0.819375 0.560954 0.325417 1.6095 
0.866486 0.488911 0.390162 1.69173 
0.788778 0.568118 0.33518 1.55709 
0.840891 0.539893 0.344141 1.64847 
0.860659 0.578457 0.253077 1.68264 
0.849987 0.579453 0.239907 1.66142 
0.862291 0.566219 0.257156 1.68285 
0.912029 0.384325 0.222833 1.7285 
0.878293 0.442963 0.303018 1.69826 
0.710699 0.53125 0.337808 1.41258 
0.760342 0.545406 0.302622 1.5 
0.785211 0.553245 0.297473 1.5437 
0.833347 0.480862 0.304266 1.61706 
0.773737 0.515354 0.327738 1.52188 
0.898818 0.531673 0.253738 1.74053 
0.921828 0.389057 0.197247 1.74875 
0.906934 0.47944 0.237199 1.74561 
0.909157 0.479785 0.209082 1.75133 
0.928821 0.425527 0.137579 1.76345 
0.902858 0.447796 0.243475 1.73407 
0.952398 0.3336 0.160626 1.80236 
0.98314 0.259906 0.445338 1.88894 
0.931485 0.286728 0.481299 1.79913 
0.961261 0.336745 0.399222 1.84585 
0.812404 0.316106 0.465331 1.5761 
0.932412 0.383833 0.329412 1.78878 
0.595769 0.566841 0.257481 1.20718 
0.689473 0.560383 0.281896 1.37269 
0.795049 0.580651 0.279593 1.56846 
0.653594 0.608765 0.20454 1.31409 
0.693553 0.629598 0.20299 1.3926 
0.8776 0.492956 0.279189 1.70163 
0.652454 0.53932 0.301802 1.30018 
0.723744 0.554848 0.313012 1.43521 
0.755987 0.528638 0.315982 1.48534 
0.75927 0.514839 0.357958 1.50217 
0.684984 0.535718 0.333079 1.36622 
0.726274 0.505707 0.384519 1.44075 
0.987845 0.326721 0.261708 1.88529 
0.787115 0.434647 0.452342 1.55021 
1.05854 0.282241 0.198705 1.99873 
1.0603 0.206347 0.28244 2.00517 
1.04068 0.173164 0.378994 1.9706 
0.911252 0.367588 0.47361 1.77341 
0.985621 0.293122 0.394118 1.88664 
1.04183 0.208895 0.331706 1.97455 
1.08758 0.145499 0.229645 2.05039 
1.00914 0.177109 0.436074 1.92645 
1.08336 0.098132 0.280674 2.0445 
0.975154 0.0175185 0.439711 1.85713 
0.831646 0.281644 0.493073 1.61677 
1.04849 0.281923 0.24166 1.98635 
1.07679 0.238758 0.167081 2.03055 
1.06964 0.210252 0.238502 2.01882 
1.08614 0.167592 0.210744 2.04782 
1.088 0.177915 0.188381 2.04915 
1.10428 0.138546 0.162413 2.08007 
0.911844 0.146738 0.509783 1.75213 
1.07635 0.197196 0.224763 2.03083 
0.975883 0.121287 0.471474 1.8793 
1.08062 0.215239 0.171663 2.03703 
1.07303 0.0829169 0.338241 2.03417 
1.0758 0.201237 0.197748 2.02735 
1.06717 0.23845 0.208301 2.01597 
1.08223 0.204082 0.177513 2.03911 
1.08379 0.214986 0.153595 2.04173 
1.08517 0.20042 0.156313 2.04307 
1.09404 0.12637 0.211658 2.06277 
1.09474 0.0582542 0.24411 2.06646 
1.0808 0.134774 0.258056 2.04059 
1.09096 0.191753 0.154084 2.0537 
1.08745 0.192747 0.144135 2.04591 
1.04608 0.00182757 0.380885 1.99892 
1.11594 0.0564511 0.127175 2.0919 
1.064 -0.085035 0.299935 2.02325 
1.10845 0.0826501 0.170734 2.08462 
1.09934 0.0953886 0.211117 2.07199 
1.09903 -0.00582331 0.238697 2.07612 
1.05007 -0.0813938 0.311064 1.98031 
1.09626 0.149489 0.18615 2.06656 
1.08957 0.20108 0.148686 2.05354 
1.0908 0.199153 0.149648 2.05382 
1.08704 0.193068 0.147514 2.04592 
1.0863 0.195624 0.156898 2.04499 
1.08743 0.193039 0.14669 2.04688 
1.09197 0.185871 0.161978 2.05706 
1.0879 0.186154 0.173941 2.04865 
1.08681 0.201032 0.146772 2.04655 
1.07784 0.21418 0.159887 2.02807 
1.08663 0.212209 0.153975 2.0479 
1.09648 0.215466 0.120754 2.06359 
1.10154 0.220462 0.086594 2.07068 
1.1056 0.176272 0.108149 2.07901 
1.08765 0.212826 0.148056 2.04831 
1.09472 0.202 0.147213 2.06275 
1.08697 0.192044 0.155231 2.04625 
1.10391 0.167077 0.142932 2.07895 
1.08494 0.192054 0.173241 2.04343 
1.09299 0.179667 0.165197 2.05905 
1.09441 0.166715 0.179395 2.06297 
1.09274 0.222466 0.139547 2.05947 
1.08613 0.241785 0.148084 2.04786 
1.0856 0.245147 0.159466 2.05008 
1.08821 0.257315 0.132338 2.04957 
1.09482 0.244079 0.105364 2.06055 
1.08944 0.241122 0.135267 2.05098 
1.0839 0.273718 0.123475 2.04088 
1.10839 0.179777 0.0680751 2.08322 
1.09711 0.24343 0.0875589 2.06408 
1.10705 0.196569 0.0655867 2.07926 
1.1176 0.0648521 0.0447329 2.09894 
1.11984 -0.0124955 0.0159135 2.10686 
1.10971 -0.0832833 0.13843 2.08047 
1.08522 0.194116 0.149433 2.04155 
1.0773 0.324568 0.1114 2.03578 
1.09471 0.236538 0.116504 2.05924 
1.0746 0.299182 0.155044 2.02746 
1.07635 0.29411 0.139394 2.02939 
1.08059 0.282736 0.14255 2.03865 
1.0839 0.263055 0.14669 2.04139 
1.07711 0.271013 0.166907 2.03247 
1.0835 0.264168 0.159179 2.04352 
1.08406 0.249605 0.158848 2.04538 
1.09053 0.226575 0.147996 2.05635 
1.08445 0.21939 0.155906 2.04276 
1.08618 0.19369 0.144991 2.04408 
1.08179 0.205503 0.151292 2.03485 
1.08128 0.204281 0.160244 2.03474 
1.07655 0.213107 0.171586 2.02621 
1.05874 0.247037 0.19249 1.9898 
1.07861 0.24828 0.172044 2.03788 
1.0694 0.229745 0.192687 2.01479 
1.11059 0.14636 0.11157 2.08634 
1.10647 0.180702 0.0939258 2.07992 
1.10135 0.188416 0.124953 2.0719 
1.10113 0.205724 0.0923457 2.06902 
1.11401 0.148383 -0.017635 2.09568 
1.11924 0.104399 0.00251386 2.10689 
1.11447 0.126903 0.0157994 2.08956 
1.1145 0.129811 0.0615025 2.09153 
1.11248 0.159789 0.0270509 2.09069 
1.11144 0.175474 0.0229424 2.0889 
1.10607 0.223435 0.03794 2.08023 
1.10542 0.207767 -0.00392824 2.08118 
1.1096 0.154547 0.113537 2.08378 
1.09795 0.195796 0.146048 2.06929 
1.10056 0.209602 0.11836 2.07066 
1.1111 0.15852 0.0607994 2.08761 
1.09843 0.180125 0.155883 2.06993 
1.11734 0.113237 0.088679 2.09914 
1.10904 0.12098 0.151793 2.08694 
1.10782 0.116708 0.125918 2.07814 
1.11725 -0.00222351 0.146393 2.10356 
1.06684 0.289084 0.18405 2.01921 
1.07072 0.266173 0.184406 2.02387 
1.0576 0.308216 0.181202 2.00199 
1.06293 0.318637 0.173802 2.01041 
1.11543 0.0702361 0.104453 2.09457 
1.1116 0.145639 0.0980906 2.08698 
1.11937 0.048302 0.0384256 2.10391 
1.11715 0.102972 0.0533683 2.09592 
1.11813 0.105958 0.0152797 2.09817 
1.1183 0.0534529 -0.0215047 2.10268 
1.07152 0.336969 0.126278 2.02787 
1.09957 0.238849 -0.0176093 2.07243 
1.09102 0.264345 -0.0173212 2.05568 
1.08972 0.252351 -0.0285725 2.05235 
1.10218 0.245943 -0.00171163 2.07613 
1.09898 0.218801 -0.0341857 2.06843 
1.09499 0.270166 0.0242749 2.06312 
1.1026 0.225022 0.0519305 2.07333 
1.10446 0.220578 0.0719753 2.07722 
1.0947 0.252571 0.0734826 2.06075 
1.09105 0.282332 0.0742548 2.05623 
1.08265 0.314309 0.0880756 2.04407 
1.0852 0.316768 0.0723197 2.05002 
1.08958 0.285557 0.000955415 2.05394 
1.05031 0.317004 0.183561 1.98655 
1.10411 0.228698 0.0200695 2.07699 
1.10783 0.203142 0.032163 2.08238 
1.10969 0.154504 -0.0371159 2.08268 
1.11373 0.111351 -0.0374403 2.09444 
1.07482 0.332806 0.0807213 2.03117 
1.08242 0.325175 0.0495163 2.04451 
1.08874 0.279731 0.093127 2.05094 
1.08395 0.309356 0.0951304 2.04671 
1.09196 0.27524 0.0517183 2.05643 
1.08543 0.303119 0.0181991 2.04625 
1.08175 0.31917 0.0188183 2.04028 
1.08577 0.302625 0.00863642 2.04769 
1.09926 0.249951 0.0609304 2.06949 
1.10594 0.179981 -0.016049 2.07937 
1.08872 0.297354 0.0220381 2.0527 
1.09193 0.296769 0.0574026 2.06018 
1.08792 0.277802 0.105389 2.05018 
1.09214 0.259847 0.10199 2.05756 
1.08798 0.258257 0.123372 2.04842 
1.07397 0.313164 0.133817 2.02765 
1.08411 0.279898 0.117396 2.04311 
1.08321 0.277673 0.14152 2.0422 
1.07561 0.331773 0.105197 2.03317 
1.07458 0.324492 0.126524 2.03162 
1.08017 0.309025 0.110885 2.03962 
1.08037 0.297095 0.118021 2.03708 
1.07145 0.342975 0.105943 2.02675 
1.08854 0.273615 -0.0118955 2.05023 
1.05992 0.326085 0.0779175 2.00158 
1.06904 0.302842 0.174067 2.02281 
1.07491 0.264362 0.173904 2.03184 
1.07034 0.227686 0.172479 2.01295 
1.07617 0.293829 0.166074 2.0308 
1.06978 0.301431 0.177146 2.02217 
1.06108 0.291862 0.193114 2.00853 
1.06909 0.313317 0.170669 2.02262 
1.06512 0.329833 0.163435 2.01374 
1.06858 0.31817 0.15634 2.01919 
1.07838 0.288871 0.163346 2.03614 
1.06734 0.34039 0.140642 2.01952 
1.06006 0.35819 0.152743 2.00804 
1.0696 0.345386 0.123247 2.02474 
1.07254 0.340735 0.00761131 2.02667 
1.06984 0.343744 0.00679254 2.02155 
1.07132 0.339214 0.00521557 2.02429 
1.0833 0.289491 -0.0208548 2.04273 
1.07189 0.35637 0.0517831 2.02775 
1.079 0.333421 0.0674215 2.03913 
1.08862 0.294415 0.0679109 2.05249 
1.07722 0.332475 0.0923015 2.03628 
1.07022 0.351544 0.0656168 2.02442 
1.06752 0.351246 0.0893187 2.0196 
1.06816 0.354302 0.104905 2.02244 
1.05697 0.377479 0.09127 2.00041 
1.05664 0.374896 0.0720927 1.99833 
1.06328 0.363479 0.0717796 2.01057 
1.06022 0.368735 0.094221 2.00612 
1.06316 0.359091 0.110779 2.01306 
1.04904 0.390992 0.0970406 1.98706 
1.07248 0.344507 0.0111667 2.02696 
1.09418 0.274932 0.0106685 2.06121 
1.10006 0.238388 0.0156554 2.06796 
1.09794 0.256005 0.02618 2.06696 
1.07886 0.33134 0.0213388 2.03599 
1.07522 0.345147 0.0284101 2.03287 
1.07357 0.34538 0.0196225 2.02692 
1.09703 0.261946 -0.00353028 2.0645 
1.09136 0.282279 0.0357348 2.0563 
1.09594 0.255648 0.0454878 2.06234 
1.08503 0.312518 0.0244036 2.04739 
1.08579 0.303717 0.0434187 2.04518 
1.08432 0.313393 0.0427659 2.04432 
1.08997 0.286572 0.00988327 2.05366 
1.08854 0.294105 0.0330415 2.05176 
1.08727 0.285947 -0.0232113 2.05023 
1.08675 0.294119 -0.000490097 2.04829 
1.08447 0.298234 -0.0118227 2.04574 
1.08167 0.31391 0.00422619 2.04131 
1.0789 0.321735 0.000696406 2.03798 
1.07885 0.326874 0.0118595 2.03724 
1.0764 0.331301 0.0058051 2.03416 
1.07871 0.310869 -0.0108641 2.03488 
1.08047 0.307265 -0.0055276 2.03875 
1.07498 0.319385 -0.00673771 2.02845 
1.079 0.319795 0.00520958 2.03647 
1.07528 0.325165 -0.00154451 2.03045 
1.07608 0.326362 0.00136199 2.03205 
1.07412 0.335128 0.0051272 2.02968 
1.0731 0.332758 0.00221466 2.02727 
1.07268 0.32747 -0.00256571 2.02492 
1.07071 0.346954 0.0100649 2.02373 
1.07069 0.334689 0.00096731 2.022 
1.06671 0.348897 0.00829435 2.0157 
1.06766 0.359079 0.0169322 2.01846 
1.06877 0.352098 0.0126742 2.02056 
1.06888 0.358032 0.0183879 2.02011 
1.0637 0.365001 0.0167474 2.01232 
1.06361 0.358757 0.0135151 2.01083 
1.06467 0.361363 0.0151066 2.01392 
1.06435 0.356226 0.012373 2.01194 
1.06716 0.364011 0.0197431 2.01861 
1.06652 0.365383 0.0189795 2.01682 
1.06604 0.361511 0.0159482 2.01557 
1.06744 0.366332 0.0211022 2.01969 
1.06759 0.356535 0.0146812 2.01837 
1.06833 0.364186 0.022371 2.02111 
1.06374 0.369587 0.0194037 2.01225 
1.03256 0.264185 0.345637 1.96427 
1.06371 0.362486 0.0231509 2.01177 
1.06322 0.363746 0.0233514 2.01097 
1.06371 0.365224 0.022647 2.012 
1.06599 0.353561 0.0116425 2.01535 
1.06665 0.351415 0.0103782 2.01608 
1.06727 0.353776 0.0117974 2.01806 
1.06552 0.374043 0.0247318 2.01719 
1.06386 0.36881 0.0187817 2.01237 
1.06332 0.369764 0.0193052 2.01123 
1.06292 0.366713 0.0178726 2.01117 
1.06423 0.35818 0.0140633 2.01236 
1.06378 0.378468 0.0146211 2.01431 
1.06489 0.369909 0.0193332 2.01492 
1.06345 0.37793 0.0180474 2.01383 
1.06307 0.369877 0.0218826 2.01133 
1.06285 0.364669 0.0232449 2.01043 
1.0624 0.368216 0.022671 2.00987 
1.06245 0.380846 0.0208928 2.01238 
1.06286 0.379134 0.0207508 2.01288 
1.06266 0.379055 0.0217089 2.0123 
1.06376 0.376788 0.0242787 2.01439 
1.06224 0.382299 0.0221884 2.01174 
1.06263 0.381616 0.0182379 2.01253 
1.06284 0.380206 0.0187122 2.01297 
1.06448 0.374306 0.0273246 2.01552 
1.06332 0.3759 0.0368817 2.01231 
1.06341 0.377786 0.0241869 2.01382 
1.06392 0.378365 0.0292888 2.0149 
1.06256 0.378022 0.0337152 2.01079 
1.06165 0.379591 0.0278133 2.00887 
1.06209 0.382354 0.0252923 2.0114 
1.06132 0.365493 0.018839 2.00748 
1.06151 0.366795 0.0199168 2.00813 
1.06206 0.368099 0.0190409 2.00934 
1.06242 0.370088 0.0200552 2.01029 
1.06237 0.366607 0.0179363 2.01008 
1.06335 0.372248 0.0207886 2.01189 
1.06234 0.372017 0.0210326 2.01022 
1.06204 0.362911 0.0161597 2.00835 
1.06319 0.373598 0.0213808 2.01192 
1.0615 0.364663 0.0177484 2.00768 
1.06264 0.380545 0.0207248 2.01282 
1.03566 0.437388 0.019575 1.96957 
1.0553 0.395478 0.0310123 1.9992 
1.03849 0.425615 0.0467346 1.9719 
1.04822 0.417549 0.0217005 1.98957 
1.04058 0.423281 0.0551291 1.97652 
1.07984 0.329046 0.00903782 2.03915 
1.0747 0.342746 0.0172701 2.03055 
1.07213 0.352548 0.0139733 2.02705 
1.07398 0.351425 -0.00238737 2.03134 
1.0207 0.46456 -0.0291331 1.94254 
1.02449 0.456253 -0.0492478 1.94935 
1.02165 0.457895 -0.0804463 1.94694 
1.03002 0.444166 -0.0784332 1.96176 
1.02496 0.453184 -0.0826185 1.95273 
1.01742 0.464111 -0.0847223 1.93991 
1.0234 0.457424 -0.0957505 1.95063 
1.04182 0.418185 -0.0703709 1.9785 
1.03359 0.443402 -0.0444806 1.96493 
1.0304 0.442321 -0.0658195 1.96074 
1.02821 0.449085 -0.0480617 1.95319 
1.02451 0.452237 -0.0658412 1.95046 
1.03771 0.431741 -0.0316424 1.97042 
1.03619 0.433662 -0.0500237 1.96806 
1.04464 0.423235 -0.0453936 1.98424 
1.06026 0.385316 0.00184375 2.00645 
1.06466 0.373793 0.0160498 2.01549 
1.06681 0.368772 0.00559156 2.01877 
1.06909 0.357835 0.0171613 2.02172 
1.0682 0.363741 0.0136165 2.02088 
1.07053 0.356505 0.0129979 2.02455 
1.06882 0.361909 0.0109139 2.02172 
1.07504 0.345459 0.000675329 2.0318 
1.07097 0.35832 0.00535007 2.02597 
1.07155 0.355092 -0.00183763 2.02694 
1.06074 0.386294 0.00958252 2.00797 
1.06209 0.381338 0.0135298 2.01117 
1.06097 0.382744 0.0146334 2.00836 
1.06693 0.360529 0.0157501 2.01727 
1.06541 0.360991 0.0153703 2.01503 
1.06617 0.3583 0.0141145 2.01632 
1.06521 0.353929 0.0112728 2.01321 
1.0659 0.35193 0.0100725 2.01459 
1.06573 0.368346 0.0206445 2.01629 
1.06506 0.366439 0.0184996 2.0146 
1.06727 0.3602 0.0169031 2.01745 
1.06533 0.364546 0.017127 2.01461 
1.06496 0.355755 0.0126862 2.01364 
1.06267 0.378099 0.0216871 2.01189 
1.06249 0.380697 0.0223766 2.01262 
1.06234 0.380897 0.0216909 2.01229 
1.06262 0.37826 0.0220436 2.01189 
1.06268 0.375191 0.0216439 2.01099 
1.06276 0.378681 0.0224182 2.01229 
1.0628 0.377234 0.0221994 2.01192 
1.06269 0.377126 0.0223556 2.01162 
1.06242 0.373536 0.0216957 2.01021 
1.06239 0.373315 0.0217304 2.0102 
1.06179 0.370356 0.0216557 2.00898 
1.0615 0.368787 0.0207658 2.0082 
1.06189 0.370939 0.0214316 2.00921 
1.0613 0.367782 0.0211359 2.00785 
1.06136 0.367668 0.0208075 2.00792 
1.06347 0.376211 0.0224804 2.01299 
1.06417 0.375249 0.0227937 2.01429 
1.06282 0.37503 0.0215088 2.01131 
1.06456 0.363148 0.0159856 2.01369 
1.06434 0.366759 0.0178759 2.01312 
1.0638 0.363196 0.015909 2.0125 
1.06685 0.370439 0.0263657 2.0189 
1.0664 0.369395 0.0325056 2.01866 
1.06524 0.373115 0.0288478 2.01738 
1.06421 0.375511 0.026648 2.01531 
1.06255 0.381287 0.0244804 2.01285 
1.06325 0.379887 0.0254186 2.0141 
1.06253 0.380743 0.0266285 2.01165 
1.06279 0.380062 0.0271754 2.01278 
1.0608 0.381541 0.0268533 2.00782 
1.06035 0.382889 0.0218735 2.0071 
1.0622 0.381433 0.0226459 2.01213 
1.06286 0.378648 0.0230153 2.01265 
1.06448 0.376093 0.0232469 2.01502 
1.06471 0.372292 0.0217009 2.01524 
1.06567 0.371512 0.022767 2.01698 
1.06495 0.375206 0.0236813 2.01611 
1.06335 0.377878 0.0234597 2.01367 
1.06293 0.378337 0.022688 2.01261 
1.06296 0.376766 0.0219636 2.01208 
1.06373 0.37567 0.0221356 2.01346 
1.06413 0.372913 0.021155 2.01382 
1.0636 0.373114 0.0209291 2.01281 
1.06485 0.369596 0.0199189 2.01438 
1.06401 0.372465 0.0207095 2.01357 
1.06533 0.369183 0.0199801 2.01555 
1.06437 0.368505 0.0190356 2.01313 
1.06225 0.362809 0.0156254 2.00895 
1.06343 0.360265 0.0149121 2.01105 
1.0631 0.364873 0.0168182 2.01127 
1.06286 0.360834 0.014423 2.00969 
1.06261 0.368491 0.0187745 2.01049 
1.06198 0.364554 0.017374 2.0087 
1.06274 0.362069 0.0158236 2.00966 
1.06164 0.36548 0.0186341 2.00813 
1.06171 0.370039 0.0216261 2.00884 
1.06126 0.366976 0.0199595 2.00763 
1.0619 0.371154 0.0214219 2.00923 
1.0616 0.368856 0.0209298 2.00846 
1.06219 0.371552 0.0207604 2.00987 
1.06213 0.369826 0.0199738 2.00965 
1.06293 0.37506 0.0216158 2.0115 
1.06285 0.373511 0.0213058 2.01111 
1.06235 0.371557 0.0206952 2.01025 
1.06313 0.372366 0.0205838 2.01157 
1.06339 0.376409 0.0221162 2.01288 
1.06136 0.36675 0.0200853 2.00776 
1.06114 0.366995 0.0203993 2.00739 
1.06172 0.369802 0.0218926 2.0088 
1.06235 0.372052 0.0220635 2.01003 
1.06138 0.367504 0.0220618 2.00793 
1.06116 0.36768 0.0213761 2.00747 
1.06124 0.367494 0.0219782 2.00761 
1.03423 0.417879 -0.124612 1.966 
1.03033 0.407807 -0.156546 1.96088 
1.03896 0.405482 -0.134513 1.97499 
1.04148 0.383916 -0.149996 1.97952 
1.05081 0.36971 -0.136142 1.99447 
1.06266 0.376152 0.0221634 2.01136 
1.06155 0.367035 0.0224442 2.00817 
1.06139 0.367133 0.0223313 2.00786 
1.0613 0.367692 0.0216979 2.0078 
1.06199 0.369681 0.0220794 2.00929 
1.06244 0.373329 0.0218568 2.01029 
1.06272 0.376385 0.0219098 2.01151 
1.05532 0.372389 -0.128879 2.00043 
1.06186 0.366218 0.0227736 2.00868 
1.06158 0.366746 0.0226438 2.00818 
1.06262 0.372579 0.0220795 2.01069 
1.06199 0.368765 0.0224357 2.00918 
1.06177 0.36997 0.0219009 2.0089 
1.06228 0.371879 0.0220155 2.00984 
1.06167 0.369307 0.0221594 2.00875 
1.05516 0.349007 -0.133489 2.00181 
1.05722 0.344057 -0.124702 2.00275 
1.05992 0.364735 -0.122622 2.00939 
1.06334 0.37823 0.0190453 2.01346 
1.06387 0.374006 0.0190625 2.01371 
1.06471 0.372929 0.0171947 2.01538 
1.06408 0.368099 0.0208073 2.01292 
1.06265 0.370097 0.0224864 2.01053 
1.06389 0.373639 0.0208317 2.01356 
1.06305 0.367868 0.0223146 2.01093 
1.06338 0.371303 0.0215031 2.01202 
1.06339 0.366683 0.0223513 2.01156 
1.06376 0.371252 0.0210659 2.01274 
1.06389 0.373279 0.019949 2.01338 
1.06447 0.370587 0.0203105 2.01437 
1.06525 0.368464 0.0195831 2.01532 
1.06456 0.364302 0.0218963 2.01356 
1.06319 0.366682 0.0228579 2.01123 
1.06371 0.364841 0.0224936 2.01187 
1.06305 0.377444 0.0209986 2.0128 
1.0628 0.370306 0.0223709 2.01086 
1.06258 0.37046 0.0223951 2.01034 
1.06297 0.373997 0.0218239 2.01148 
1.06296 0.376031 0.0214683 2.01189 
1.06383 0.368892 0.0216344 2.01268 
1.06313 0.373333 0.0211246 2.01175 
1.06347 0.374658 0.0205677 2.01281 
1.06207 0.368876 0.0224107 2.00934 
1.06299 0.373573 0.0218413 2.0116 
1.06319 0.377059 0.0199751 2.01291 
1.06267 0.366951 0.0225733 2.01026 
1.06207 0.367861 0.0226912 2.0092 
1.06205 0.365541 0.0233056 2.00897 
1.06176 0.366425 0.0230398 2.00858 
1.07203 0.335356 -0.106209 2.02712 
1.05874 0.337679 -0.127449 2.00712 
1.06551 0.321135 -0.120977 2.01692 
1.08093 0.27137 -0.0940231 2.04294 
1.08582 0.308273 -0.0234391 2.04789 
1.08351 0.312854 -0.0923351 2.04694 
1.08216 0.3116 -0.0770879 2.04319 
1.07737 0.32409 -0.0898917 2.0353 
1.06102 0.36788 -0.117692 2.01021 
1.04917 0.402658 -0.0727544 1.99054 
1.04433 0.396068 -0.129249 1.98372 
1.06254 0.333215 -0.118612 2.012 
1.06569 0.34723 -0.115776 2.01727 
1.0693 0.343955 -0.10617 2.02242 
1.06645 0.369532 -0.0850796 2.02104 
1.0639 0.365126 -0.104343 2.01494 
1.06831 0.356495 -0.0891508 2.02112 
1.0728 0.34929 -0.0744982 2.02977 
1.05994 0.376319 -0.0954761 2.00866 
1.06207 0.382824 -0.0314993 2.01012 
1.06296 0.37937 -0.0127484 2.01021 
1.0598 0.389204 -0.0261556 2.00712 
1.07857 0.332345 -0.0248959 2.0371 
1.08171 0.328311 -0.0514256 2.04367 
1.08377 0.311304 -0.0533028 2.04537 
1.09463 0.276386 -0.00727892 2.06336 
1.04997 0.406731 -0.0542387 1.9907 
1.05316 0.397139 -0.0625771 1.99656 
1.04381 0.420926 -0.0630659 1.98141 
1.04478 0.408977 -0.0783956 1.9824 
1.05463 0.391892 -0.0819955 2.00075 
1.04946 0.351649 -0.140325 1.99111 
1.05708 0.382628 -0.110355 2.00412 
1.06311 0.363884 -0.111854 2.0133 
1.05738 0.381483 -0.0991101 2.00434 
1.04429 0.378299 -0.136282 1.98235 
1.05133 0.388646 -0.124463 1.99458 
1.04642 0.396979 -0.124411 1.98619 
1.06261 0.364881 0.023576 2.00998 
1.06217 0.365399 0.023194 2.00917 
1.06245 0.367179 0.0229887 2.00995 
1.07936 0.320162 -0.10421 2.04118 
1.06788 0.368365 -0.00483981 2.0213 
1.06846 0.31642 -0.108921 2.02166 
1.06945 0.296295 -0.115498 2.02428 
1.0751 0.328313 -0.109372 2.0331 
1.08069 0.31845 -0.0954339 2.0413 
1.07455 0.331142 -0.0909031 2.03046 
1.06229 0.364834 0.0237337 2.00936 
1.07703 0.275684 -0.107161 2.03495 
1.06302 0.363916 0.0237326 2.01069 
1.08198 0.246236 -0.0980906 2.04286 
1.0656 0.371936 0.0115308 2.01687 
1.06353 0.376837 0.0156726 2.01356 
1.06392 0.377014 0.0110911 2.01407 
1.06596 0.362357 0.0206312 2.01611 
1.06626 0.368177 0.0182406 2.01737 
1.06635 0.362262 0.0191704 2.01658 
1.06752 0.354465 0.0224488 2.01812 
1.06508 0.359234 0.0232023 2.01398 
1.06434 0.361206 0.0233903 2.01285 
1.06467 0.359813 0.0240554 2.01354 
1.06412 0.36155 0.023874 2.01255 
1.08925 0.205229 -0.087589 2.05498 
1.06539 0.360738 0.0222258 2.01464 
1.10188 0.137955 -0.0710508 2.07928 
1.1022 0.226364 -0.0515478 2.07431 
1.09043 0.292078 -0.0437072 2.05683 
1.08843 0.309059 -0.0395327 2.05512 
1.08519 0.30822 -0.0637575 2.04892 
1.09241 0.29036 -0.0739253 2.06115 
1.08882 0.24037 -0.0814543 2.05517 
1.09403 0.262506 -0.0763547 2.06166 
1.08698 0.293285 -0.093135 2.0514 
1.0651 0.362408 0.021539 2.01473 
1.06641 0.355559 0.0240614 2.01619 
1.09864 0.235553 0.00945927 2.06681 
1.0941 0.272783 -0.0410527 2.06193 
1.10482 0.231192 -0.011782 2.08046 
1.09724 0.196899 -0.0608383 2.07056 
1.10207 0.140146 0.00148921 2.07438 
1.06793 0.354068 0.0214472 2.01877 
1.07023 0.348118 0.0221931 2.02266 
1.0689 0.348212 0.0247437 2.02014 
1.06654 0.354657 0.0231898 2.01624 
1.06271 0.380557 0.0145595 2.0123 
1.0646 0.363975 0.0212899 2.01359 
1.06514 0.364064 0.0206601 2.01448 
1.06723 0.359786 0.020087 2.01818 
1.06621 0.358364 0.0222235 2.01595 
1.0655 0.357702 0.0240071 2.01481 
1.06592 0.360432 0.0213912 2.01573 
1.06584 0.356994 0.0232115 2.01526 
1.06341 0.362702 0.0239401 2.01132 
1.06405 0.364792 0.0218097 2.01252 
1.06441 0.362774 0.0226967 2.01291 
1.06985 0.350942 0.0203566 2.02208 
1.07088 0.347026 0.0238458 2.02384 
1.06858 0.352293 0.022422 2.01996 
1.06879 0.351434 0.0214828 2.02012 
1.06867 0.34961 0.0236399 2.01986 
1.06761 0.359331 0.0190924 2.01875 
1.06932 0.352438 0.020528 2.02135 
1.06917 0.349654 0.0222254 2.02072 
1.06802 0.350995 0.0246059 2.0188 
1.06701 0.355632 0.0221792 2.01713 
1.06759 0.352344 0.0234669 2.01805 
1.06714 0.352982 0.0242907 2.01737 
1.11108 0.189423 0.189452 2.10361 
1.08355 0.306961 0.0259647 2.04374 
1.08777 0.295296 0.0496523 2.05287 
1.07773 0.330512 0.0278627 2.03565 
1.09818 0.26052 -0.0535355 2.0694 
1.10363 0.0854711 -0.0122928 2.08636 
1.08295 0.0247191 0.237609 2.0073 
1.06986 0.328187 0.0965035 2.02046 
1.06827 0.350578 0.023975 2.01917 
1.05657 0.387291 0.040586 2.0009 
1.07009 0.339917 0.0546308 2.01927 
1.06737 0.351267 0.0285361 2.01721 
1.06864 0.348499 0.0305665 2.0195 
1.08613 0.3092 -0.0125611 2.04929 
1.09153 0.290577 -0.00107275 2.05936 
1.09341 0.267841 0.0587388 2.05934 
1.08122 0.316456 0.0668476 2.04318 
1.07765 0.33709 0.00723155 2.03568 
1.08061 0.322081 0.0191032 2.04097 
1.072 0.348063 0.0201314 2.02603 
1.07565 0.337304 0.0234575 2.03255 
1.07194 0.343038 0.0279588 2.02511 
1.0543 0.236883 0.373069 2.03973 
0.842922 0.337954 0.372632 1.62135 
1.07414 0.314975 0.13649 2.03076 
1.07123 0.344784 0.031316 2.02417 
1.09124 0.255891 0.112859 2.05902 
1.07092 0.333169 0.0708142 2.02311 
1.07844 0.330199 0.0378638 2.03667 
1.06976 0.346514 0.026233 2.02162 
1.06305 0.359815 0.0527185 2.00968 
1.04622 0.394753 0.0829615 1.98659 
0.675737 0.54844 0.236276 1.33359 
0.881499 0.528572 0.291901 1.72442 
0.96359 0.458302 0.169715 1.84082 
0.950111 0.401478 0.0377912 1.79344 
0.9904 0.327884 0.0272495 1.88013 
1.03734 0.383239 0.141022 1.96602 
1.06007 0.27488 0.226818 2.00561 
0.964915 0.487307 0.221352 1.85722 
0.807974 0.590234 0.0417905 1.56994 
0.924987 0.462978 0.130828 1.76922 
0.733413 0.538072 -0.0935094 1.42157 
0.662076 0.566152 0.00866949 1.30174 
0.729185 0.566187 -0.0515142 1.43039 
0.886245 0.500362 0.101201 1.70011 
0.835703 0.562031 0.0992091 1.61366 
0.836861 0.571977 -0.0506329 1.62519 
0.939025 0.499884 -0.0398134 1.79598 
0.93793 0.499267 -0.0164153 1.79411 
0.931421 0.533879 -0.0358117 1.78908 
0.780501 0.58738 0.133985 1.53608 
0.940349 0.483164 0.0109055 1.796 
0.943381 0.477846 -0.0130713 1.80026 
0.971651 0.332741 -0.0528547 1.83382 
0.952808 0.433869 -0.0295476 1.81378 
0.944703 0.444101 -0.0576077 1.79657 
1.02661 0.364536 0.248155 1.95806 
0.991915 0.39443 0.122992 1.89076 
0.954617 0.437376 0.0147099 1.81816 
0.959021 0.429293 -0.021209 1.82249 
0.964145 0.391201 -0.029685 1.82868 
1.06862 0.345481 0.00863248 2.01961 
1.06767 0.348228 0.00898727 2.018 
1.06817 0.346455 0.0069339 2.01822 
1.06927 0.351246 0.0120985 2.02155 
1.07282 0.352684 0.0239946 2.02872 
1.07341 0.343837 0.0142019 2.02817 
1.07564 0.339183 0.0146223 2.0321 
1.06646 0.357265 0.0133285 2.0169 
1.06735 0.356405 0.0136796 2.01845 
0.999775 0.495364 0.0697919 1.91031 
0.853727 0.505933 0.139676 1.62228 
0.899277 0.487146 0.102308 1.71405 
0.883443 0.513376 0.195282 1.6983 
0.830179 0.582409 0.245357 1.62398 
0.813998 0.554333 0.202029 1.58109 
0.821028 0.540808 0.182615 1.58731 
0.819854 0.584004 0.238514 1.60631 
0.793538 0.584304 0.247191 1.56139 
0.772611 0.554524 0.210956 1.50703 
0.931202 0.493297 0.322562 1.80376 
0.99889 0.496701 0.0699518 1.90889 
0.999635 0.495607 0.0706534 1.91018 
1.00475 0.488199 0.0759436 1.91905 
1.00029 0.492738 0.0771162 1.911 
1.00111 0.491182 0.0755403 1.91186 
0.998857 0.49644 0.072681 1.90897 
1.00183 0.492785 0.0691566 1.91382 
1.00042 0.494352 0.0714233 1.91146 
1.00044 0.494466 0.0704365 1.91147 
0.995337 0.502661 0.0708765 1.90336 
0.999741 0.495324 0.070086 1.91019 
1.00077 0.494235 0.0691249 1.91211 
1.00031 0.494835 0.0700033 1.91136 
1.00024 0.494891 0.0697078 1.91118 
0.920357 0.532516 0.22984 1.77181 
0.888655 0.563881 0.233125 1.72628 
0.950046 0.507505 0.213442 1.81956 
0.894164 0.550674 0.257543 1.73656 
0.923437 0.525668 0.251093 1.78684 
0.927749 0.520283 0.262121 1.79277 
0.872736 0.570707 0.24847 1.6998 
0.953125 0.53461 0.146648 1.83289 
0.968559 0.52206 0.168756 1.86132 
0.921303 0.563028 0.172354 1.7804 
0.907649 0.578524 0.158262 1.75689 
0.922019 0.564907 0.125886 1.77857 
0.904524 0.586575 0.133003 1.75091 
0.886672 0.592167 0.168552 1.72215 
0.761565 0.656787 0.0538496 1.51395 
0.81569 0.641313 0.0358926 1.59707 
0.792477 0.646926 0.0825567 1.56264 
0.816965 0.639205 0.0381597 1.59824 
0.826591 0.636093 0.0443632 1.61644 
0.838761 0.631115 0.104136 1.63918 
0.74601 0.647724 0.108508 1.47617 
0.77521 0.649247 0.0807796 1.5268 
0.836117 0.613558 0.186832 1.63731 
0.768055 0.640169 0.180793 1.52386 
0.844881 0.620086 0.163464 1.65326 
0.975115 0.526383 0.0619726 1.86726 
0.881298 0.562919 0.256944 1.717 
0.889228 0.574499 0.190972 1.72239 
0.922691 0.559634 0.195933 1.78562 
1.03299 0.440867 0.0481507 1.96566 
1.04091 0.422263 0.0685872 1.9776 
1.032 0.439894 0.0728945 1.96429 
1.00843 0.484842 0.0622684 1.92503 
1.01244 0.477342 0.0779808 1.93248 
1.01697 0.467255 0.0814398 1.94031 
1.01044 0.476181 0.0889795 1.92822 
1.00624 0.477475 0.0992678 1.91888 
1.00398 0.484192 0.0864611 1.91659 
1.00244 0.486375 0.0823138 1.91377 
1.00024 0.491721 0.0816226 1.91077 
0.998522 0.497427 0.0757917 1.90901 
0.995186 0.501451 0.0752944 1.90294 
0.999757 0.495525 0.0716047 1.91046 
0.993766 0.503916 0.0778174 1.9014 
1.00101 0.49433 0.0687558 1.9126 
1.00106 0.494499 0.0682318 1.91283 
1.00263 0.490847 0.0699044 1.9149 
1.00563 0.485295 0.0707865 1.91914 
1.00114 0.493562 0.0695453 1.91266 
0.997343 0.498021 0.0833032 1.90698 
1.00458 0.484874 0.0786193 1.91731 
1.01612 0.471863 0.061641 1.9373 
1.01591 0.474094 0.0776662 1.93966 
1.01087 0.473624 0.0675482 1.92713 
0.891245 0.526207 0.31243 1.73214 
0.866041 0.524418 0.338135 1.69218 
0.878191 0.563131 0.270573 1.71304 
0.859965 0.562895 0.288916 1.68489 
0.852208 0.57556 0.271896 1.66991 
0.895442 0.539263 0.295275 1.7426 
0.864664 0.578464 0.25034 1.68786 
0.87556 0.573839 0.243243 1.70706 
0.897893 0.551317 0.245043 1.74148 
1.029 0.45299 0.045172 1.96106 
1.03563 0.435561 0.028158 1.96852 
1.03939 0.426308 0.0354128 1.97449 
1.06005 0.374428 0.0486112 2.00347 
1.05714 0.382958 0.0395272 1.99991 
1.04897 0.411333 0.0510468 1.99126 
1.05119 0.400013 0.0169289 1.99055 
1.05127 0.411126 0.0424902 1.99494 
1.04608 0.417631 0.0314427 1.98687 
1.05901 0.386617 0.0270079 2.00399 
1.0522 0.398296 0.0206709 1.99269 
1.05168 0.400629 0.00870012 1.99206 
1.05639 0.392792 0.00529764 2.00115 
1.06214 0.382189 0.0188806 2.01143 
1.05916 0.386914 0.0235758 2.00521 
1.06099 0.385121 0.0135326 2.00754 
1.04006 0.415197 0.099811 1.97347 
1.01153 0.450872 0.1803 1.93297 
1.02488 0.427783 0.154823 1.95115 
1.01717 0.449929 0.131006 1.93819 
1.02888 0.433823 0.134653 1.95797 
1.01877 0.424063 0.20312 1.94533 
1.0401 0.383575 0.175243 1.97272 
1.0501 0.368537 0.165303 1.98862 
1.05822 0.365176 0.139461 2.00512 
1.07301 0.312136 0.15098 2.03232 
1.05863 0.345219 0.162768 2.00223 
1.0707 0.31582 0.144859 2.02179 
1.05682 0.304539 0.207313 1.99859 
0.98838 0.472394 0.194129 1.8876 
1.05591 0.364551 0.1542 2.00013 
1.04198 0.381055 0.166903 1.97338 
1.04216 0.393627 0.158725 1.97738 
1.02821 0.412097 0.175008 1.95581 
1.03131 0.392163 0.191433 1.959 
1.02639 0.404786 0.19195 1.95075 
1.03207 0.382819 0.203422 1.96059 
1.04807 0.364086 0.186789 1.98992 
1.01121 0.386354 0.295014 1.93056 
1.01478 0.39775 0.267246 1.93791 
1.03326 0.360655 0.243992 1.96129 
1.04322 0.3397 0.21346 1.97516 
1.02545 0.34985 0.282188 1.94915 
1.0469 0.309544 0.240958 1.97737 
1.0731 0.23065 0.233672 2.01919 
1.04959 0.318101 0.220711 1.98555 
1.04315 0.360242 0.194401 1.97953 
1.03859 0.3688 0.194913 1.96938 
1.04194 0.37348 0.181542 1.97509 
1.06112 0.343924 0.153537 2.00606 
1.06576 0.333188 0.153028 2.0151 
1.06758 0.32999 0.143079 2.0168 
1.0696 0.314353 0.150487 2.01925 
1.06692 0.324228 0.168093 2.01786 
1.0612 0.331958 0.164001 2.0055 
1.05012 0.357428 0.179453 1.98999 
1.04477 0.347726 0.202549 1.98009 
1.05247 0.355118 0.169168 1.99121 
1.05861 0.096208 0.295545 2.00165 
1.06528 0.274928 0.208995 2.0136 
1.07746 0.269513 0.170955 2.03688 
1.01396 0.422565 0.215858 1.93578 
1.0521 0.388095 0.114258 1.99375 
1.04998 0.381337 0.142656 1.99012 
1.04684 0.395204 0.122564 1.98498 
1.03206 0.410377 0.159927 1.96063 
1.03965 0.413076 0.126269 1.97396 
1.03839 0.417257 0.137471 1.97409 
1.03102 0.423142 0.121856 1.95742 
0.910311 0.511216 0.313851 1.76673 
0.889104 0.503472 0.351485 1.73255 
0.87816 0.536378 0.324009 1.71467 
0.864123 0.575159 0.261323 1.68752 
0.89551 0.48779 0.370797 1.74295 
0.829704 0.450437 0.432929 1.62754 
0.755195 0.516304 0.377103 1.4974 
0.825614 0.522883 0.373372 1.61555 
0.767877 0.562652 0.236986 1.50363 
0.813378 0.580208 0.280476 1.59799 
0.757708 0.573441 0.29714 1.49798 
0.914344 0.345271 0.45125 1.77114 
0.750593 0.472995 0.410025 1.48094 
0.924198 0.407427 0.413265 1.78711 
0.937903 0.445931 0.371747 1.81933 
0.792019 0.536393 0.360304 1.56125 
0.716399 0.556153 0.267511 1.4103 
0.794817 0.585728 0.279269 1.56524 
0.724179 0.554913 0.289355 1.43498 
0.986492 0.44786 0.280437 1.89582 
0.988548 0.418593 0.312083 1.90159 
0.966119 0.460186 0.302356 1.85953 
1.00056 0.495017 0.0687014 1.91203 
1.00034 0.495337 0.0679316 1.91153 
1.00092 0.494645 0.0635021 1.91266 
1.01304 0.456097 0.120677 1.92877 
1.00606 0.470591 0.123432 1.91788 
1.01199 0.461289 0.107098 1.92728 
1.02691 0.436446 0.11377 1.95371 
1.00341 0.473356 0.125727 1.91322 
1.04135 0.40613 0.11938 1.97524 
1.04531 0.392025 0.151864 1.98358 
1.00114 0.49412 0.0676467 1.91268 
1.00446 0.488949 0.0691407 1.91832 
1.00137 0.492948 0.0728478 1.91306 
0.946237 0.242934 0.454605 1.80536 
0.985804 0.448846 0.264868 1.88805 
0.950445 0.479049 0.30372 1.8337 
0.950143 0.487512 0.28625 1.83267 
1.00741 0.226564 0.380744 1.92958 
1.0352 0.280352 0.30195 1.95893 
1.07278 0.175524 0.214352 2.02581 
1.03499 0.0891407 0.319687 1.92569 
0.94954 0.414144 0.374522 1.82818 
1.0289 0.378906 0.21454 1.9511 
