0.976211 0.346592 -0.148854 1.73933 
1.00032 0.494919 0.0693865 1.91149 
1.05858 0.403572 -0.0195664 1.99235 
0.88114 0.509856 0.324158 1.65313 
0.87033 0.50274 0.274134 1.68504 
0.836561 0.497564 0.270791 1.59738 
0.847661 0.513851 0.288172 1.66711 
1.06338 0.378338 0.138946 1.96261 
0.996489 0.499515 0.073881 1.90491 
1.16619 0.121323 0.101293 2.00284 
0.659663 0.611345 0.247139 1.22055 
0.663366 0.58349 0.247796 1.30673 
0.635688 0.607609 0.215114 1.20615 
0.653049 0.602122 0.237499 1.23801 
1.05347 0.412111 -0.0141442 1.99042 
1.15788 0.105259 0.0817771 1.98313 
1.16049 0.10632 0.0820406 1.98459 
1.1564 0.107494 0.0839 1.98288 
1.15763 0.105709 0.0821379 1.98344 
1.01594 0.471725 0.0564681 1.93897 
1.11442 0.203006 0.180253 1.98508 
1.09304 0.239395 0.23786 1.94891 
1.1109 0.173359 0.222337 1.9721 
1.10987 0.203065 0.213666 1.98102 
1.01453 0.476476 0.0381051 1.93328 
0.951759 0.561517 0.0864463 1.82443 
1.11671 0.265021 -0.0792978 2.01316 
1.00673 0.491787 0.0487276 1.92569 
1.10486 0.277735 0.131824 1.99768 
1.09873 0.326003 -0.0199129 2.00987 
1.06357 0.402331 -0.0290295 1.99067 
1.11962 0.256724 -0.05578 2.0191 
0.622226 0.564623 0.299903 1.1701 
0.644358 0.535061 0.348248 1.20867 
0.727089 0.562631 0.348033 1.32387 
0.673289 0.567434 0.323533 1.25447 
1.15897 0.161254 0.103455 1.99222 
1.15153 0.176817 0.10553 1.99761 
1.02646 0.451868 0.0761323 1.95407 
1.00064 0.495559 0.0685405 1.9124 
1.11515 0.271285 -0.0679391 2.01278 
0.959183 0.553119 0.0233644 1.85042 
0.46796 0.504509 0.250396 0.924748 
0.503639 0.483457 0.337355 0.988855 
0.677654 0.561873 0.32092 1.28456 
0.561483 0.526817 0.306487 1.08862 
1.00033 0.494952 0.0696123 1.91129 
1.0068 0.48399 0.0712058 1.9214 
0.949782 0.565162 0.0599168 1.82971 
1.10501 0.276302 0.12178 2.00174 
1.13142 0.117416 0.219862 1.97047 
1.14467 0.127417 0.181585 1.97689 
1.14303 0.141873 0.204175 1.96771 
1.14242 0.130505 0.202205 1.9753 
0.925107 0.438023 -0.110232 1.72815 
1.09466 0.322942 0.11032 2.00196 
1.10673 0.327349 0.0368369 1.97828 
1.1035 0.329909 0.0638441 1.97099 
1.11316 0.309459 0.0491805 1.98761 
1.10792 0.323436 0.0485848 1.979 
1.15926 0.136597 0.108225 1.98668 
1.15695 0.128749 0.110982 1.98872 
1.15993 0.140225 0.10502 1.98859 
1.15823 0.136077 0.107581 1.98714 
0.882122 0.50819 -0.0502385 1.57992 
0.881111 0.505663 -0.10326 1.58165 
0.863526 0.576016 -0.0792017 1.57626 
0.879043 0.527619 -0.0744368 1.58558 
1.08555 0.348639 -0.137178 1.95583 
1.05852 0.390164 0.0438679 2.00336 
1.17198 0.139538 0.0985432 1.98062 
1.15044 0.156859 0.114633 1.98604 
1.00892 0.479646 0.0735946 1.92594 
0.981254 0.513592 0.100972 1.8784 
0.970999 0.349714 -0.120918 1.76837 
1.11491 0.298267 0.0230812 2.00868 
1.05283 0.397756 0.0647861 1.995 
0.91366 0.558 0.189974 1.78968 
1.16287 0.0402289 0.00676787 2.03725 
1.17002 0.0932144 0.0404661 2.03752 
1.16709 0.03466 0.0521026 2.03429 
1.1658 0.046779 0.0302201 2.03911 
1.11102 0.317886 0.0194929 1.9991 
0.997653 0.493427 0.0575355 1.90617 
1.11296 0.294289 0.0300797 2.01265 
1.1085 0.318582 0.0184244 1.99929 
1.12346 0.240879 -0.0616001 2.02056 
0.757246 0.611443 0.252368 1.5579 
1.00196 0.493997 0.0654456 1.91366 
1.15997 0.173467 0.0134735 2.02908 
1.15568 0.142506 -0.00503477 2.02507 
0.998255 0.49606 0.0645712 1.9082 
1.00504 0.4875 0.0719741 1.91924 
1.10085 0.339812 0.0343791 1.96897 
1.08025 0.391002 0.0459744 1.93857 
1.09617 0.342065 0.0714695 1.95861 
1.09301 0.354933 0.0559423 1.95592 
1.16239 0.0516558 -0.00142042 2.03329 
1.16148 0.0947106 -0.00349411 2.03213 
1.16944 0.107394 0.0282842 2.03987 
1.16597 0.0814331 0.0110516 2.03753 
1.01444 0.480645 0.0287259 1.9374 
1.12793 0.285927 0.0124261 2.00198 
1.00068 0.49507 0.0671252 1.91176 
1.05265 0.40377 9.11672e-06 1.9946 
1.10423 0.305286 -0.0226765 2.01054 
1.00074 0.495184 0.0685779 1.91255 
0.825019 0.638053 0.131074 1.63871 
0.898519 0.580858 -0.0405203 1.76673 
1.13818 0.191348 0.112538 1.98001 
1.02151 0.444063 0.146565 1.92414 
1.10959 0.311715 0.0186504 1.9988 
1.0313 0.434637 0.0272277 1.96556 
0.998955 0.496663 0.0686235 1.90881 
1.13034 0.24572 0.134994 1.99972 
1.13735 0.315944 0.224657 1.77767 
1.1402 0.303148 0.144479 1.80487 
1.08524 0.33937 0.162514 1.74675 
1.12943 0.319778 0.174814 1.76676 
0.968732 0.424746 -0.07138 1.84803 
0.957434 0.315672 -0.0409718 1.70679 
0.947469 0.348384 -0.0173933 1.69114 
0.959762 0.320482 0.00447152 1.71022 
0.957091 0.328755 -0.0215676 1.71111 
1.1389 0.1866 0.103047 1.98754 
0.964703 0.547958 0.0469758 1.84865 
0.896376 0.485056 -0.103824 1.60849 
0.890646 0.492281 -0.0529653 1.59513 
0.891548 0.477694 -0.0692727 1.63976 
0.894047 0.487406 -0.0720084 1.6129 
0.969208 0.539814 0.0129761 1.86499 
1.00017 0.494848 0.0667758 1.91074 
0.752462 0.556277 0.256076 1.47216 
0.790754 0.537023 0.251285 1.53254 
1.05837 0.395567 0.0162239 1.99864 
1.14152 0.196177 0.107657 1.99583 
1.00371 0.489203 0.0703511 1.91646 
1.14442 -0.00188284 0.00522753 2.02756 
1.14293 0.0418569 -0.0123061 2.02547 
1.14223 0.0659989 0.031693 2.02907 
1.14422 0.0339079 0.0119472 2.02878 
0.995921 0.396364 -0.26181 1.80401 
1.11277 0.289119 0.0219714 2.01303 
1.11567 0.277747 0.0268968 2.01723 
1.11436 0.28238 0.0146399 2.01748 
1.11373 0.28348 0.0213516 2.01513 
0.892766 0.473337 0.272999 1.69847 
0.941261 0.483785 0.334827 1.66983 
1.02726 0.435467 0.313676 1.70972 
0.946296 0.460207 0.312967 1.70125 
1.07607 0.383271 -0.0674224 1.97617 
1.10277 0.327515 0.0201747 2.00065 
1.08147 0.361107 -0.0170458 2.00444 
0.977597 0.531063 0.0490855 1.87064 
0.895487 0.511479 -0.0586001 1.70828 
0.998031 0.498304 0.0694288 1.90742 
1.11116 0.302126 0.0247259 2.00144 
1.11145 0.301016 0.0227553 2.00368 
1.11387 0.299472 0.0275297 1.99596 
1.11389 0.300875 0.0248303 1.99492 
1.11528 0.299652 0.0279903 1.99337 
1.1148 0.299304 0.0268816 1.99429 
0.535311 0.59142 0.132412 1.02225 
1.04685 0.416505 0.0151714 1.98379 
1.17241 0.117197 0.0567182 2.03954 
1.17201 0.117892 0.08138 2.03284 
1.17144 0.0547171 0.0646314 2.03786 
1.17142 0.100087 0.0669183 2.03351 
0.971613 0.252348 -0.0463032 1.7209 
0.964389 0.299031 -0.0474483 1.71875 
0.968829 0.280124 -0.000920459 1.7215 
0.968755 0.283869 -0.0319466 1.72162 
1.05787 0.407141 -0.0369474 1.97842 
1.12374 0.255023 0.126769 2.00637 
0.948327 0.467379 -0.0840945 1.81916 
0.9408 0.404898 -0.029826 1.69462 
0.938017 0.405359 -0.0399657 1.68527 
0.928937 0.457155 -0.0350583 1.70322 
0.933309 0.418922 -0.0364693 1.6882 
1.0661 0.232273 -0.182792 1.8942 
0.922623 0.404603 0.0174589 1.65602 
0.944468 0.395464 0.0775997 1.67764 
0.952335 0.34422 0.0413176 1.69559 
0.941348 0.375508 0.0427517 1.67576 
1.15573 0.127785 0.14652 1.98388 
1.15661 0.12303 0.124491 1.9872 
1.16555 0.131733 0.12749 1.98394 
1.16134 0.127435 0.131717 1.98689 
0.899689 0.49366 -0.0784391 1.70045 
1.15975 -0.055158 0.0406173 2.03113 
1.16358 0.0206287 0.00877982 2.0397 
1.16421 0.0238187 0.0662204 2.03996 
1.16032 -0.00183666 0.0499424 2.03544 
0.894527 0.493784 0.301958 1.85904 
0.70143 0.497347 0.406372 1.30288 
0.763177 0.425223 0.478281 1.40178 
0.82535 0.488054 0.440977 1.50625 
0.780981 0.479356 0.4419 1.43994 
1.00273 0.492072 0.0622917 1.91539 
1.0243 0.317198 -0.14727 1.81567 
1.09834 0.328508 0.0105204 2.0035 
1.02936 0.455519 -0.000234098 1.93104 
1.07548 0.34328 -0.127917 1.93258 
0.910442 0.516902 -0.0469835 1.69437 
1.02082 0.464916 0.0534662 1.94633 
1.06986 0.364141 0.0694715 2.00883 
0.99598 0.501176 0.0713154 1.90403 
1.12592 -0.0896569 0.142327 1.99585 
1.13828 -0.0415734 0.065964 2.01403 
1.13524 0.000148452 0.136982 2.01862 
1.13457 -0.0366954 0.114221 2.01215 
1.14067 0.185485 0.0988506 1.98477 
0.906415 0.601715 0.0026059 1.77145 
0.79697 0.585387 0.197723 1.59527 
0.855897 0.580527 0.195714 1.6846 
0.836025 0.588114 0.190486 1.62303 
0.830093 0.587593 0.195107 1.6347 
1.16135 0.185101 0.0706065 2.03302 
1.17095 0.146944 0.0826093 2.03244 
1.17018 0.145435 0.0584164 2.0357 
1.17068 0.159212 0.0713052 2.03506 
1.15697 0.126588 0.108883 1.99022 
1.16079 0.133569 0.106384 1.99497 
1.16042 0.140431 0.103455 1.99166 
1.15877 0.132816 0.104974 1.99098 
0.98939 0.493083 0.0312882 1.89944 
0.940369 0.429627 -0.0609083 1.65541 
1.00764 0.480503 0.0783721 1.92346 
0.606721 0.609827 0.168959 1.23759 
1.00106 0.494397 0.0682711 1.91281 
1.00048 0.494623 0.0693738 1.91161 
1.0006 0.494869 0.0666945 1.91129 
1.00397 0.492778 0.0576582 1.91928 
0.908607 0.469703 0.218907 1.71604 
0.980225 0.406677 0.208272 1.70724 
0.947107 0.429197 0.174981 1.71405 
0.946044 0.430229 0.197533 1.70994 
1.11156 0.300935 0.187019 1.95501 
1.16406 0.12512 0.0110716 2.03523 
1.1666 0.172353 0.0261255 2.03666 
1.16866 0.140565 0.0351657 2.03636 
1.16727 0.148316 0.0263534 2.03667 
1.17946 0.113797 0.0901379 1.97748 
0.999861 0.495072 0.0713109 1.91047 
1.15854 -0.0736689 0.0575967 2.03019 
1.16297 0.0125549 0.0779516 2.03378 
1.14854 -0.0586654 0.109154 2.0145 
1.16138 -0.0525689 0.0758584 2.03967 
1.08613 0.351126 0.0220444 2.00394 
1.00267 0.49106 0.0740598 1.91536 
1.13606 0.182899 0.00798384 2.02868 
1.13424 0.196122 -0.00856375 2.02876 
1.13103 0.209392 0.0048019 2.02882 
1.13339 0.19647 0.001466 2.02708 
1.14044 0.164149 -0.0691341 2.03253 
1.13838 0.179702 -0.0738411 2.03018 
1.13808 0.180376 -0.058028 2.03317 
1.13994 0.174912 -0.0667592 2.03347 
1.02296 0.457853 0.0716814 1.94904 
0.998917 0.496603 0.0682854 1.90871 
0.996673 0.500431 0.0700248 1.90568 
0.858146 0.574759 0.204493 1.68875 
0.811737 0.573696 0.203385 1.60338 
0.861753 0.555926 0.21631 1.66607 
0.843969 0.571011 0.211896 1.66444 
1.02539 0.300557 -0.0900047 1.82884 
0.818703 0.641295 0.0923633 1.62486 
1.02924 0.32918 -0.167363 1.83548 
1.11516 0.279024 0.0316434 2.01338 
1.11277 0.288356 0.0253539 2.01078 
1.11444 0.286218 0.0338868 2.00868 
1.11457 0.284287 0.0304182 2.01251 
1.1328 0.148624 0.141113 2.01485 
1.12372 0.185363 0.159678 2.00452 
1.12465 0.150543 0.194089 1.99931 
1.125 0.160952 0.164069 2.0005 
1.10833 0.304577 0.0285439 2.01072 
1.00125 0.493639 0.0693588 1.91284 
1.12966 0.222857 -0.0828061 2.02142 
1.10765 0.319166 0.0741959 1.97864 
1.11563 0.289665 0.0708076 1.99368 
1.1143 0.302097 0.0542128 1.99019 
1.11285 0.301755 0.0677839 1.98709 
0.912091 0.607165 -0.0324621 1.78759 
1.13656 0.211745 0.0984249 2.02349 
1.13994 0.213552 0.0884727 2.02252 
1.16063 0.122458 0.116234 1.98858 
1.17171 0.123215 0.10679 1.98824 
1.16856 0.129575 0.117714 1.98621 
1.16812 0.125238 0.113552 1.98687 
1.00916 0.477948 0.0294004 1.91855 
1.13763 0.177734 0.101256 1.98428 
0.776292 0.556283 0.239376 1.53244 
1.05549 0.407207 0.0102188 1.99523 
1.07061 0.362958 0.222087 1.72258 
1.12742 0.333537 0.239349 1.76277 
1.07109 0.345714 0.18359 1.72733 
1.09954 0.349212 0.215605 1.74231 
1.03641 0.276269 0.404044 1.81366 
1.06333 0.205978 0.39909 1.86098 
1.07354 0.255814 0.349874 1.86568 
1.05842 0.245736 0.38655 1.84852 
1.03511 0.42751 0.0922277 1.96741 
1.00447 0.489109 0.0682746 1.91794 
1.08874 0.348564 -0.0390577 2.00295 
0.544072 0.41544 0.438999 1.05857 
0.67556 0.290243 0.54716 1.27308 
0.809894 0.38437 0.513646 1.50447 
0.743793 0.40494 0.517831 1.39703 
1.1299 0.205305 0.0332605 2.02532 
1.13403 0.185245 0.020116 2.02615 
1.12924 0.211698 0.0141939 2.0263 
1.13211 0.200839 0.0227689 2.02855 
1.00039 0.495518 0.0677353 1.91146 
0.792911 0.601711 0.263203 1.61276 
1.09564 0.337615 0.00634168 2.00616 
0.914929 0.432061 -0.0111391 1.67623 
0.929102 0.407463 -0.0194321 1.68169 
0.922072 0.460268 -0.0297733 1.69604 
0.91781 0.433141 -0.02028 1.68167 
1.10208 0.28123 0.101569 2.00273 
0.924661 0.579385 0.105547 1.79114 
1.13005 0.2248 0.0781902 2.02338 
1.11312 0.294523 0.162322 1.981 
0.640829 0.600868 0.204928 1.2468 
0.671526 0.585527 0.230654 1.32571 
1.0611 0.395565 0.0252942 2.00375 
1.11598 0.295778 0.0486227 1.99481 
1.11675 0.285102 0.0604755 1.99801 
1.11637 0.287944 0.0432826 2.00289 
1.11719 0.290104 0.0500803 1.99958 
1.10677 0.169539 0.263081 1.96788 
1.08329 0.248172 0.278265 1.9386 
1.07016 0.216127 0.335969 1.91179 
1.08319 0.211313 0.293796 1.9277 
1.1415 0.117766 0.176993 1.98366 
1.1337 0.101465 0.21109 1.98054 
1.13795 0.0949171 0.179715 1.98857 
1.13526 0.105368 0.188514 1.98112 
1.09087 0.351744 0.0249711 2.00916 
1.0552 0.344673 0.191366 1.93619 
0.998519 0.496081 0.0766995 1.90843 
1.08054 0.182964 0.369744 1.8868 
1.10605 0.186614 0.303473 1.91689 
1.0884 0.233417 0.327355 1.88613 
1.09414 0.202373 0.332774 1.90188 
0.889868 0.55264 -0.0392451 1.74262 
1.05264 0.423539 -0.0484244 1.96742 
1.11559 0.300797 0.0239734 1.99348 
1.11441 0.303607 0.0245018 1.99157 
1.11522 0.30183 0.0272801 1.99204 
1.11541 0.301712 0.0251487 1.99274 
1.11815 0.259642 -0.0421196 2.0179 
1.11554 0.275307 0.0155657 2.01864 
1.11694 0.270959 0.0276875 2.01864 
1.11906 0.260796 0.0235346 2.02166 
1.11777 0.2692 0.0229052 2.02164 
1.16427 0.0631874 0.105675 2.02054 
1.16867 0.106813 0.096459 2.02423 
1.164 0.0919935 0.106787 2.01426 
1.16547 0.0856169 0.101449 2.01882 
0.78499 0.579728 0.264313 1.61556 
1.15578 0.109061 0.086725 1.98342 
1.16321 0.107595 0.0832147 1.98519 
1.16036 0.109804 0.0894019 1.98498 
1.16006 0.108166 0.0854429 1.98484 
0.990129 0.502612 0.112037 1.89571 
0.999158 0.496371 0.0683377 1.90914 
0.99864 0.496423 0.0653992 1.90877 
1.11327 0.30632 0.0239605 1.9898 
1.10986 0.315651 0.0253411 1.98487 
1.11508 0.305013 0.0297949 1.99168 
1.11298 0.309689 0.0282113 1.98899 
1.10657 0.301259 -0.114581 1.98973 
1.14104 0.175144 0.10722 1.98433 
1.176 0.136052 0.0985062 1.98197 
1.16967 0.0976198 0.0868234 2.02744 
1.16483 0.0501647 0.103107 2.02226 
1.16795 0.0448107 0.0836816 2.02979 
1.16886 0.0616806 0.0892023 2.02957 
1.10919 0.28717 -0.0662 2.00828 
0.999995 0.491726 0.084661 1.91138 
1.00139 0.493497 0.0685191 1.91307 
0.861821 0.460663 0.452757 1.55987 
0.817486 0.408655 0.499746 1.49874 
0.894282 0.398693 0.488533 1.61047 
0.857271 0.43391 0.477285 1.55375 
1.00044 0.494992 0.0681112 1.91175 
0.99887 0.495578 0.0749723 1.90899 
0.999869 0.495284 0.0706307 1.91048 
1.11686 0.308403 0.019009 1.99584 
1.09875 0.322817 -0.111788 1.98269 
1.12826 0.0802204 0.223646 1.97842 
1.13213 0.0359427 0.204597 1.99064 
1.13529 0.0782438 0.183749 1.98904 
1.13189 0.0621672 0.205396 1.98809 
0.461576 0.549368 0.0272138 0.912144 
0.434251 0.529774 0.0692856 0.863179 
0.563159 0.617775 0.0257557 1.09169 
0.478676 0.559535 0.0343963 0.941884 
1.00412 0.488766 0.0505579 1.91421 
1.03979 0.426122 -0.00730763 1.97746 
1.14641 0.2354 0.0025266 2.01204 
1.10526 0.324013 0.0187147 2.00016 
1.02419 0.457231 0.0590904 1.95121 
1.00057 0.494677 0.0690049 1.91218 
1.10281 0.327173 0.0223241 2.00227 
1.01129 0.340982 -0.178427 1.8048 
1.13965 0.198869 0.113318 1.99706 
0.927049 0.432572 0.0819964 1.6482 
0.915555 0.433224 0.0225253 1.64263 
0.906371 0.467451 0.0534629 1.61573 
0.917589 0.440109 0.0520174 1.63151 
0.99369 0.504794 0.0772405 1.90184 
1.1259 0.23322 0.102391 2.0174 
0.866541 0.567884 -0.207645 1.59534 
1.11443 0.280202 -0.104779 2.00118 
0.988804 0.505259 0.101011 1.89201 
1.1836 0.15254 0.112784 1.97829 
1.00038 0.495429 0.0679384 1.91159 
1.08632 0.357064 0.0204693 2.0061 
1.11827 0.272009 0.0870158 1.99812 
1.11423 0.277239 0.121458 1.9898 
1.12135 0.249325 0.0989498 2.00262 
1.118 0.263654 0.102632 1.99562 
1.11142 0.312983 0.018579 2.00089 
1.15895 0.10569 0.0818679 1.98192 
1.15622 0.109841 0.0846067 1.98196 
1.16586 0.110744 0.084645 1.98027 
1.15952 0.107685 0.0829576 1.98128 
1.0076 0.302394 -0.0732629 1.82124 
1.1181 0.29571 0.23494 1.89894 
1.10145 0.272112 0.28574 1.88605 
1.12136 0.2549 0.247919 1.90955 
1.11633 0.275304 0.254304 1.90057 
1.017 0.452889 0.116582 1.92912 
1.11391 0.256465 0.10186 2.01495 
0.998896 0.496407 0.0685634 1.90876 
0.999869 0.493608 0.063263 1.90997 
1.12823 0.229519 -0.0570046 2.02515 
0.999612 0.495489 0.0716632 1.9101 
0.997684 0.493362 0.0595109 1.90638 
1.00155 0.494025 0.062462 1.91334 
1.09088 0.300306 0.30064 1.86998 
1.11537 0.32185 0.23513 1.86406 
1.09634 0.334356 0.293644 1.83293 
1.08966 0.335133 0.282147 1.85989 
1.00057 0.495215 0.067513 1.91177 
1.07735 0.379424 -0.109456 1.96064 
1.06194 0.384319 0.0393476 2.00786 
1.06083 0.382316 0.205718 1.90405 
1.0776 0.30514 0.230117 1.92574 
1.09507 0.296867 0.174353 1.9541 
1.08424 0.324842 0.201873 1.94021 
1.12664 0.158299 0.258533 1.95069 
1.13058 0.121362 0.242533 1.96727 
1.13972 0.149521 0.22056 1.96453 
1.13117 0.142938 0.24188 1.95795 
0.998441 0.49703 0.0689296 1.90829 
1.00084 0.494338 0.0690499 1.91235 
1.00475 0.490898 0.0605244 1.91774 
1.00209 0.489574 0.0646112 1.91572 
1.09369 0.313396 0.0606005 2.01229 
1.0719 0.392317 -0.105396 1.95161 
1.05506 0.397666 0.0410547 1.99805 
0.992804 0.488916 0.0425698 1.90344 
1.04855 0.406776 0.0610392 1.98901 
0.997718 0.493606 0.0627385 1.90749 
1.01003 0.32238 -0.0466289 1.81033 
1.04152 0.416903 0.0873502 1.97763 
0.888026 0.557681 -0.0423225 1.72887 
1.14335 0.00197873 0.0518429 2.02664 
1.14057 0.0651119 0.0605543 2.02614 
1.13546 0.0328013 0.111033 2.01735 
1.14056 0.0333533 0.0775273 2.02663 
1.05207 0.397611 0.0763887 1.99342 
1.16466 0.151372 0.10306 1.98295 
1.1442 0.204529 0.109872 2.01259 
1.1451 0.204416 0.106883 2.01358 
1.14283 0.126885 -0.0565008 2.0327 
1.14206 0.147053 -0.0636006 2.03366 
1.14124 0.148754 -0.0422318 2.03523 
1.14318 0.14136 -0.0537389 2.03572 
1.09261 0.337464 -0.113444 1.97552 
1.03008 0.432371 0.109126 1.95428 
1.00233 0.492585 0.0662719 1.91351 
1.09363 0.333925 -0.0470503 1.99983 
1.09826 0.308865 0.101181 2.00645 
0.896996 0.519854 -0.252089 1.63687 
0.98314 0.51863 0.0602593 1.88284 
1.11637 0.28317 0.0441769 2.00577 
1.11804 0.277922 0.0594726 2.00414 
1.11838 0.273172 0.0487745 2.00909 
1.11745 0.27802 0.0508508 2.00605 
1.11614 0.302457 0.0207599 1.99536 
0.793428 0.513236 0.263745 1.5205 
0.727378 0.542196 0.268978 1.43148 
0.763204 0.552811 0.309245 1.50946 
0.769541 0.533969 0.283488 1.4914 
1.1682 0.16166 0.0908362 2.03018 
1.15731 0.195949 0.0798521 2.03122 
1.15399 0.19475 0.0977722 2.02521 
1.16 0.185933 0.090197 2.02817 
1.10557 0.32153 0.0172537 2.00013 
1.11325 0.253185 0.0796401 2.01913 
1.04659 0.316348 -0.113113 1.86545 
1.1518 0.117988 0.121552 1.99007 
1.14871 0.118522 0.122437 1.98864 
1.14852 0.114263 0.133058 1.9905 
1.15018 0.117132 0.126502 1.99012 
1.08744 0.346038 -0.133279 1.95888 
0.943515 0.529994 0.188001 1.82525 
0.892384 0.618161 -0.00248143 1.74912 
1.12856 0.283743 0.0159896 2.00397 
1.0947 0.332081 -0.107987 1.97966 
0.999022 0.493817 0.0780297 1.90814 
1.11578 0.302918 0.0211288 1.99506 
0.999069 0.49663 0.0676586 1.90903 
1.17433 0.143379 0.100715 1.98141 
1.11207 0.265361 0.14007 1.98422 
1.11842 0.227725 0.141146 1.99369 
1.121 0.238671 0.110806 1.99961 
1.11929 0.24366 0.128796 1.99803 
0.902775 0.516045 -0.0473163 1.71972 
0.908954 0.514029 -0.0415832 1.72759 
1.09157 0.318313 0.122218 1.994 
0.999757 0.495547 0.067882 1.91015 
1.04518 0.407678 0.0901708 1.98154 
1.1108 0.316441 0.0212224 1.99908 
1.16575 0.0327409 0.0900703 2.03226 
1.16299 0.0311528 0.108734 2.02364 
1.15839 -0.0328548 0.105224 2.02748 
1.16231 0.0168596 0.0962455 2.02556 
1.00088 0.494152 0.0701417 1.91229 
1.13637 0.199285 0.116816 1.99194 
0.889198 0.314222 0.530293 1.63493 
0.813583 0.241773 0.58738 1.5119 
0.944972 0.178155 0.539372 1.71898 
0.884455 0.255499 0.556796 1.62494 
0.490557 0.576628 0.0615666 0.943862 
1.03059 0.445882 0.0352026 1.96079 
0.822223 0.651289 0.0328742 1.59814 
0.578488 0.607194 0.139854 1.19505 
1.00055 0.494231 0.0713581 1.91166 
1.0011 0.494228 0.0682073 1.91277 
1.04305 0.41564 0.0718639 1.98066 
1.18212 0.17432 0.110348 1.96838 
0.857275 0.635607 0.0298488 1.69239 
1.07396 0.373566 -0.021572 1.99818 
1.0879 0.345316 -0.025678 2.00252 
1.11497 0.301902 0.0227039 1.99244 
1.1158 0.300667 0.022716 1.99382 
0.860804 0.612058 0.154121 1.70282 
0.997374 0.498916 0.0728557 1.90633 
0.735765 0.590512 0.30672 1.31713 
0.656635 0.580033 0.287894 1.21535 
0.74746 0.572841 0.33395 1.33947 
0.717919 0.582551 0.312688 1.29315 
1.00185 0.49298 0.0674608 1.91393 
0.716408 0.634409 0.202296 1.45423 
1.1109 0.304204 0.0224661 1.99851 
1.11132 0.303131 0.0239037 2.00047 
1.07204 0.0819754 0.379411 1.91502 
1.05116 0.174137 0.396812 1.88089 
1.02318 0.132029 0.458915 1.83892 
1.04252 0.128765 0.411613 1.8632 
1.08121 0.357001 -0.00722375 2.00589 
1.0984 0.301122 0.0665235 2.01389 
1.11463 -0.123463 0.26809 1.96222 
1.13141 -0.0181216 0.22582 1.98487 
1.11123 -0.0272481 0.300993 1.94786 
1.1277 -0.0577982 0.267917 1.98472 
1.16335 0.147052 0.106151 1.99907 
1.15647 0.173722 0.109601 2.00142 
1.16044 0.15015 0.102444 1.99234 
1.16184 0.155413 0.106334 1.99757 
0.566264 0.600791 0.147264 1.0798 
1.09008 0.349417 -0.111222 1.97343 
1.1142 0.274461 -0.036949 2.0178 
1.01306 0.389474 0.315055 1.82915 
1.06269 0.323354 0.268457 1.90539 
1.03595 0.410622 0.24258 1.86677 
1.03521 0.374386 0.275908 1.86087 
0.945633 0.360859 -0.0300684 1.6918 
0.951203 0.329119 -0.0475841 1.69789 
0.942502 0.365468 -0.0406136 1.67994 
0.942602 0.349512 -0.0362557 1.68226 
1.0836 0.357151 -0.0616183 1.98663 
1.00102 0.494791 0.0684401 1.91302 
0.980398 0.528636 0.0190729 1.88269 
1.12984 0.174855 0.248706 1.94692 
1.14229 0.161816 0.213807 1.95998 
1.14278 0.186414 0.209094 1.95277 
1.13942 0.174752 0.222199 1.95455 
0.944021 0.422319 -0.0572513 1.66305 
1.13763 0.266753 0.189513 1.91564 
1.1276 0.292101 0.209623 1.90451 
1.13193 0.256724 0.226343 1.91862 
1.13301 0.27099 0.210788 1.91483 
1.00856 0.365458 -0.224779 1.81887 
0.85594 0.489394 0.251302 1.60205 
0.864365 0.519888 0.250756 1.68802 
0.864137 0.516642 0.235411 1.64419 
0.862858 0.506335 0.250653 1.6525 
1.11649 0.275925 0.0362701 2.01454 
1.11552 0.282605 0.0391488 2.00856 
1.11768 0.27274 0.0450364 2.01102 
1.11642 0.277261 0.0402524 2.01126 
1.10009 0.308376 -0.0584365 2.00329 
1.15879 0.213662 0.153555 1.95306 
1.15009 0.239488 0.171326 1.93688 
1.15308 0.208935 0.182684 1.95 
1.15616 0.221051 0.170869 1.95018 
1.11383 -0.0769447 0.209603 1.97764 
1.12596 0.00725904 0.180021 1.99691 
1.10165 -0.00208229 0.282275 1.95618 
1.12115 -0.0258724 0.222557 1.9965 
0.954693 0.389084 0.123978 1.69618 
0.995171 0.393436 0.160812 1.77966 
0.963599 0.310793 0.0594436 1.70628 
0.973923 0.355265 0.126259 1.73196 
1.00761 0.483795 0.067836 1.92351 
1.00035 0.494613 0.0705063 1.91141 
1.12003 0.259741 0.00246432 2.02457 
1.11643 0.273049 0.00972202 2.02069 
1.12058 0.257584 0.0167879 2.02499 
1.11883 0.262198 0.00961457 2.02216 
0.999633 0.495336 0.0696658 1.91007 
1.12247 0.253819 -0.0967768 2.01253 
1.00025 0.494387 0.0720654 1.91164 
1.1135 0.337147 0.183055 1.96111 
1.0018 0.492606 0.067967 1.91384 
0.811853 0.543311 0.245932 1.56875 
0.804028 0.561578 0.250317 1.58535 
0.910799 0.4903 -0.0839337 1.74101 
0.999851 0.495214 0.0699264 1.91046 
1.13202 0.274994 0.0115004 2.00427 
1.05682 0.388881 0.0807771 2.00131 
1.10411 0.323894 0.0236737 2.00396 
1.15623 0.0873584 0.117223 2.00637 
1.15036 0.0881262 0.128448 1.99956 
1.14873 0.0716031 0.132461 2.00446 
1.15172 0.0812248 0.125525 2.00341 
1.08657 0.352204 -0.10295 1.97421 
0.909428 0.565725 -0.0542411 1.77591 
1.05917 0.411287 -0.064528 1.95921 
0.999543 0.494752 0.0744108 1.91017 
0.991592 0.505366 0.0837786 1.89632 
0.718462 0.634921 0.0251023 1.45898 
1.10558 0.321356 0.0256479 2.00648 
0.992007 0.430724 0.212509 1.78046 
0.947482 0.441504 0.174426 1.69416 
0.948397 0.501175 0.255523 1.7257 
0.964109 0.463765 0.21526 1.73436 
1.00118 0.494766 0.0661343 1.91236 
0.75143 0.534546 0.382587 1.41048 
0.614378 0.495091 0.405495 1.18074 
0.82484 0.431293 0.480732 1.53018 
0.725403 0.497363 0.418772 1.36554 
1.09922 0.31669 -0.0471725 2.00303 
1.09686 0.328526 -0.00803198 2.008 
1.0933 0.32395 0.0428347 2.01131 
0.850976 0.534878 0.33522 1.6136 
0.822339 0.504569 0.277634 1.56932 
0.79034 0.549079 0.324767 1.52005 
0.814395 0.52946 0.320002 1.56666 
0.946336 0.32988 -0.0618521 1.68225 
0.940213 0.351412 -0.0643183 1.66792 
0.940863 0.356624 -0.0463501 1.6697 
0.942903 0.345267 -0.0539155 1.67501 
1.12491 0.261612 0.1442 1.9958 
1.13501 0.217082 0.0622932 2.02864 
1.13385 0.193376 -0.0499215 2.03018 
1.1318 0.209466 -0.058365 2.02949 
1.13215 0.213604 -0.0435081 2.03036 
1.13188 0.205409 -0.0487357 2.0292 
0.999237 0.49594 0.0698958 1.90927 
0.99952 0.495019 0.0727408 1.91033 
1.15082 0.10161 0.128684 1.99391 
1.15239 0.113764 0.121354 1.99077 
1.14808 0.109653 0.133866 1.99099 
1.1506 0.107799 0.127995 1.9927 
0.953669 0.453613 -0.272713 1.73126 
1.13119 0.224486 -0.0415011 2.02987 
1.12948 0.224472 -0.0498366 2.02722 
0.820594 0.593623 0.00601842 1.46135 
0.768626 0.551597 0.301627 1.56151 
1.15059 0.149969 0.188943 1.97004 
1.15413 0.136878 0.16917 1.97808 
1.1569 0.154292 0.164138 1.97137 
1.15385 0.146789 0.174517 1.97227 
0.999449 0.495648 0.0705323 1.9097 
1.09629 0.301393 0.132598 1.99557 
1.13624 0.174902 0.0296908 2.02738 
1.13218 0.196113 0.0428281 2.02687 
1.13559 0.176908 0.0516657 2.02732 
1.13393 0.183248 0.0412789 2.02525 
0.767641 0.612881 0.203658 1.419 
0.717867 0.586693 0.217852 1.33082 
0.735277 0.578714 0.209326 1.39144 
0.753024 0.600836 0.20971 1.39454 
0.91209 0.492648 -0.0555072 1.61494 
1.00128 0.493648 0.0675064 1.9129 
1.0061 0.487527 0.0616853 1.91978 
1.08548 0.341482 0.0499335 2.01326 
0.994067 0.368969 -0.176161 1.7752 
1.09066 0.31401 0.151267 1.97958 
0.890514 0.541488 0.195705 1.72517 
0.897949 0.50769 0.224555 1.7257 
0.9351 0.469493 0.177026 1.72153 
0.904263 0.513924 0.202363 1.72407 
1.00105 0.494 0.069457 1.91258 
1.16046 0.15593 0.0802161 2.01474 
1.09901 0.33046 0.0313719 2.00953 
1.11107 0.262995 0.0904734 2.01708 
1.00394 0.487981 0.0741178 1.91726 
1.04567 0.41686 0.0245408 1.98568 
1.15832 0.0524862 0.117024 2.01466 
1.15891 0.080529 0.114424 2.0106 
1.14969 0.06138 0.134007 2.00682 
1.15619 0.0635231 0.12262 2.0125 
0.999609 0.495444 0.0696225 1.9098 
1.1313 0.0226129 0.225635 1.99045 
1.12423 0.0730057 0.244976 1.97326 
1.12152 0.0197701 0.285836 1.97214 
1.1237 0.0414231 0.250067 1.97348 
0.999483 0.496276 0.067752 1.9096 
1.00295 0.491077 0.0706864 1.91572 
0.55437 0.580544 0.211908 1.05414 
0.592257 0.584344 0.245233 1.11723 
0.632088 0.599132 0.240989 1.15458 
0.59696 0.589558 0.23106 1.11912 
1.06684 0.390539 -0.0501946 1.98312 
1.16928 0.109414 0.0833661 1.98669 
1.17693 0.114729 0.0870504 1.98809 
1.16785 0.110911 0.0890446 1.98713 
1.17301 0.111363 0.0863973 1.98756 
0.986264 0.51818 0.0443652 1.88425 
0.781087 0.625955 0.23022 1.55343 
1.08327 0.339645 0.13185 1.98454 
1.12575 0.29154 0.0163889 2.00034 
0.998565 0.497244 0.0702943 1.90834 
0.970432 0.464022 -0.053821 1.87421 
1.14205 0.1589 -0.0610136 2.03564 
1.13782 0.176119 -0.0502464 2.03335 
1.13941 0.16037 -0.0421023 2.03408 
1.14009 0.165172 -0.0510158 2.03506 
0.984246 0.386162 -0.0501313 1.84933 
1.04029 0.318296 -0.160265 1.85569 
1.07456 0.381137 0.244987 1.73199 
1.08983 0.38564 0.286699 1.72091 
1.122 0.340034 0.257198 1.74063 
1.09994 0.372026 0.262141 1.73479 
1.00351 0.49114 0.0661624 1.9163 
0.999654 0.495346 0.0699073 1.91008 
1.10969 0.288409 -0.0146925 2.01439 
1.12742 0.225247 0.239594 1.92583 
1.12509 0.192087 0.256019 1.9361 
1.14023 0.201458 0.214904 1.94497 
1.13068 0.206445 0.237405 1.9364 
1.06121 0.406496 0.318903 1.69823 
0.997855 0.454481 0.344756 1.62937 
1.01809 0.39541 0.357391 1.67463 
1.04077 0.414759 0.337295 1.67239 
1.09364 0.337653 0.0202287 2.00312 
1.11024 0.288047 -0.00139843 2.01436 
0.640505 0.588005 0.265838 1.19121 
0.720097 0.600674 0.290554 1.29337 
0.659795 0.601657 0.259156 1.20221 
0.675636 0.598782 0.27043 1.22652 
0.998745 0.496626 0.071707 1.90867 
0.869957 0.583351 -0.0324314 1.71244 
0.999253 0.495953 0.0689358 1.90906 
0.967684 0.505809 0.224158 1.8568 
1.00506 0.483461 0.0426682 1.91065 
1.08454 0.355455 0.0286297 2.00703 
1.01161 0.308613 -0.119735 1.81 
0.998168 0.497569 0.0695368 1.9075 
1.14964 0.225606 0.00744016 2.01919 
1.00217 0.491998 0.0696176 1.91414 
1.11101 0.309512 0.021936 2.00369 
1.00115 -0.0280412 0.492148 1.81523 
1.05842 0.0293142 0.393179 1.88542 
1.00127 0.0885127 0.488377 1.80152 
1.03378 0.0310259 0.465963 1.86234 
1.11046 0.296479 0.0157403 2.01032 
1.11203 0.291397 0.00951043 2.01335 
1.10325 0.273384 0.110811 1.99772 
1.14053 -0.030545 0.185983 2.00263 
1.13005 -0.152512 0.19316 1.98474 
1.14674 -0.0367757 0.138499 2.00905 
1.14384 -0.0575874 0.157027 2.00784 
1.1062 0.315634 0.0146187 2.00532 
1.00227 0.491656 0.0717844 1.91427 
1.00037 0.494178 0.0645276 1.91106 
1.13802 0.178656 0.110114 1.98628 
0.998599 0.497079 0.0681459 1.90819 
1.09774 0.321949 -0.125061 1.97583 
1.00065 0.494437 0.0703248 1.91191 
1.08496 0.358077 -0.122002 1.962 
1.15507 0.193469 0.0139457 2.02205 
1.10325 0.311247 -0.00307224 2.00981 
1.17956 0.114645 0.0922436 1.97703 
1.04454 0.414042 -0.0479878 1.89459 
0.887535 0.541144 -0.0385966 1.57746 
1.06951 0.360728 0.0779864 2.00898 
1.07705 0.365129 -0.0975539 1.96698 
1.05253 0.308626 -0.158471 1.88002 
1.11437 0.285985 0.0856808 1.99026 
1.10324 0.320659 0.0956745 1.97043 
1.10714 0.2966 0.121345 1.97715 
1.10991 0.301755 0.0999557 1.98272 
1.08384 0.348055 -0.0827565 1.98268 
1.08905 0.34021 -0.136917 1.96088 
1.01226 0.48383 0.0438262 1.93296 
0.714714 0.567884 0.279621 1.40771 
0.747644 0.595966 0.300868 1.38381 
0.767063 0.574539 0.312716 1.47343 
0.737666 0.586653 0.300101 1.43229 
1.05829 0.29153 0.295408 1.89429 
1.00782 0.356092 0.344671 1.81638 
1.03913 0.267517 0.357979 1.85979 
1.0412 0.303575 0.335497 1.87195 
0.991739 0.506766 0.0795078 1.89879 
1.10644 0.29454 0.0391311 2.01513 
1.12425 0.194493 0.133956 2.00469 
1.13019 0.164152 0.118758 2.01319 
1.12836 0.19508 0.0996615 2.01486 
1.1293 0.184357 0.117671 2.01627 
0.998373 0.493017 0.0847494 1.90752 
0.998552 0.496818 0.0737667 1.90839 
1.07761 0.370897 -0.0531548 1.99181 
1.00201 0.491369 0.0543991 1.91167 
0.723422 0.611966 0.245365 1.50539 
1.00109 0.494055 0.0673122 1.91279 
1.13152 0.217985 -0.0723606 2.02555 
1.00891 0.474082 0.107605 1.92963 
1.1664 0.185724 0.0360399 2.03489 
1.16251 0.191628 0.0630063 2.03451 
1.17009 0.156166 0.0508715 2.03755 
1.16704 0.176684 0.0519582 2.03444 
0.896714 0.504551 -0.0444735 1.68807 
0.904173 0.459596 -0.0210785 1.66864 
0.9135 0.488616 -0.0423886 1.69853 
0.90774 0.488404 -0.037943 1.69085 
0.928918 0.460762 0.250685 1.71687 
1.01994 0.417751 0.286981 1.71763 
1.00702 0.399619 0.243016 1.71146 
0.98783 0.425454 0.262648 1.71058 
1.00364 0.490987 0.0675233 1.91594 
1.00568 0.376524 0.14726 1.79333 
1.00316 0.275589 0.0621692 1.77806 
0.981023 0.286411 0.0385094 1.74254 
0.995546 0.28991 0.0664499 1.76803 
1.14108 0.174472 0.109206 1.98752 
1.16686 0.106095 0.0828662 1.98077 
1.17221 0.108466 0.0843972 1.97966 
1.05011 0.406466 0.0481217 1.99206 
0.863431 0.599415 -0.029918 1.70067 
0.855096 0.602838 -0.0990297 1.57197 
0.867146 0.540603 -0.122986 1.57624 
0.842509 0.617211 -0.134554 1.55633 
0.858096 0.595899 -0.118891 1.57782 
0.901388 0.525688 -0.0601648 1.72587 
1.00732 0.487639 0.0544392 1.92475 
1.00402 0.384689 -0.252959 1.81724 
1.1091 0.267293 0.125904 2.00814 
1.032 0.444007 0.0470723 1.95959 
1.02442 -0.0824818 0.454152 1.82028 
1.08934 -0.170444 0.317091 1.91542 
1.10204 -0.0209974 0.355572 1.94502 
1.07451 -0.0829988 0.403669 1.90285 
1.15346 0.201931 -0.00209162 2.02092 
0.974901 0.421674 0.0828921 1.72787 
0.9578 0.468185 0.0948928 1.71891 
0.968284 0.426106 0.121942 1.70993 
0.966303 0.444015 0.100461 1.72283 
0.937621 0.459484 -0.0535894 1.67694 
1.01502 0.471444 0.0646455 1.93761 
1.08453 0.350929 -0.118141 1.9659 
0.999971 0.495139 0.0697432 1.91067 
1.07853 0.372695 0.0208636 2.00971 
1.18192 0.111609 0.0916492 1.97735 
1.0019 0.344332 0.328982 1.88732 
1.08196 0.346313 0.106335 1.99875 
0.993082 0.496707 0.11042 1.90291 
1.11653 0.309073 0.0195381 1.99598 
1.00028 0.493834 0.0745984 1.91131 
1.17828 0.115104 0.0875058 1.9756 
1.06204 0.378966 0.0698907 2.00527 
0.941833 0.412802 -0.0970573 1.77404 
1.00085 0.494409 0.0678278 1.91241 
0.995574 0.48775 0.0527564 1.90678 
1.15094 0.120409 0.127683 1.98952 
1.1485 0.121738 0.148951 1.98766 
1.14715 0.114328 0.140015 1.99031 
1.14682 0.118399 0.138705 1.98779 
1.16598 0.213763 0.102894 1.96369 
1.1347 0.204442 0.11239 1.99056 
1.10137 0.31544 -0.108213 1.98686 
0.847418 0.521177 0.337117 1.70676 
0.728615 0.603973 0.287099 1.34117 
0.690103 0.5782 0.268603 1.33945 
0.671781 0.606984 0.261149 1.24143 
0.707603 0.607466 0.280017 1.31693 
1.1404 -0.176848 0.158222 2.00196 
1.15696 -0.0974649 0.0692088 2.02313 
1.15204 -0.0548121 0.137748 2.0255 
1.14859 -0.113534 0.162621 2.01819 
1.1905 0.125591 0.104462 1.98229 
1.05907 0.383121 0.0953658 1.99812 
0.523819 0.576343 0.171357 0.998992 
0.579549 0.605951 0.164633 1.07814 
1.15941 0.125248 0.107791 1.99492 
1.1561 0.119844 0.11181 1.99138 
1.1568 0.114134 0.113107 1.9953 
1.15775 0.119266 0.110769 1.99396 
1.10946 0.266265 0.11198 2.01218 
1.04116 -0.118084 0.4111 1.86163 
1.0989 -0.129282 0.257515 1.95516 
1.09073 -0.0224613 0.34328 1.94687 
1.07347 -0.0829108 0.34048 1.91401 
1.10959 0.318534 0.0321541 1.98241 
1.11435 0.305266 0.0393577 1.98958 
1.11493 0.303669 0.0320304 1.9905 
1.11458 0.307718 0.0348059 1.99045 
1.03948 0.41686 0.0425725 1.97878 
1.15151 0.216924 0.0292105 2.02569 
0.999715 0.495022 0.0677182 1.91033 
0.835744 0.594793 -0.0155752 1.6336 
1.00113 0.494524 0.0685844 1.91305 
0.91902 0.588899 -0.00680417 1.79257 
0.977378 0.524863 0.106971 1.86958 
1.1002 0.316924 -0.0996131 1.98992 
0.897034 0.604621 0.0387173 1.75498 
1.09863 0.265791 0.219141 1.9625 
1.11453 0.226418 0.16979 1.99118 
1.1081 0.272047 0.168768 1.97816 
1.10461 0.252901 0.187023 1.96966 
1.00122 0.493722 0.0690519 1.91289 
1.14475 0.248103 0.190996 1.9305 
1.13454 0.238146 0.221749 1.92568 
1.14539 0.213559 0.200811 1.94254 
1.1425 0.233183 0.204723 1.93349 
0.84586 0.588011 -0.0232554 1.65366 
0.963951 0.537016 0.0842876 1.84452 
0.999634 0.495353 0.0696674 1.90981 
1.11776 0.220055 0.238667 1.95997 
1.13459 0.213104 0.102297 2.0184 
1.00271 0.491829 0.068244 1.91534 
0.99924 0.49704 0.0671591 1.90946 
0.977222 0.525663 0.0634754 1.87049 
1.11671 0.270281 -0.0867774 2.01026 
1.09602 0.338846 0.0238809 2.00504 
0.903853 0.448744 0.00468303 1.62176 
0.891957 0.486003 -0.0160547 1.59132 
0.895441 0.480145 0.0254049 1.59465 
0.902692 0.470365 0.00686926 1.6112 
1.12542 0.292949 0.0135553 1.99875 
1.03991 0.306683 0.387677 1.81208 
1.07431 0.292892 0.335978 1.85504 
1.07038 0.338549 0.334495 1.82132 
1.05749 0.31353 0.355449 1.82708 
1.11734 0.308723 0.0187088 1.99717 
1.00444 0.486652 0.0667759 1.91843 
1.05112 0.267862 -0.229523 1.8781 
1.00006 0.495086 0.0677253 1.91068 
1.12656 0.224508 0.041693 2.02364 
1.12298 0.244143 0.0319253 2.02351 
1.12293 0.241759 0.0485822 2.01996 
1.12529 0.236924 0.0410116 2.02553 
0.937177 0.372774 -0.0114267 1.68466 
0.921432 0.410937 0.00301185 1.67124 
0.950275 0.351795 0.0218778 1.69847 
0.938788 0.374986 0.0103785 1.68632 
0.997223 0.498853 0.0704246 1.90593 
1.09118 0.3445 0.0346688 2.01057 
1.10269 0.310094 -0.0964962 1.99258 
1.08956 0.330819 -0.0676192 1.99478 
0.993123 0.500329 0.089866 1.89834 
0.9366 0.420207 -0.0458167 1.68576 
0.931335 0.469174 -0.0500877 1.69246 
0.925647 0.471543 -0.0393636 1.7023 
0.932742 0.457609 -0.0453181 1.70032 
1.14378 0.120063 -0.0449721 2.03416 
1.14034 0.143109 -0.0325204 2.03355 
1.1411 0.123525 -0.0230355 2.03154 
1.14221 0.129382 -0.0328543 2.03421 
1.06203 0.0947691 0.426789 1.87424 
1.02531 -0.0117808 0.49246 1.82524 
1.08958 0.02247 0.364775 1.91774 
1.07338 0.0398515 0.42116 1.89666 
0.906961 0.594774 0.0234596 1.77178 
1.00395 0.486255 0.0759381 1.91865 
0.980178 0.435352 0.318503 1.7747 
1.00657 0.442029 0.251958 1.81465 
0.954532 0.497879 0.291154 1.73948 
0.986384 0.460864 0.29323 1.79063 
1.14413 0.0744727 -0.0327536 2.02924 
1.14379 0.103295 -0.0472203 2.03145 
1.14338 0.109019 -0.0204197 2.03262 
1.14408 0.095936 -0.0310719 2.03153 
1.09456 0.340695 0.109566 1.95608 
1.06814 0.39462 0.170452 1.91749 
1.09952 0.310145 0.149107 1.96452 
1.08714 0.339168 0.145829 1.942 
0.987373 0.511239 0.0805501 1.88875 
1.00027 0.49186 0.0820464 1.91223 
0.899373 0.46999 -0.0963401 1.63266 
0.891085 0.469378 -0.0819208 1.64635 
1.00056 0.494871 0.0678744 1.91187 
1.1087 0.276792 0.0461212 2.01765 
1.00029 0.494577 0.0711243 1.91143 
1.1574 0.134252 0.153971 1.98066 
1.1651 0.138357 0.132381 1.98169 
1.161 0.15076 0.149918 1.97481 
1.16155 0.140869 0.145431 1.97858 
1.00144 0.493287 0.0696083 1.91311 
1.10986 0.290708 -0.084661 2.00395 
1.10493 0.307194 -0.114586 1.98774 
1.12427 0.11203 0.259947 1.96132 
1.11861 0.150833 0.276248 1.94238 
1.11742 0.11767 0.307499 1.95143 
1.11917 0.127458 0.280175 1.95111 
1.00064 0.493613 0.0733238 1.9119 
1.10718 0.298082 -0.0901379 1.99874 
0.997022 0.495297 0.0609869 1.90642 
1.00028 0.495115 0.0677417 1.91091 
1.17809 0.108475 0.0859205 1.97657 
0.778187 0.578044 -0.138506 1.44502 
0.759495 0.584258 -0.115068 1.41346 
0.811637 0.628402 -0.138034 1.50766 
0.782214 0.589681 -0.132379 1.45451 
0.999394 0.49564 0.0698548 1.9095 
1.0981 0.324466 0.0326583 2.00808 
1.00123 0.493764 0.0682515 1.91278 
1.01942 0.275741 0.402818 1.83385 
0.981878 0.371704 0.384431 1.77911 
0.945758 0.347831 0.456339 1.71723 
0.977738 0.335242 0.413092 1.76438 
1.0955 0.332866 0.00229111 2.00556 
1.03411 0.428585 0.0729082 1.96276 
1.04852 0.441855 -0.0415196 1.96671 
1.00207 0.491743 0.0726091 1.91405 
1.00425 0.490648 0.0790702 1.9145 
1.0184 0.23601 0.42599 1.82849 
0.942013 0.310428 0.48512 1.7127 
0.984437 0.198249 0.491502 1.77865 
0.987532 0.237695 0.471936 1.78302 
0.968434 0.54738 -0.0195621 1.88079 
0.999084 0.496168 0.0684672 1.90893 
1.06807 0.395514 -0.0598125 1.97544 
0.505526 0.5817 0.0955873 0.95405 
0.858604 0.605569 0.187585 1.70248 
1.13733 0.18392 0.104731 1.98905 
1.13365 0.203503 -0.0751645 2.02655 
1.13635 0.195449 -0.0791833 2.02667 
0.999342 0.495941 0.0693246 1.90948 
1.08892 0.335807 -0.0774197 1.9888 
1.15073 0.221422 0.036692 2.02842 
1.12054 0.301474 0.0164565 1.99735 
0.423941 0.515502 0.112784 0.844223 
0.428991 0.506296 0.17161 0.853625 
0.561436 0.598774 0.149425 1.0899 
0.472695 0.541328 0.138272 0.931223 
1.10901 0.29563 0.000492395 2.01235 
1.11639 0.276809 -0.0988254 2.00561 
1.15926 0.176156 0.108914 2.00534 
1.16473 0.1477 0.106883 2.00091 
1.16781 0.158226 0.107223 2.01058 
1.1672 0.15948 0.107869 2.00652 
0.994028 0.504731 0.0651149 1.9014 
0.999718 0.494989 0.0658928 1.9101 
0.921528 0.592751 -0.0249422 1.80064 
1.00103 0.493735 0.0705894 1.91244 
1.13845 0.151003 -0.0207704 2.03183 
1.13788 0.155894 0.00329523 2.02843 
1.13893 0.132141 -0.00974598 2.02984 
1.13871 0.145286 -0.00914184 2.03047 
1.10206 0.322494 0.0355724 2.0144 
0.894886 0.480912 -0.0330448 1.60623 
0.899418 0.459344 -0.0165791 1.63484 
0.887071 0.475675 -0.0511954 1.63727 
0.891238 0.473392 -0.0359 1.61734 
1.0751 0.373728 0.0137057 2.00465 
1.00021 0.49489 0.0702557 1.91122 
1.01164 0.478548 0.054203 1.93258 
0.999231 0.495787 0.0659042 1.90983 
1.11646 0.305325 0.0199246 1.99458 
0.99986 0.495554 0.0682102 1.91012 
1.12277 0.247215 -0.032811 2.02347 
1.18293 0.16447 0.107678 1.97881 
0.696299 0.606617 0.22667 1.42578 
0.996366 0.500511 0.0684064 1.90493 
1.13372 0.269611 0.0144902 2.00738 
0.799056 0.596888 0.0208783 1.54214 
0.906407 0.552327 0.140615 1.56744 
0.87937 0.583377 0.157385 1.53499 
0.896693 0.564362 0.169596 1.56639 
0.895889 0.568099 0.156145 1.55374 
1.14024 0.0925485 0.0232965 2.02676 
1.14495 0.0662707 -0.0109666 2.03126 
1.14078 0.107675 -0.00654473 2.02807 
1.14334 0.0907094 0.00113539 2.03231 
0.9868 0.514584 0.0607417 1.88909 
0.997756 0.498414 0.0716468 1.90721 
1.01841 0.352772 -0.227262 1.83256 
0.998688 0.496751 0.0689314 1.90832 
1.13552 0.189098 -0.0581072 2.03081 
1.13775 0.189128 -0.0713996 2.03118 
1.13309 0.20146 -0.0644272 2.02851 
1.13569 0.192708 -0.0638138 2.03015 
1.14264 0.248863 0.0110561 2.01265 
1.06578 0.416906 -0.0773555 1.95948 
0.938887 0.541665 0.246488 1.80572 
1.03192 0.442438 0.0607685 1.9624 
1.06788 0.383946 0.0111331 2.0052 
0.999973 0.495098 0.070267 1.91062 
0.819374 0.541753 0.201304 1.56873 
0.829868 0.500712 0.217857 1.5544 
0.866296 0.513575 0.212119 1.60656 
0.841423 0.506834 0.208331 1.57398 
1.10874 0.298496 -0.108684 1.99381 
0.988498 0.414246 -0.258545 1.79127 
0.989296 0.511355 0.0765707 1.89459 
0.538171 0.59644 0.114868 1.0394 
1.12878 0.232877 -0.0822449 2.02183 
1.10261 0.13131 0.270739 1.95593 
1.06842 0.175098 0.350187 1.90296 
1.08685 0.0849215 0.325373 1.92849 
1.09387 0.12934 0.314991 1.94572 
1.11294 0.286926 -0.103991 1.99954 
1.11046 0.289671 -0.110575 1.99418 
1.15206 0.164461 0.101419 1.97389 
0.906297 0.516594 -0.0413215 1.72127 
0.993592 0.502547 0.0839942 1.9003 
1.10259 0.315925 0.00521729 2.00845 
0.723887 0.524042 0.323209 1.42843 
0.998907 0.496443 0.0696053 1.90871 
1.0012 0.494907 0.0599752 1.91209 
1.09025 0.346057 0.0137704 2.00347 
0.662522 0.615925 0.207112 1.38227 
1.09027 0.346721 0.0174698 2.00481 
1.13033 0.252664 0.132986 2.00212 
0.883979 0.52873 0.348112 1.56311 
0.808534 0.557447 0.341554 1.48903 
0.832345 0.549807 0.353644 1.45916 
0.841989 0.553174 0.349702 1.49902 
0.559817 0.532923 0.291421 1.09309 
0.933781 0.452959 -0.0556156 1.65276 
0.87395 0.586432 -0.0339593 1.73015 
1.13525 0.185011 -0.0145312 2.02818 
1.13651 0.170026 0.0011764 2.02809 
1.13735 0.163368 -0.0212363 2.03091 
1.13708 0.172654 -0.0117268 2.0298 
1.10591 0.295375 -0.0743872 2.00251 
1.10822 0.288647 -0.0438846 2.01096 
1.03929 0.423098 0.0306047 1.97519 
1.14139 0.253327 0.00617776 2.00734 
0.524237 0.524835 0.265758 1.02155 
1.07952 0.356823 -0.0808883 1.97797 
1.11864 0.267205 -0.102183 2.00633 
0.958463 0.535024 -0.0567159 1.85828 
1.00185 0.492921 0.0686395 1.91366 
0.982286 0.322636 -0.100928 1.79781 
0.920642 0.565774 0.158779 1.78973 
0.802507 0.560358 0.252517 1.59386 
0.800704 0.550185 0.244098 1.5898 
1.00503 0.487779 0.0648018 1.91937 
1.16913 0.113427 0.0935903 1.98706 
1.17747 0.117115 0.0904858 1.98942 
1.17472 0.118724 0.0976351 1.98859 
1.17482 0.116261 0.0933894 1.98889 
0.687897 0.645791 0.16691 1.3999 
1.14964 0.119035 0.116061 1.98845 
1.1526 0.120593 0.116414 1.98898 
1.15069 0.120569 0.109666 1.98704 
1.14889 0.119809 0.114398 1.98739 
1.11518 0.296957 0.0322164 1.99931 
1.11629 0.296921 0.0404522 1.99643 
1.11593 0.291539 0.0376067 2.00273 
1.11658 0.294491 0.0369773 1.99952 
1.09298 0.3321 -0.131868 1.96749 
0.512333 0.587981 0.0756183 0.986411 
0.963359 0.463068 0.362732 1.60564 
0.898901 0.463409 0.412804 1.58136 
0.969854 0.416201 0.394777 1.65806 
0.940812 0.444122 0.387025 1.60703 
1.04189 0.307881 -0.245023 1.86258 
0.595893 0.595651 0.174597 1.17347 
0.927067 0.460651 -0.0589683 1.63121 
0.944311 0.525465 -0.0734241 1.83714 
1.18184 0.18768 0.098045 1.97856 
1.01983 0.463426 0.0155528 1.94619 
1.17754 0.121332 0.0907865 1.99025 
1.17467 0.129849 0.0964825 1.98768 
1.17573 0.121874 0.0982723 1.98917 
1.17667 0.124145 0.0957139 1.98974 
0.567642 0.590506 0.198397 1.07204 
0.634562 0.605995 0.233205 1.16397 
0.613614 0.609612 0.201692 1.13675 
0.609826 0.60369 0.212699 1.12236 
1.17509 0.123507 0.0919096 1.98025 
1.10241 0.309774 -0.120822 1.98197 
0.998714 0.497555 0.0678413 1.90798 
1.00099 0.494062 0.0688534 1.91259 
0.822564 0.145353 0.594431 1.50531 
0.94739 -0.0155072 0.54693 1.69872 
0.965711 0.12328 0.537408 1.75048 
0.928458 0.089029 0.588524 1.69152 
0.996568 0.495012 0.0902677 1.90443 
1.1575 0.165246 0.150126 2.00495 
1.05475 0.399801 0.0309942 1.9985 
0.999437 0.495712 0.0688096 1.90952 
0.925832 0.532822 -0.077142 1.79801 
1.15589 0.115425 0.100194 1.98611 
1.15194 0.118098 0.111135 1.98783 
1.1507 0.117699 0.105477 1.98654 
1.15159 0.117059 0.10512 1.98626 
1.06239 0.380021 0.0579956 2.00663 
1.12679 0.237757 -0.0912271 2.01721 
0.727942 0.574042 0.245979 1.45168 
1.04442 0.198868 0.434216 1.83757 
1.01886 0.274343 0.435809 1.79153 
0.996084 0.243632 0.484998 1.77063 
1.0185 0.24083 0.453701 1.79415 
1.13768 0.0708978 0.169534 1.99419 
1.13536 0.0314577 0.184646 1.99596 
1.14109 0.0559331 0.151576 2.00033 
1.13804 0.0554444 0.165718 1.99863 
0.855986 0.604237 -0.0257505 1.68672 
1.07976 0.345543 0.0608777 2.00924 
0.728963 0.656194 0.0549445 1.47346 
0.712917 0.52839 0.380561 1.32528 
0.819451 0.506667 0.420966 1.48818 
0.777586 0.545985 0.375918 1.39928 
0.762349 0.534069 0.394679 1.40166 
1.08862 0.331781 0.0666837 2.01101 
0.844245 0.579508 -0.0131519 1.49987 
0.818157 0.280705 0.544261 1.48272 
0.928459 0.117756 0.56421 1.63255 
0.943265 0.248158 0.533323 1.70538 
0.913121 0.224587 0.562252 1.64216 
1.16321 0.170332 0.123797 1.97162 
1.16242 0.19042 0.137753 1.96386 
1.16252 0.169245 0.144566 1.97038 
1.16358 0.176452 0.135878 1.97035 
1.03077 0.442282 0.068765 1.95937 
1.16921 0.139974 0.103045 1.98298 
1.1649 0.15348 0.112396 1.97749 
1.16776 0.139366 0.116097 1.98219 
1.16718 0.144136 0.111121 1.98144 
1.08639 0.336041 0.149438 1.98595 
0.92861 0.504201 -0.0455368 1.70697 
1.11586 0.304715 0.0201283 1.99472 
1.12445 0.249027 -0.0891792 2.01638 
1.00533 0.486451 0.0818094 1.91836 
1.03787 0.42026 0.0657781 1.96933 
1.1402 0.184239 0.108972 1.98862 
1.17656 0.110926 0.0871447 1.97826 
0.777185 0.585077 0.197114 1.55608 
0.822576 0.592586 0.190561 1.58162 
0.774906 0.585499 0.194892 1.53105 
0.7839 0.593598 0.195951 1.5735 
0.825554 0.650876 0.0399129 1.63587 
1.12167 0.254509 0.0310172 2.02439 
1.11854 0.266751 0.0339069 2.0198 
1.12191 0.252941 0.0453189 2.0207 
1.1197 0.258202 0.0364255 2.01984 
0.732021 0.602165 0.0640112 1.31342 
1.11201 0.281282 0.0378482 2.01643 
1.02412 0.457606 0.0343794 1.94572 
1.11375 0.279244 -0.0895547 2.00623 
0.888996 0.598114 0.133253 1.73959 
1.15756 0.119545 0.11038 1.98735 
1.16244 0.115265 0.0993102 1.9867 
1.17059 0.119649 0.10286 1.98818 
1.16401 0.118201 0.103848 1.9879 
0.818204 0.638051 0.0184506 1.6481 
1.00014 0.494379 0.0654638 1.91049 
1.13861 0.211629 0.109573 2.00363 
1.06578 0.389565 -0.013984 1.99905 
0.911411 0.459546 -0.133174 1.64748 
1.04274 0.428911 0.00897668 1.97906 
0.998699 0.496736 0.0700646 1.90849 
1.04909 0.309137 -0.18022 1.87574 
1.10489 0.280921 0.0562403 2.01621 
1.0855 0.354411 0.005777 2.00561 
1.00154 0.492958 0.0703822 1.9133 
0.992862 0.507792 0.0500066 1.89529 
1.18534 0.145792 0.109515 1.98205 
0.611516 0.62726 0.137435 1.26055 
1.12005 0.304741 0.0175857 1.99679 
1.12039 0.262742 -0.0952488 2.01095 
1.09268 0.333883 -0.0968826 1.98255 
0.999075 0.496092 0.0712722 1.90907 
1.05779 0.270259 -0.18043 1.88686 
0.998439 0.49816 0.066389 1.90891 
0.999433 0.495653 0.0723421 1.90981 
0.860573 0.574418 -0.195424 1.58779 
0.589699 0.63061 0.0665619 1.13781 
0.462915 0.545708 0.0830176 0.913775 
0.57956 0.614274 0.129084 1.12047 
0.550211 0.605265 0.0908901 1.0692 
0.99955 0.495592 0.0700543 1.90999 
1.12111 0.252875 -0.0151303 2.02517 
1.12338 0.248907 -0.0160925 2.02667 
0.999643 0.494778 0.0662459 1.91 
1.12114 0.300002 0.0172157 1.99923 
1.11381 0.290546 0.031101 2.00787 
1.11245 0.29273 0.0245935 2.0098 
1.11223 0.296251 0.0253595 2.00634 
1.1123 0.292503 0.0271854 2.00665 
1.03437 0.330479 -0.215087 1.852 
1.02309 0.449012 0.10917 1.94899 
1.04738 0.402929 0.0993517 1.98458 
1.08079 0.364689 -0.000580535 2.00581 
1.00024 0.494985 0.0696589 1.91126 
1.09404 0.31425 0.0668994 1.77089 
1.00443 0.373249 0.0717621 1.72884 
1.03801 0.344077 0.132698 1.72199 
1.03457 0.343695 0.0986593 1.74274 
0.876488 0.547309 -0.234194 1.60849 
0.751522 0.586992 -0.0444893 1.3896 
0.773862 0.577273 -0.0174639 1.42551 
0.798544 0.635824 -0.0402986 1.48399 
0.774256 0.591117 -0.0338222 1.43367 
1.00001 0.494868 0.067205 1.91043 
1.11619 0.307096 0.0189994 1.99562 
0.920556 0.560771 -0.0572407 1.80507 
1.16177 0.197369 0.152092 1.9619 
1.1547 0.192692 0.178022 1.957 
1.15963 0.174089 0.157859 1.96655 
1.16007 0.187951 0.161984 1.96284 
1.10951 0.045228 0.30796 1.94665 
1.12076 0.0871927 0.263635 1.9644 
1.11119 0.0978507 0.305883 1.94764 
1.11648 0.0750222 0.291245 1.96066 
1.01923 0.463744 0.0741304 1.94385 
1.0249 0.462288 0.0115438 1.9289 
1.06189 0.37329 -0.0962622 1.90668 
1.1312 0.269267 0.0215543 2.01631 
1.06745 0.399251 -0.0894808 1.95689 
1.16092 0.140373 0.106854 1.98502 
1.16181 0.146385 0.10315 1.98907 
1.16339 0.149772 0.105328 1.98668 
1.16335 0.146593 0.106652 1.98907 
0.99976 0.495121 0.0685284 1.90994 
1.15604 0.129369 0.103192 1.98429 
1.15384 0.120527 0.0971944 1.98356 
1.15232 0.121903 0.103681 1.98493 
1.1535 0.124403 0.101251 1.98332 
1.11737 0.2679 -0.015505 2.02165 
0.999388 0.495335 0.06725 1.9099 
1.17208 0.125134 0.0915216 1.98008 
1.16911 0.131139 0.0966718 1.98223 
1.10043 0.244456 0.299345 1.89848 
1.11541 0.201135 0.281342 1.92585 
1.11841 0.236191 0.257509 1.91627 
1.11068 0.227598 0.278831 1.91084 
0.833006 0.59525 0.0276821 1.48696 
1.18831 0.133986 0.103464 1.98215 
1.14833 0.236099 0.0252399 2.02161 
0.940733 0.387375 -0.0589051 1.65291 
0.934975 0.376504 -0.0642196 1.6526 
0.922822 0.487079 -0.0514117 1.62848 
1.01126 0.476252 0.0706475 1.92966 
1.15278 0.16555 0.105439 1.98476 
1.11337 0.279483 0.00333027 2.01764 
1.11676 0.272606 -0.00336782 2.02251 
1.09566 0.328234 -0.125369 1.97274 
0.680314 0.566238 0.238915 1.33074 
1.11194 0.31662 0.0187598 1.99695 
1.04536 0.412144 0.0430132 1.98444 
0.999391 0.496203 0.0680712 1.90943 
0.755386 0.564158 0.192751 1.47538 
0.920419 0.49102 -0.273711 1.67709 
1.00579 0.484351 0.0791137 1.92081 
1.02761 0.338065 -0.255499 1.8432 
1.15288 0.096275 0.122937 1.99869 
1.15758 0.0974721 0.11332 2.0048 
1.15602 0.106716 0.114954 1.99903 
1.15435 0.0999517 0.117644 2.00014 
1.08933 0.354514 0.0950238 1.94756 
1.0682 0.413356 0.0572589 1.9193 
1.05145 0.432497 0.169128 1.8944 
1.07231 0.407702 0.0798772 1.92406 
0.693637 0.579112 0.221475 1.35367 
1.16201 0.15809 0.10646 1.98249 
0.999658 0.495387 0.0695405 1.90999 
1.15346 0.19395 0.106244 2.01804 
1.15072 0.191384 0.112996 2.00776 
1.16276 0.17252 0.110377 2.01478 
1.15517 0.18718 0.111638 2.01568 
1.16523 0.142781 0.125569 1.97953 
1.16437 0.158812 0.122122 1.97663 
1.16221 0.157099 0.140811 1.97381 
1.16435 0.1526 0.128895 1.97709 
1.09089 0.337099 -0.132036 1.9641 
0.902737 0.52319 -0.203856 1.63773 
1.18305 0.118686 0.0909647 1.97756 
1.09438 0.33575 0.0184845 2.0028 
0.973235 0.427864 -0.275048 1.76353 
1.11134 0.161186 0.302316 1.9327 
1.09209 0.147646 0.367829 1.91122 
1.10728 0.115837 0.325192 1.93541 
1.10338 0.14109 0.331728 1.9264 
1.16903 0.153661 0.0982813 2.02517 
1.16 0.187319 0.100843 2.02153 
1.16504 0.164326 0.107173 2.01905 
1.16618 0.170223 0.102199 2.02317 
1.00088 0.494168 0.0697398 1.91222 
1.17367 0.124807 0.103507 1.98741 
1.17228 0.133138 0.102169 1.98612 
1.16953 0.132295 0.113163 1.98411 
1.1724 0.129634 0.105649 1.98629 
0.998892 0.496587 0.0692012 1.90872 
0.999529 0.495556 0.0691568 1.91001 
0.573555 0.618267 0.0506843 1.0826 
0.938769 0.572605 0.0164234 1.8203 
0.936268 0.492417 0.10537 1.66967 
0.921843 0.517449 0.121323 1.61306 
0.939142 0.488565 0.130502 1.64054 
0.929932 0.499783 0.118768 1.63959 
0.890435 0.577454 0.205933 1.75095 
0.533444 0.604219 0.0836918 1.1021 
1.00191 0.492686 0.0697153 1.91388 
1.18794 0.116442 0.0980739 1.98172 
0.870724 0.624205 0.0471106 1.71626 
0.997484 0.501137 0.0551546 1.90366 
1.13589 0.137728 0.0959577 2.01973 
1.14005 0.118002 0.0642091 2.02503 
1.13689 0.155547 0.0681753 2.02414 
1.13856 0.13738 0.0768758 2.02407 
1.11646 0.30569 0.019849 1.99675 
0.827673 0.6345 0.00534768 1.66707 
1.07655 0.367535 0.0317068 2.00982 
1.00723 0.472991 0.0984351 1.91834 
1.08999 0.343093 -0.0588017 1.99563 
1.01021 0.367499 -0.265556 1.82334 
1.11101 0.304168 0.0223927 2.00578 
1.11973 0.304533 0.0182452 1.99677 
1.13232 0.123283 0.138564 2.01083 
1.12393 0.119773 0.196814 1.99223 
1.13027 0.0730819 0.157849 2.00669 
1.13315 0.104379 0.164677 2.01349 
0.985063 0.391171 0.0923933 1.72066 
0.980449 0.397365 0.128381 1.70619 
1.01514 0.356594 0.132082 1.71419 
0.990205 0.376771 0.114907 1.71166 
1.07566 0.36701 -0.0436041 1.99403 
1.19039 0.135345 0.111169 1.98136 
1.15599 0.12188 0.0964017 1.98238 
1.15756 0.132206 0.102006 1.98265 
1.16011 0.131362 0.100537 1.98201 
1.157 0.129375 0.100562 1.98286 
1.14935 0.166941 0.100804 1.98714 
1.00148 0.492877 0.0728989 1.91332 
0.888282 0.469264 0.376761 1.78407 
0.741218 0.581075 -0.0914664 1.38024 
0.735985 0.582917 -0.0663449 1.36504 
0.781837 0.640153 -0.090696 1.45049 
0.751735 0.592966 -0.0841355 1.39602 
0.836377 0.596282 0.171771 1.50193 
0.803519 0.608647 0.188932 1.47023 
0.819846 0.58989 0.185088 1.49539 
0.821578 0.599919 0.182169 1.49441 
0.8701 0.565154 -0.0304421 1.53141 
0.997753 0.498552 0.0683007 1.90721 
0.963469 0.5459 -0.00603889 1.86487 
1.05489 0.389903 0.0905289 1.99515 
1.00052 0.49465 0.0698887 1.91162 
1.08691 0.335508 0.083621 2.00733 
0.910024 0.510194 -0.216504 1.64999 
1.10022 0.318304 -0.118938 1.98037 
0.96368 0.381936 -0.177294 1.72479 
0.830012 0.617383 0.224877 1.61643 
1.07695 0.351569 0.046028 2.0079 
1.00181 0.492351 0.0791897 1.91272 
0.797223 0.560491 -0.162085 1.4767 
0.83028 0.596434 -0.182263 1.53911 
0.831177 0.58809 -0.00232892 1.49291 
0.888591 0.606875 0.0867514 1.73693 
0.904336 0.509468 -0.0489903 1.60833 
0.922241 0.496169 -0.0421355 1.70752 
0.925226 0.502447 -0.0472557 1.70572 
0.992436 0.507003 0.0602048 1.89908 
1.00967 0.481741 0.0644959 1.92469 
0.516363 0.542084 0.219292 1.00927 
0.692955 0.598406 0.287725 1.30826 
0.622578 0.610603 0.19838 1.19508 
0.615151 0.591063 0.226511 1.18 
1.12478 0.272514 0.0301402 2.01688 
1.12592 0.28295 0.021766 2.01409 
0.588875 0.62958 0.0999658 1.22373 
1.15902 0.158222 0.103218 1.98832 
1.16014 0.155449 0.101585 1.98901 
0.998851 0.49663 0.0680306 1.90864 
0.898596 0.529407 -0.237607 1.64566 
0.876596 0.553868 -0.030927 1.56568 
0.995654 0.501268 0.0739228 1.90411 
1.00296 0.4852 0.0970031 1.91744 
1.13954 0.0916257 0.0744518 2.0255 
1.13748 0.117203 0.112741 2.021 
1.13768 0.0659659 0.122682 2.02232 
1.13708 0.0918386 0.102029 2.01942 
1.09953 0.310311 0.0473852 2.01668 
0.989182 0.51452 0.0717123 1.89491 
0.948323 0.421257 -0.156347 1.7064 
0.99911 0.496071 0.0695848 1.90899 
0.89912 0.612744 -0.0241295 1.76225 
0.999193 0.49612 0.0706847 1.90944 
1.14808 0.165492 0.0955594 1.97389 
1.09444 0.291264 0.341469 1.95026 
0.964905 0.425583 -0.232744 1.73474 
1.02003 0.468447 0.0239718 1.94492 
1.13473 0.228085 0.123751 1.9987 
1.04064 0.445114 -0.0231001 1.97217 
1.06872 0.385873 -0.108178 1.93197 
1.12888 0.0470192 0.190456 2.00861 
1.11967 0.105133 0.235114 1.99026 
1.11165 0.0488602 0.281649 1.97742 
1.11704 0.0653605 0.234879 1.9793 
1.06773 0.382341 0.0269095 2.0067 
1.04886 0.297577 -0.229942 1.87499 
0.829767 0.615562 0.265615 1.64955 
0.897471 0.516208 -0.0490233 1.58187 
1.12875 0.215948 0.072622 2.0223 
1.12929 0.215335 0.0519898 2.02548 
1.12545 0.234829 0.0594468 2.02141 
1.12709 0.221388 0.0611471 2.02061 
0.898561 0.540879 0.182896 1.71882 
0.936188 0.473754 0.154975 1.70741 
0.926594 0.499959 0.152248 1.6828 
0.920497 0.506177 0.162354 1.70965 
1.06601 0.370438 0.0874608 2.0033 
0.930381 0.48203 -0.204631 1.67611 
1.02827 0.450855 0.0550524 1.95803 
0.741075 0.570791 0.196366 1.4719 
0.701236 0.561628 0.204197 1.45866 
1.06647 0.36761 0.0504769 2.01001 
1.08334 0.117856 0.377581 1.90282 
1.10363 0.0504158 0.341821 1.94019 
1.10439 0.101154 0.319949 1.93701 
1.09688 0.0843604 0.347422 1.92681 
1.18921 0.124305 0.100645 1.98188 
0.894625 0.535981 -0.0408523 1.59 
1.17559 0.126127 0.0931727 1.97906 
0.993225 0.49152 0.048187 1.90159 
1.03022 0.432263 0.0834264 1.95626 
1.0099 0.480369 0.05598 1.92767 
1.13195 0.258794 0.034804 2.02248 
0.941346 0.370122 -0.0496217 1.66748 
0.938081 0.361847 -0.0598613 1.66042 
0.94358 0.384906 -0.0558073 1.6609 
0.938863 0.366855 -0.0547077 1.65628 
1.00142 0.494381 0.063881 1.91323 
1.13623 0.23047 0.0496488 2.02494 
1.03429 0.436581 0.0144015 1.96021 
1.00072 0.494591 0.0662859 1.91153 
1.00143 0.493344 0.0703018 1.91326 
0.995402 0.502828 0.0641519 1.90311 
1.15179 0.20541 0.0592103 2.03215 
1.15666 0.206073 0.0431932 2.03024 
0.905944 0.513026 -0.175894 1.62539 
0.583686 0.61762 0.0591252 1.18976 
1.09285 0.342965 -0.00402301 2.00961 
0.963676 0.0983427 0.540168 1.73446 
1.0324 0.150386 0.456599 1.8228 
0.976539 0.215625 0.510317 1.75122 
0.997611 0.16124 0.50507 1.78694 
1.10154 0.30705 -0.0884574 1.99644 
0.998991 0.496346 0.070387 1.90899 
0.999085 0.496422 0.0689428 1.90907 
0.844782 0.602242 0.250465 1.65349 
0.881688 0.555135 -0.21532 1.62116 
1.04045 0.422105 0.0518471 1.97267 
0.699172 0.659185 0.053118 1.3191 
0.784717 0.638873 0.117426 1.4616 
0.789281 0.645654 0.0293658 1.46769 
0.756242 0.650636 0.0571975 1.4153 
1.10624 0.293183 -0.0557384 2.00916 
1.10129 0.306284 -0.0747629 1.99958 
0.840377 0.6186 -0.146338 1.55403 
0.873532 0.565268 -0.149024 1.58948 
0.85049 0.615269 -0.162991 1.56986 
1.01633 0.466093 0.0907118 1.93675 
1.13728 0.223883 0.121041 2.00299 
1.00002 0.493821 0.0616539 1.90913 
0.998235 0.497279 0.0712627 1.90756 
1.15395 0.114716 0.0942948 1.98364 
1.15593 0.113436 0.0959824 1.98523 
1.15152 0.118274 0.102283 1.98478 
1.15271 0.115419 0.0977807 1.9846 
0.789526 0.612342 0.199139 1.45481 
0.748583 0.584037 0.204549 1.42537 
0.79166 0.592434 0.194077 1.47898 
0.779583 0.59736 0.197786 1.44865 
0.725027 0.568184 0.236038 1.34866 
0.723967 0.569992 0.22748 1.34245 
0.797675 0.563134 0.25295 1.58936 
0.804491 0.624453 0.024003 1.58198 
0.917214 0.498041 -0.255651 1.67175 
0.847448 0.497082 0.224664 1.57023 
0.850636 0.479056 0.231102 1.56631 
0.865367 0.488576 0.22053 1.59808 
0.856782 0.485382 0.224674 1.57605 
1.12489 0.240374 0.0241404 2.02727 
1.12866 0.22002 0.0326657 2.02756 
1.12783 0.225212 0.0152549 2.02872 
1.12618 0.228483 0.0237877 2.02577 
1.13596 0.181907 -0.0413872 2.03202 
1.13557 0.186655 -0.0244411 2.02983 
1.13754 0.167625 -0.0320402 2.03249 
1.13592 0.178685 -0.0325604 2.03095 
1.15431 0.125588 0.113211 1.98726 
1.15587 0.131333 0.107483 1.98497 
1.15166 0.123402 0.108685 1.98572 
1.15436 0.127172 0.110199 1.9867 
1.15685 0.0187049 0.119087 2.01646 
1.14506 -0.00533103 0.167224 2.0065 
1.15253 -0.031639 0.131594 2.01875 
1.15412 -0.011029 0.134425 2.01867 
0.989858 0.401656 -0.023554 1.86949 
1.0007 0.494497 0.0695865 1.91201 
1.08584 0.343788 -0.0931287 1.97925 
1.075 0.364513 0.0380803 2.01117 
1.15425 0.114055 0.116726 1.99165 
1.1534 0.101609 0.123497 1.99582 
1.15579 0.1093 0.116067 1.99619 
1.15467 0.108021 0.118715 1.99453 
1.12655 0.221456 0.0822554 2.01622 
1.12451 0.239358 0.0674847 2.01564 
1.1239 0.23883 0.0886654 2.01105 
1.12527 0.234391 0.0794801 2.01636 
0.989802 0.509628 0.0585143 1.89369 
0.794515 0.578335 0.331803 1.46243 
0.763315 0.589575 0.312632 1.36589 
0.792512 0.566114 0.338088 1.38826 
0.784652 0.579372 0.326599 1.40658 
1.06733 0.379478 0.0333471 2.00743 
0.861137 0.627695 0.0766328 1.69928 
1.09797 0.313847 -0.067398 1.99975 
0.73389 0.655013 0.152139 1.47534 
1.16528 0.151373 0.102547 1.98375 
1.15027 0.183309 0.189438 1.95846 
1.14924 0.162814 0.195055 1.96515 
1.15633 0.166737 0.168284 1.96696 
1.15123 0.1703 0.184301 1.96309 
0.990985 0.509203 0.0642568 1.89951 
1.02749 0.445101 0.0841944 1.95465 
0.849182 0.63154 -0.000175991 1.69977 
0.944713 0.466161 -0.266765 1.71661 
0.998973 0.496353 0.0722783 1.90892 
1.01508 0.468127 0.0830772 1.93602 
1.16005 0.158571 0.107329 1.98645 
1.13215 0.261467 0.154081 1.99631 
0.859772 0.490979 0.401694 1.52667 
0.931838 0.493834 0.363963 1.54643 
0.835173 0.529293 0.367112 1.44008 
0.881772 0.503376 0.384022 1.51757 
1.09476 0.324307 -0.0836494 1.9919 
1.18142 0.134464 0.100826 1.98211 
1.00114 0.49466 0.0667538 1.91275 
1.14308 0.116483 0.161681 1.9842 
1.13987 0.0989624 0.164549 1.9884 
1.14337 0.109584 0.146717 1.98875 
1.14207 0.108167 0.157449 1.99006 
0.816195 0.59843 0.275803 1.63111 
0.995369 0.502184 0.0614325 1.9041 
1.01871 0.334297 0.401416 1.77931 
1.06059 0.360147 0.34321 1.80185 
1.00397 0.389156 0.394807 1.74855 
1.02479 0.364332 0.382328 1.77692 
0.915985 0.531876 0.137042 1.58929 
0.908577 0.547388 0.167957 1.59276 
0.931754 0.506136 0.145258 1.63121 
0.921306 0.523618 0.149821 1.60183 
1.07377 0.359041 0.115691 1.99346 
0.891647 0.623189 -0.0153231 1.74629 
1.02943 0.453626 0.00713129 1.95914 
0.966949 0.443574 -0.266165 1.75329 
1.07419 0.356237 0.124621 1.98122 
1.08345 0.340252 0.0770247 2.0087 
1.12302 0.250791 0.0651771 2.01502 
1.11945 0.267105 0.0743706 2.00409 
1.12225 0.249265 0.0856514 2.00744 
1.12182 0.256254 0.0760182 2.00914 
1.09749 0.33289 0.0140788 2.00414 
1.16392 0.134127 0.106995 2.0017 
1.16414 0.11413 0.107111 2.00729 
1.16657 0.142169 0.104925 2.00819 
1.16573 0.131672 0.105292 2.00668 
1.08365 0.359144 0.0108125 2.00609 
0.883702 0.527659 0.235677 1.71823 
0.877095 0.557314 0.207042 1.71602 
0.866225 0.550551 0.228188 1.68522 
0.874796 0.547998 0.219927 1.71013 
0.997876 0.498849 0.0661708 1.90752 
0.662199 0.661568 0.0737955 1.35349 
1.17218 0.145808 0.104172 1.9837 
1.10477 0.27362 0.0874464 2.01137 
0.996624 0.495613 0.101086 1.90569 
1.0466 0.4044 0.114055 1.98247 
0.999077 0.49622 0.0667413 1.90933 
1.13191 0.208099 -0.0134956 2.02753 
1.12662 0.230242 -0.0154288 2.02502 
1.12819 0.220088 -0.00211047 2.02671 
1.12982 0.219261 -0.0103484 2.02882 
0.659125 0.584242 -0.0343558 1.2401 
0.628416 0.655071 -0.000557714 1.20483 
0.803898 0.646497 -0.0370558 1.49263 
0.72829 0.64811 -0.0207917 1.36399 
0.865027 0.624738 -0.0174213 1.71827 
0.987063 0.513827 0.0658472 1.88936 
0.774026 0.570685 0.270491 1.5801 
1.05259 0.391436 0.119146 1.98142 
0.996365 0.500391 0.065857 1.90423 
0.96947 0.430045 -0.249363 1.74839 
0.545178 0.599409 0.112642 1.09734 
1.00241 0.489886 0.0773091 1.91501 
1.0041 0.488943 0.0816569 1.91745 
1.12272 0.255623 0.0553275 2.02382 
1.1674 0.117248 0.0877889 1.98008 
1.15852 0.116876 0.089584 1.98152 
1.16295 0.126016 0.0947033 1.98122 
1.16262 0.119693 0.0904718 1.9809 
0.997135 0.499883 0.0678512 1.90792 
1.09146 0.347024 0.0313586 2.00752 
1.08273 0.359136 -0.131009 1.95973 
0.808384 0.591295 -0.00429508 1.56057 
1.00037 0.494872 0.0698468 1.91143 
1.09503 0.325895 -0.0926193 1.98681 
0.99448 0.502137 0.0761656 1.9017 
1.0061 0.485501 0.0855828 1.92156 
1.12147 0.250181 0.00154959 2.02447 
1.12265 0.247445 0.0165728 2.02521 
1.12505 0.234441 0.0080233 2.02623 
1.12379 0.244518 0.00938086 2.02741 
1.05761 0.390732 0.0545295 2.00114 
1.10852 0.306913 0.0121016 2.00811 
0.856581 0.573358 -0.019957 1.52667 
1.07917 0.352245 0.0941012 2.0032 
1.13904 0.126037 0.0465694 2.02527 
1.13815 0.157797 0.0299535 2.02674 
1.13721 0.15959 0.0549741 2.02495 
1.13946 0.148814 0.0443602 2.02795 
0.986424 0.515858 0.132066 1.89369 
1.11043 0.300996 0.0149165 2.01021 
0.961242 0.443567 0.132146 1.69781 
0.946028 0.4763 0.108596 1.69214 
0.942983 0.474521 0.133653 1.66738 
0.950054 0.4602 0.124029 1.68182 
1.13129 0.19024 0.0866395 2.02177 
1.13386 0.15852 0.100531 2.0214 
1.13444 0.170689 0.0731269 2.02446 
1.13232 0.17311 0.0860116 2.01989 
1.10863 0.309794 0.024669 2.00805 
0.999454 0.495769 0.0676333 1.90981 
1.06948 0.381478 0.00138777 2.00286 
1.15652 0.15884 0.101987 1.98651 
1.11642 0.299565 0.0380737 1.99451 
1.11544 0.297934 0.0312057 1.99671 
1.11584 0.300552 0.0319634 1.9937 
1.11577 0.298857 0.0333329 1.99439 
0.99939 0.495415 0.0667304 1.90991 
1.00111 0.493197 0.0718203 1.91238 
1.02579 0.344368 -0.204984 1.84108 
1.10751 0.303091 -0.102172 1.99467 
0.951759 0.557375 -0.0421031 1.85824 
0.809361 0.634078 -0.124843 1.50196 
0.761079 0.592908 -0.109267 1.41706 
0.79099 0.63911 -0.0991784 1.46673 
0.793279 0.635703 -0.114333 1.47394 
0.935158 0.579401 -0.0320208 1.83053 
1.11012 0.295141 -0.0981069 1.99852 
1.04359 0.315229 -0.186633 1.86832 
1.14762 0.16318 0.104149 1.98227 
1.01136 0.475441 0.0645359 1.93009 
1.09098 0.338972 -0.129297 1.96609 
0.898104 0.465074 -0.0227512 1.65697 
0.892827 0.498131 -0.0509833 1.68379 
0.887071 0.476417 -0.0421642 1.65802 
0.998578 0.497621 0.0672017 1.90827 
1.14398 0.0185455 0.16911 2.00823 
1.15638 0.0326027 0.128266 2.01686 
1.14655 0.0506803 0.145942 2.00806 
1.14658 0.0353465 0.148242 2.0069 
1.18104 0.132149 0.0964442 1.98061 
1.1656 0.109831 0.105016 2.01247 
1.16957 0.128174 0.098626 2.02286 
1.16849 0.142981 0.105185 2.01685 
1.16763 0.127162 0.103828 2.01646 
0.997048 0.5 0.0625618 1.90782 
0.851432 0.532516 0.337278 1.56784 
0.948897 0.453421 0.352084 1.7278 
0.924182 0.521735 0.305412 1.69189 
0.902535 0.502501 0.331655 1.65125 
1.16033 0.106621 0.109362 2.00284 
1.16117 0.123555 0.106984 1.99856 
1.15696 0.11141 0.112381 1.99781 
1.15955 0.113295 0.108993 1.99972 
1.03472 0.327853 -0.241105 1.85137 
0.983275 0.517171 0.0904959 1.88428 
1.00171 0.493622 0.0575706 1.91255 
1.0006 0.493372 0.0755002 1.91183 
0.834727 0.578033 -0.0126453 1.55985 
1.08871 0.34508 -0.128133 1.96189 
0.806194 0.621074 -0.00331889 1.60844 
1.12514 0.237502 -0.012932 2.02696 
1.12247 0.247388 -0.0070921 2.02613 
1.12636 0.231985 -0.000939064 2.02835 
1.12393 0.238227 -0.00814203 2.02537 
0.964697 0.532366 0.126995 1.84324 
0.832992 0.506185 0.241498 1.57628 
0.826086 0.52562 0.232345 1.57387 
0.80948 0.553739 0.249795 1.58423 
0.824718 0.532487 0.240804 1.58006 
0.8217 0.610756 0.0321745 1.50991 
0.826071 0.612378 0.114389 1.52358 
0.868198 0.530729 0.0601545 1.56447 
0.844384 0.589546 0.0772885 1.54566 
1.12733 0.231285 -0.0261922 2.0258 
1.1322 0.208157 -0.0227241 2.02806 
1.13144 0.22045 -0.0338269 2.03006 
1.1299 0.220217 -0.0267458 2.0267 
0.938004 0.574349 0.00148362 1.82123 
0.714961 0.560792 0.216055 1.38218 
0.714913 0.571892 0.225655 1.32721 
0.699639 0.552713 0.238979 1.33284 
0.707138 0.556071 0.230104 1.33972 
1.17726 0.142784 0.102525 1.98226 
0.996718 0.498836 0.0760832 1.90559 
0.901058 0.417882 0.365216 1.75109 
1.01158 0.472775 0.0947428 1.92783 
1.11011 0.302274 0.0211342 2.00657 
1.11074 0.299748 0.0192425 2.00896 
1.06282 0.39114 -0.00312903 2.00065 
1.12483 0.243463 -0.0741586 2.02049 
1.11248 0.313891 0.0218589 2.0014 
1.10488 0.303998 -0.0363462 2.00994 
1.1214 0.253772 -0.0800087 2.0149 
1.00826 0.48021 0.0865172 1.92388 
1.10764 0.309164 0.01628 2.00558 
1.1124 0.29965 0.0295218 2.00159 
1.11384 0.293201 0.0329558 2.00486 
1.11129 0.296505 0.0257561 2.00323 
1.11283 0.297042 0.0287509 2.0039 
1.016 0.469616 0.0696341 1.93897 
0.870669 0.58137 0.18167 1.55243 
0.861788 0.589781 0.169473 1.52576 
0.826642 0.587138 0.18548 1.51889 
0.856112 0.58639 0.177623 1.5278 
0.999654 0.494934 0.0674697 1.91029 
1.081 0.363445 -0.0713794 1.98369 
1.00039 0.49494 0.0696506 1.91135 
1.13387 0.196734 -0.0274101 2.02854 
1.13427 0.190075 -0.042714 2.03022 
1.13192 0.210947 -0.0369006 2.02864 
1.13382 0.198161 -0.0361928 2.02951 
0.74693 0.598267 0.267711 1.39719 
0.772218 0.626366 0.196854 1.44189 
0.665858 0.6212 0.192152 1.265 
0.725457 0.615682 0.219815 1.36184 
1.07713 0.36745 -0.0864858 1.97354 
1.16561 0.140963 0.102479 1.98205 
1.16616 0.146477 0.102739 1.98481 
1.14678 0.165456 0.109272 1.98432 
1.12902 0.239786 0.119168 2.00927 
1.01033 0.478589 0.0819205 1.92995 
0.816729 0.620677 -0.00689335 1.64915 
1.00157 0.488315 0.0877312 1.91342 
1.11829 0.265354 0.047285 2.02173 
1.0684 0.383027 -0.0769496 1.96474 
1.11844 0.271024 0.06437 2.00428 
1.12168 0.25632 0.0567929 2.01385 
1.11903 0.269736 0.0505396 2.01019 
1.12002 0.264674 0.057605 2.01013 
0.829965 0.604882 0.223516 1.53782 
0.81104 0.568841 0.292683 1.5016 
0.896068 0.552609 0.282382 1.64647 
0.852105 0.581523 0.265981 1.5739 
0.523121 0.592113 0.0876509 1.06558 
1.00014 0.494945 0.069943 1.91109 
0.999533 0.495596 0.0693649 1.90977 
1.09764 0.337145 0.0262911 2.0063 
1.04198 0.317532 -0.202526 1.86431 
0.9946 0.503877 0.0592668 1.90371 
0.968594 0.513748 0.159824 1.87362 
1.12473 0.212725 0.127695 2.00829 
1.12726 0.211056 0.0978454 2.01648 
1.12435 0.230379 0.104075 2.00951 
1.12438 0.217633 0.108931 2.00795 
1.11326 0.27586 -0.0238784 2.01689 
1.1124 0.26583 0.0695102 2.02295 
1.02118 0.355125 -0.252093 1.83845 
0.658829 0.612627 0.0241091 1.25734 
0.970977 0.290236 0.49407 1.73016 
0.993548 0.309143 0.445103 1.75035 
0.950457 0.34621 0.474927 1.68821 
0.974096 0.314505 0.474988 1.72694 
1.14222 0.0915341 0.155842 1.99304 
1.14826 0.0955498 0.136294 1.99469 
1.1452 0.105364 0.141823 1.99208 
1.1448 0.0982235 0.14349 1.99206 
0.984725 0.418885 -0.239546 1.77598 
1.15643 0.163168 0.104584 1.98516 
0.89825 0.597953 0.114948 1.75205 
1.04874 0.409752 0.0313731 1.99002 
0.724984 0.662296 0.0938763 1.4579 
0.995952 0.500749 0.0776661 1.90516 
0.913275 0.591206 0.0680054 1.77648 
0.864903 0.5793 0.155092 1.58467 
0.917907 0.472348 0.129104 1.64288 
0.889418 0.503055 0.0815539 1.59563 
0.890976 0.514705 0.115074 1.60459 
1.14757 0.0878871 0.137007 1.99683 
1.14119 0.0809134 0.157718 1.99406 
1.14434 0.0688599 0.142551 2.00047 
1.14417 0.0783537 0.146357 1.99723 
0.943868 0.564782 -0.0149007 1.83626 
0.909573 0.506526 -0.0487253 1.67944 
0.899843 0.524542 -0.0486294 1.66587 
1.14382 0.162746 0.1094 1.98368 
0.705565 0.578548 0.192338 1.44064 
0.741504 0.58218 0.19585 1.5013 
0.756261 0.584309 0.199435 1.49784 
0.717308 0.580231 0.1965 1.47482 
0.923807 0.480195 0.171213 1.65959 
0.864219 0.587256 0.196875 1.59005 
0.919353 0.542017 0.25344 1.68187 
0.903944 0.540553 0.220777 1.64907 
1.02072 0.454449 0.0944746 1.94137 
1.06696 0.373948 0.0431429 2.0107 
1.17099 0.149254 0.104536 1.98234 
1.08355 0.351787 0.0389356 2.0132 
1.01259 0.474343 0.0805319 1.93286 
0.983351 0.321061 -0.071874 1.80834 
0.998012 0.475235 0.159395 1.91289 
0.801255 0.582999 -0.151732 1.4859 
0.823995 0.62631 -0.147453 1.52959 
0.834412 0.622966 -0.170516 1.54801 
0.82469 0.623676 -0.158351 1.53179 
0.934649 0.567273 -0.0455684 1.83094 
1.14714 0.160108 0.107858 1.98511 
1.07474 0.356817 0.157734 1.96098 
0.996896 0.335143 0.427702 1.75134 
0.97404 0.388752 0.421822 1.71621 
0.953613 0.363666 0.453229 1.6868 
0.972671 0.362323 0.435595 1.71384 
0.993842 0.394804 0.231304 1.94534 
1.01001 0.480597 0.0591557 1.92654 
0.97417 0.529202 0.0731511 1.86597 
0.94008 0.400432 -0.0462044 1.67495 
0.938712 0.444148 -0.0496351 1.68184 
0.939537 0.409965 -0.0511605 1.67118 
1.00013 0.492845 0.077594 1.91105 
1.13876 0.148421 0.0169925 2.02861 
1.1407 0.115761 0.0305799 2.03005 
1.13994 0.122152 0.000810602 2.03054 
1.13815 0.128196 0.0154847 2.02641 
1.16589 0.147737 0.105086 1.98417 
1.06498 0.376121 0.12757 1.98061 
1.01111 0.477911 0.0628161 1.9283 
0.911777 0.552032 0.298952 1.78565 
1.09941 0.311994 -0.0820079 1.99562 
0.999368 0.495981 0.0686416 1.90953 
1.13642 0.177825 0.10751 1.98613 
0.973427 0.521399 -0.0417079 1.89682 
0.752272 0.597385 -0.0589236 1.39346 
0.790668 0.644605 -0.0495885 1.46816 
0.783921 0.642349 -0.0754727 1.45337 
0.77685 0.64187 -0.0662236 1.45022 
1.00843 0.484816 0.0607582 1.92386 
1.10146 0.278751 0.0782961 2.01194 
0.637978 0.573362 0.267317 1.24066 
1.16149 0.137367 0.10312 1.98384 
1.16527 0.145612 0.102292 1.98399 
1.16171 0.138863 0.103477 1.98266 
1.16288 0.140007 0.101938 1.98362 
1.13039 0.23785 0.115575 2.00958 
1.0935 0.333569 -0.120901 1.97266 
1.13626 0.175245 0.110979 1.98567 
1.09474 0.316529 0.0857932 2.00979 
0.80228 0.645084 -0.0514282 1.49125 
0.826797 0.636648 -0.072978 1.5283 
0.796647 0.642213 -0.0786495 1.47465 
0.805928 0.643245 -0.0670049 1.49512 
0.995394 0.499805 0.0807434 1.90258 
1.09844 0.300626 0.0774927 2.01718 
1.03553 0.43526 0.0515969 1.96438 
0.99955 0.495858 0.0683452 1.90971 
0.99818 0.500522 0.051127 1.90417 
0.811216 0.586411 0.0297311 1.52688 
0.998487 0.495103 0.0812791 1.90764 
1.09173 0.339256 -0.126202 1.96899 
0.937142 0.426222 0.380295 1.70473 
0.827359 0.512705 0.37191 1.52605 
0.888846 0.420047 0.444807 1.62556 
0.897143 0.449852 0.413742 1.64191 
0.799261 0.590473 0.000990824 1.51588 
1.16273 0.156803 0.0834436 1.96351 
0.666407 0.57036 0.234203 1.25626 
0.997716 0.498548 0.0656403 1.90595 
1.06874 0.373686 -0.119934 1.92679 
1.15238 0.155999 0.103914 1.98053 
1.04523 0.305767 -0.210137 1.86819 
1.12841 0.22786 -0.0389715 2.02755 
1.13059 0.224576 -0.039507 2.02938 
1.07385 0.378005 -0.035545 1.99878 
0.883471 0.539721 -0.0409914 1.63098 
0.886261 0.546353 -0.16463 1.61023 
0.809446 0.644912 -0.0314126 1.50123 
0.699397 0.657907 -0.00864429 1.31919 
0.78378 0.642705 -0.00319043 1.45306 
0.777909 0.649799 -0.0304646 1.4443 
0.78889 0.643958 0.161096 1.56725 
1.12076 0.257589 0.0497121 2.01644 
1.11747 0.269329 0.037995 2.01564 
1.11861 0.269268 0.0473573 2.0124 
1.11913 0.265668 0.0445618 2.01575 
0.992144 0.507249 0.0671596 1.89933 
0.84239 0.566766 -0.0166081 1.5811 
0.874715 0.554737 -0.0389919 1.61909 
1.00155 0.492378 0.0756132 1.91339 
1.00179 0.49263 0.0711073 1.91375 
0.99962 0.494878 0.0675277 1.91034 
0.795063 0.656099 0.0654502 1.58254 
0.877021 0.553744 -0.0421857 1.68243 
0.82882 0.623486 0.20176 1.63873 
1.00168 0.492833 0.0691416 1.91346 
0.800935 0.631385 0.0145919 1.61674 
1.02208 0.464238 0.0426442 1.9458 
0.975142 0.524082 0.0820553 1.87007 
0.927203 0.583685 0.0272369 1.80223 
0.836714 0.628024 -0.0569412 1.54546 
0.814298 0.645755 -0.0387697 1.51423 
0.826969 0.624209 -0.0274454 1.519 
0.827975 0.634085 -0.0397374 1.53406 
1.10001 0.341406 0.3083 1.77004 
1.08918 0.374411 0.30128 1.72555 
1.03462 0.374455 0.3614 1.71282 
1.08215 0.359276 0.318394 1.72131 
0.749542 0.640502 0.145512 1.40411 
0.659649 0.648696 0.0765802 1.25564 
0.644455 0.626454 0.14933 1.22862 
0.691805 0.650107 0.127234 1.30865 
0.849278 0.34415 0.522291 1.54158 
0.935629 0.287687 0.530615 1.68569 
0.919605 0.362241 0.502345 1.65387 
0.902113 0.333024 0.524328 1.63248 
1.00089 0.493829 0.0713278 1.91219 
0.976607 0.394585 0.152602 1.7068 
1.01711 0.371538 0.19275 1.70932 
1.02076 0.356686 0.158589 1.70296 
1.00258 0.369174 0.166903 1.70177 
0.872989 0.562896 -0.0421907 1.66089 
1.13044 0.201973 0.0525569 2.02387 
1.13003 0.201878 0.0734938 2.02092 
1.1325 0.183753 0.0626141 2.02305 
1.13226 0.196813 0.0633006 2.02538 
1.00011 0.495039 0.0698468 1.91104 
0.879682 0.565431 0.178392 1.63197 
0.883023 0.560328 0.184745 1.69568 
0.918501 0.521823 0.156447 1.66486 
0.892795 0.550366 0.174466 1.67124 
0.990199 0.509087 0.0844077 1.89485 
1.1059 0.271984 0.0661248 2.01613 
0.869225 0.627383 0.0109057 1.71675 
0.99761 0.499184 0.0648318 1.90729 
1.10909 0.305072 0.0203852 2.00421 
0.949546 0.420922 0.423343 1.68518 
0.887592 0.453629 0.436712 1.59368 
0.928239 0.397121 0.455334 1.64907 
0.922702 0.423277 0.439471 1.64323 
0.946725 0.554888 0.138421 1.83114 
0.786407 0.58704 0.269087 1.62031 
1.02434 0.459605 -0.00821686 1.95764 
1.05098 0.300174 -0.182344 1.87553 
0.992725 0.488768 0.117604 1.90774 
0.955492 0.452518 -0.235834 1.72525 
0.939563 0.472963 -0.227768 1.69864 
0.887923 0.56911 0.236351 1.70863 
0.983663 0.516808 0.0769774 1.88437 
1.06052 0.381649 0.108632 1.99673 
0.87252 0.526793 -0.0386663 1.57212 
0.854352 0.593693 -0.0580609 1.56494 
0.841641 0.593251 -0.0213489 1.53951 
0.856519 0.571774 -0.0381105 1.56519 
1.01418 0.473506 0.0743028 1.93648 
0.837696 0.631841 -0.0925583 1.54721 
0.827394 0.631369 -0.120665 1.53007 
0.805982 0.639059 -0.0942058 1.48901 
0.823477 0.634077 -0.104629 1.52079 
0.878643 0.508942 -0.0152204 1.57532 
0.844513 0.582366 0.0055335 1.54334 
0.878534 0.513951 0.0324506 1.57533 
0.863082 0.531189 0.00672042 1.55431 
0.695199 0.549948 0.222659 1.41314 
0.680041 0.550666 0.239488 1.34873 
0.646194 0.566173 0.24059 1.27251 
1.16405 0.22172 0.0779631 1.97614 
1.17037 0.140144 -0.0144531 1.98888 
1.15903 0.177152 0.0801891 1.97257 
1.15767 0.154442 0.0405669 1.9811 
1.17376 0.136007 -0.00795825 1.99261 
1.18404 0.0958981 0.0395399 2.007 
1.22623 0.093607 0.137654 2.03504 
1.18308 0.126193 0.0990563 1.98911 
0.934375 0.212391 0.535837 1.69699 
1.05549 0.219007 0.334413 1.79576 
0.904889 0.211011 0.559651 1.65593 
0.892724 0.218178 0.557851 1.63734 
0.896075 0.231519 0.541552 1.64202 
0.898923 0.252189 0.524317 1.64507 
0.744854 0.467995 0.427786 1.43823 
0.875736 0.355078 0.469908 1.65472 
0.724834 0.469486 0.426685 1.40508 
0.593686 0.523614 0.353655 1.14719 
0.683594 0.496581 0.375154 1.32891 
0.547596 0.5201 0.323401 1.07031 
0.531657 0.528382 0.275122 1.0467 
1.06242 0.270088 -0.139502 1.88872 
1.08514 0.35346 -0.13693 1.95814 
0.992238 0.505146 0.0732494 1.89816 
0.991298 0.509201 0.0699762 1.89831 
0.931012 0.583769 0.0527489 1.80582 
0.990895 0.470204 0.00887676 1.90429 
0.99193 0.472814 -0.0061957 1.89725 
0.987035 0.521033 0.0320235 1.8897 
0.983407 0.526971 -0.00342986 1.90012 
1.05946 0.384894 0.163928 1.95323 
1.04783 0.402444 0.135709 1.94498 
1.02083 0.428669 0.176096 1.93093 
1.04163 0.412585 0.123483 1.9587 
0.958803 0.519118 0.209536 1.83427 
1.01375 0.468535 0.0186878 1.91507 
1.13389 0.207297 0.124088 1.98772 
1.05236 0.409002 -0.0738309 1.91518 
1.04308 0.43625 -0.02676 1.92969 
0.925228 0.412566 -0.124582 1.67512 
1.13582 0.184605 0.104644 1.98671 
0.791724 0.532135 0.21453 1.51963 
0.781988 0.546009 0.196033 1.50606 
0.983719 0.531968 -0.0227704 1.89634 
1.04557 0.316443 -0.142516 1.86441 
0.995546 0.502712 0.0697203 1.90325 
1.08083 0.379695 -0.119569 1.95954 
1.03711 0.440488 -0.00966737 1.92059 
