0.924795 0.42694 -0.18956 1.76429 
1.00037 0.494862 0.0693868 1.91144 
1.05392 0.401127 -0.0383583 1.99896 
0.852223 0.44775 0.287437 1.62301 
0.88086 0.453483 0.255479 1.67856 
0.842036 0.526383 0.278434 1.65055 
0.856062 0.463375 0.271791 1.63872 
1.0476 0.393817 0.133836 1.99302 
0.997313 0.498535 0.074009 1.90627 
1.077 0.357319 0.185528 2.05631 
0.634516 0.571901 0.222467 1.25984 
0.679745 0.583173 0.241477 1.36367 
0.618429 0.584515 0.193007 1.24142 
0.645538 0.581942 0.218831 1.28717 
1.04864 0.409976 -0.0302627 1.98909 
1.07473 0.143343 0.11055 2.0386 
1.07539 0.141804 0.107967 2.03966 
1.07611 0.153126 0.111372 2.04055 
1.07487 0.14411 0.107799 2.03834 
1.01764 0.472488 0.0545616 1.94013 
1.0996 0.276112 0.138331 2.09274 
1.0811 0.308963 0.191043 2.06232 
1.10109 0.243852 0.173605 2.09458 
1.09604 0.267433 0.168652 2.08453 
1.01291 0.478176 0.0340834 1.93074 
0.954709 0.551922 0.0847405 1.83634 
1.08128 0.329569 -0.106171 2.05933 
1.006 0.489907 0.0494067 1.92028 
1.06873 0.3312 0.133864 2.02845 
1.07338 0.349111 -0.0414958 2.03726 
1.05184 0.40677 -0.0473512 1.999 
1.08661 0.321407 -0.0882159 2.06731 
0.599055 0.55528 0.29036 1.22228 
0.590954 0.524978 0.334157 1.2046 
0.659631 0.556565 0.338139 1.34206 
0.623317 0.555641 0.315918 1.27083 
1.09167 0.293338 0.165696 2.07725 
1.09303 0.305811 0.162334 2.08381 
1.02527 0.447299 0.0694297 1.9494 
1.00052 0.49554 0.0687093 1.91213 
1.08162 0.328334 -0.0964401 2.05686 
0.962672 0.54302 0.0261286 1.84761 
0.54063 0.562568 0.255921 1.12214 
0.56812 0.534084 0.338069 1.1734 
0.707507 0.587674 0.3114 1.42597 
0.6257 0.571028 0.298806 1.27909 
1.00034 0.494964 0.0695846 1.91143 
1.00715 0.484074 0.0698069 1.92246 
0.949878 0.552497 0.0636152 1.82469 
1.07335 0.328119 0.131205 2.03802 
1.07796 0.167452 0.258028 2.0517 
1.0792 0.172644 0.209021 2.05094 
1.07224 0.180557 0.233429 2.04051 
1.07603 0.170374 0.230638 2.04578 
0.910362 0.484249 -0.131013 1.73598 
1.06476 0.330313 0.105062 2.01559 
1.07114 0.379988 0.0377614 2.04385 
1.07099 0.379505 0.0542245 2.04454 
1.07503 0.370892 0.0417567 2.05134 
1.07244 0.378033 0.042541 2.04693 
1.09298 0.274381 0.181792 2.08152 
1.0963 0.265975 0.181402 2.08813 
1.0959 0.28405 0.176838 2.08825 
1.09518 0.275672 0.179399 2.08544 
0.785661 0.585107 -0.0694914 1.53086 
0.802848 0.569289 -0.132563 1.56459 
0.763523 0.61362 -0.108954 1.50906 
0.778365 0.585046 -0.0954236 1.52308 
1.04099 0.408852 -0.161356 1.99399 
1.05974 0.381625 0.0317104 2.00445 
1.07752 0.252896 0.165063 2.04964 
1.07282 0.365397 0.189351 2.0533 
1.0087 0.480428 0.0713674 1.92444 
0.983646 0.514987 0.0957186 1.88478 
0.9405 0.409981 -0.14576 1.77966 
1.06895 0.372368 0.0180258 2.03633 
1.05469 0.389431 0.0537702 1.9934 
0.941617 0.535964 0.169451 1.81223 
1.1267 0.209195 -0.0155819 2.14156 
1.12346 0.239841 0.023141 2.13371 
1.13058 0.191124 0.0320519 2.14506 
1.12756 0.206791 0.00927217 2.13909 
1.06505 0.386877 0.0192306 2.03025 
0.997321 0.490398 0.0563283 1.90477 
1.07258 0.36013 0.0233501 2.03887 
1.06752 0.378413 0.0169953 2.03325 
1.09037 0.307161 -0.0948183 2.07449 
0.807206 0.60275 0.237589 1.58608 
1.00158 0.494309 0.0654682 1.91372 
1.09701 0.325771 -0.0116864 2.09154 
1.09855 0.305862 -0.0293495 2.09112 
0.998203 0.495169 0.0640782 1.90708 
1.00466 0.487199 0.0710123 1.918 
1.06673 0.385895 0.0348073 2.03544 
1.06014 0.41239 0.0388601 2.02614 
1.06675 0.389177 0.0543968 2.03666 
1.06629 0.392874 0.045715 2.03714 
1.11538 0.226434 -0.040246 2.11766 
1.10755 0.268161 -0.0363717 2.10573 
1.11841 0.255363 0.00197482 2.12472 
1.11776 0.255397 -0.0201427 2.12748 
1.01276 0.484921 0.0308127 1.93125 
1.06704 0.403364 0.0150173 2.04089 
1.00045 0.495298 0.0671143 1.91174 
1.05391 0.399443 -0.00639212 1.996 
1.0781 0.340196 -0.0450406 2.04661 
1.00053 0.495226 0.068847 1.91209 
0.855573 0.609924 0.121335 1.66818 
0.911514 0.552099 -0.0439014 1.75454 
1.06694 0.368587 0.190056 2.04213 
1.00848 0.461672 0.140437 1.92576 
1.07259 0.368612 0.014946 2.04231 
1.04091 0.445819 0.022234 1.9786 
0.998986 0.496556 0.0686457 1.9089 
1.06969 0.366537 0.177698 2.04862 
0.957878 0.24029 0.221182 1.77649 
0.97923 0.22246 0.15137 1.80824 
0.959525 0.262773 0.131451 1.76183 
0.958386 0.245681 0.156533 1.76682 
0.967853 0.430188 -0.0938153 1.83882 
0.947677 0.426085 -0.0481331 1.7994 
0.935046 0.465075 -0.0209148 1.78271 
0.948952 0.427951 -0.00500393 1.80231 
0.941339 0.432997 -0.0289893 1.78796 
1.06799 0.366854 0.192785 2.044 
0.96453 0.54279 0.0428073 1.85245 
0.819518 0.553777 -0.118532 1.58682 
0.809597 0.573183 -0.0616476 1.57088 
0.851348 0.54657 -0.0681027 1.63427 
0.823784 0.56526 -0.0819293 1.59574 
0.973012 0.530534 0.0154885 1.86527 
0.999832 0.494248 0.0668967 1.91044 
0.778145 0.56378 0.267883 1.5234 
0.806859 0.556531 0.271994 1.57413 
1.0586 0.389413 0.00428715 2.00376 
1.08962 0.319452 0.162103 2.08096 
1.0037 0.489612 0.0697152 1.91689 
1.1305 0.0930491 -0.063084 2.14243 
1.12439 0.13499 -0.083232 2.13251 
1.1263 0.150604 -0.0312779 2.13334 
1.12869 0.132997 -0.0496635 2.14107 
0.922068 0.417184 -0.27558 1.77597 
1.08289 0.337322 0.00153213 2.05855 
1.08663 0.329088 0.00346377 2.06518 
1.08636 0.329804 -0.0102715 2.06414 
1.08474 0.333399 -0.00102211 2.06158 
0.88893 0.400513 0.244994 1.67494 
0.865011 0.396598 0.288173 1.62568 
0.899985 0.343264 0.262084 1.66951 
0.887884 0.390341 0.2627 1.6651 
1.04773 0.409315 -0.093014 1.99873 
1.0643 0.3791 0.019298 2.02589 
1.06485 0.370562 -0.0333715 2.02142 
0.975536 0.527514 0.0510386 1.87012 
0.89068 0.536776 -0.0641137 1.70658 
0.997959 0.498222 0.0694034 1.90739 
1.07576 0.362979 0.0170207 2.04933 
1.07594 0.358893 0.0136114 2.04681 
1.07522 0.368469 0.020617 2.05016 
1.07297 0.374127 0.0205361 2.04602 
1.07423 0.372981 0.0249295 2.04934 
1.07419 0.372649 0.0225797 2.04971 
0.53384 0.583251 0.131079 1.09352 
1.05058 0.409199 0.00827342 1.98873 
1.12131 0.244608 0.0384556 2.13118 
1.12097 0.235509 0.0724773 2.12955 
1.12791 0.196115 0.0481239 2.14018 
1.12391 0.234412 0.055271 2.13607 
0.973003 0.346514 -0.0593271 1.82843 
0.954499 0.400154 -0.0601375 1.80467 
0.959384 0.390328 -0.0141052 1.81447 
0.965678 0.392057 -0.0426203 1.82659 
1.04462 0.414145 -0.0546828 1.98637 
1.07579 0.349097 0.156056 2.05128 
0.956684 0.46664 -0.0901605 1.82571 
0.923137 0.476678 -0.033718 1.75513 
0.919943 0.479527 -0.0487624 1.75029 
0.914759 0.493792 -0.0412255 1.74264 
0.919054 0.47892 -0.0391157 1.74751 
1.00836 0.260597 -0.207357 1.91737 
0.904007 0.507134 0.0220654 1.73063 
0.916756 0.477448 0.0800628 1.75378 
0.936212 0.446808 0.0400365 1.78022 
0.919724 0.470502 0.0508225 1.75409 
1.08033 0.167669 0.16862 2.05206 
1.08155 0.168827 0.151222 2.05407 
1.07666 0.158712 0.143538 2.0434 
1.07899 0.164987 0.154 2.04869 
0.887986 0.528262 -0.0916417 1.69823 
1.13399 0.100646 -0.0300543 2.14809 
1.12464 0.170739 -0.0403264 2.13258 
1.13675 0.150871 0.0212209 2.15492 
1.13677 0.152552 -0.00684574 2.16047 
0.993856 0.455145 0.236761 1.89958 
0.637257 0.49168 0.392192 1.28714 
0.664951 0.419902 0.473803 1.33207 
0.743884 0.483315 0.446973 1.49573 
0.705606 0.481492 0.435261 1.41922 
1.00291 0.493769 0.0618374 1.91605 
0.962261 0.385697 -0.187592 1.83404 
1.07017 0.362538 0.0037644 2.03332 
1.01172 0.465232 -0.0164548 1.9341 
1.02591 0.401209 -0.14349 1.9651 
0.892205 0.528443 -0.0567638 1.70567 
1.02059 0.46236 0.0487574 1.94249 
1.06547 0.363805 0.0586141 2.01535 
0.995755 0.501437 0.0700964 1.90378 
1.13307 -0.0222536 0.0332466 2.14719 
1.13332 0.0403086 -0.0288362 2.14661 
1.13172 0.0717317 0.0509247 2.14236 
1.13391 0.0623611 0.0383799 2.14769 
1.06515 0.389452 0.196102 2.03968 
0.91128 0.57949 0.00706402 1.76155 
0.830009 0.533514 0.205195 1.60522 
0.858637 0.500431 0.188715 1.6446 
0.842037 0.502776 0.176939 1.59924 
0.842491 0.512365 0.190256 1.61655 
1.10722 0.303745 0.0685908 2.1142 
1.11628 0.269339 0.0761975 2.12574 
1.1162 0.274964 0.0478639 2.12615 
1.11398 0.277432 0.0615286 2.12158 
1.09856 0.265362 0.177547 2.09065 
1.10125 0.268499 0.163025 2.095 
1.097 0.280423 0.168943 2.08752 
1.09933 0.272464 0.171502 2.09224 
0.988481 0.481449 0.0271154 1.88629 
0.886217 0.51086 -0.0761844 1.6969 
1.00848 0.482026 0.0763202 1.92507 
0.647578 0.621503 0.166185 1.3025 
1.001 0.494479 0.068211 1.91266 
1.00058 0.494659 0.0693855 1.91183 
1.00009 0.494643 0.0669233 1.91101 
1.00466 0.49379 0.0578312 1.91956 
0.905242 0.401839 0.209359 1.70084 
0.924167 0.346305 0.187461 1.71572 
0.916247 0.380791 0.166487 1.70841 
0.912934 0.374321 0.187577 1.70153 
1.05415 0.396369 0.193972 2.02007 
1.10871 0.291029 -0.0161394 2.1124 
1.10534 0.315063 0.0163222 2.10663 
1.11419 0.281377 0.0156413 2.12001 
1.10971 0.293337 0.00268582 2.11185 
1.06902 0.159145 0.129539 2.02871 
0.99994 0.495147 0.0711112 1.91068 
1.14051 0.0797073 0.0218364 2.16141 
1.13662 0.136387 0.0523837 2.15332 
1.13758 0.077294 0.0879177 2.15459 
1.14088 0.0821332 0.0410151 2.15992 
1.06313 0.373776 0.0178432 2.01821 
1.00247 0.49035 0.0733544 1.91454 
1.10764 0.255753 -0.0388155 2.10237 
1.10372 0.266506 -0.0510954 2.0951 
1.10275 0.275039 -0.0374237 2.09368 
1.10465 0.26665 -0.0405983 2.09702 
1.10059 0.255884 -0.113724 2.09321 
1.09758 0.268854 -0.115297 2.08833 
1.10247 0.267436 -0.0999562 2.09595 
1.10126 0.266363 -0.108132 2.09533 
1.02432 0.454008 0.0667393 1.9488 
0.998964 0.496558 0.068387 1.90889 
0.996531 0.499968 0.0693967 1.90491 
0.862158 0.500891 0.200552 1.65161 
0.83419 0.534981 0.214778 1.61408 
0.858861 0.515699 0.223868 1.66244 
0.855779 0.518873 0.214033 1.65365 
0.978621 0.362406 -0.129039 1.85372 
0.859645 0.61089 0.0902461 1.67568 
0.972077 0.360768 -0.178113 1.85022 
1.08571 0.335004 0.0114584 2.06484 
1.08231 0.340792 0.00728935 2.05773 
1.08215 0.345469 0.0180373 2.06068 
1.08367 0.339342 0.0117276 2.06067 
1.11394 0.220176 0.0951306 2.11476 
1.10403 0.256204 0.116111 2.09812 
1.10795 0.220226 0.144469 2.10376 
1.10802 0.235545 0.118703 2.10449 
1.06964 0.362181 0.0238588 2.0332 
1.00122 0.493722 0.0692371 1.91291 
1.08927 0.302611 -0.118167 2.07425 
1.07311 0.372824 0.0581038 2.04841 
1.08068 0.351102 0.0522086 2.05834 
1.07704 0.364458 0.041462 2.05416 
1.07742 0.36288 0.0542625 2.05521 
0.913327 0.566136 -0.0364574 1.76432 
1.09651 0.316293 0.107748 2.09148 
1.09477 0.318223 0.0871343 2.08731 
1.08041 0.16507 0.141121 2.05134 
1.07647 0.150773 0.122655 2.04187 
1.07616 0.155238 0.132832 2.04179 
1.07829 0.154846 0.131593 2.04618 
1.00486 0.483998 0.0305959 1.91941 
1.08451 0.32633 0.18078 2.07147 
0.826115 0.54987 0.244374 1.5946 
1.05493 0.397754 0.000938115 1.99802 
0.939207 0.291815 0.178174 1.72743 
0.944574 0.264505 0.223163 1.74469 
0.948264 0.281532 0.145258 1.74227 
0.943987 0.268037 0.16981 1.73252 
0.958456 0.280971 0.451543 1.85427 
0.996274 0.224264 0.444096 1.91883 
0.994457 0.264278 0.391312 1.912 
0.987861 0.254541 0.439881 1.91036 
1.03798 0.425853 0.0887071 1.96778 
1.0041 0.489541 0.0674734 1.91759 
1.06569 0.367551 -0.0596901 2.02537 
0.580249 0.43278 0.446932 1.19375 
0.787073 0.307109 0.528251 1.55599 
0.867566 0.396876 0.484771 1.70523 
0.805906 0.393823 0.508436 1.60497 
1.10489 0.272126 -0.00565652 2.09819 
1.10843 0.258286 -0.0238513 2.10422 
1.10277 0.276875 -0.0252055 2.09376 
1.10546 0.267788 -0.0205462 2.09891 
1.00025 0.495549 0.0680823 1.9114 
0.839589 0.595756 0.241657 1.64542 
1.06938 0.361729 -0.00128297 2.03115 
0.908914 0.49918 -0.00668045 1.73391 
0.921899 0.478646 -0.0193455 1.75301 
0.912164 0.495795 -0.0333466 1.73794 
0.915026 0.490517 -0.0236467 1.74104 
1.07406 0.318325 0.0974645 2.0333 
0.944741 0.555884 0.100002 1.81891 
1.09299 0.314863 0.0747455 2.07897 
1.05796 0.387312 0.180404 2.02588 
0.636378 0.594452 0.203686 1.27749 
0.694465 0.596559 0.228479 1.38101 
1.05949 0.387252 0.0137236 2.00587 
1.0781 0.360832 0.0374741 2.05527 
1.08172 0.348374 0.0446382 2.06055 
1.0808 0.352483 0.0294367 2.05942 
1.08066 0.353724 0.0353975 2.05925 
1.09693 0.231808 0.210668 2.08791 
1.07384 0.301865 0.228342 2.04968 
1.07166 0.270048 0.283567 2.0504 
1.08059 0.27625 0.240929 2.06268 
1.084 0.174972 0.211016 2.06047 
1.08548 0.16111 0.253067 2.06665 
1.09399 0.17385 0.229147 2.08094 
1.0849 0.173578 0.229876 2.06368 
1.06371 0.373336 0.0204946 2.01968 
1.03058 0.424386 0.202589 1.97173 
0.999106 0.49597 0.0758865 1.90954 
1.01635 0.21146 0.432971 1.95754 
1.03625 0.216764 0.342864 1.98451 
1.01205 0.251188 0.377588 1.9457 
1.02315 0.221659 0.376865 1.96293 
0.907768 0.54187 -0.0476147 1.74045 
1.0391 0.424921 -0.0731578 1.9785 
1.07258 0.378557 0.0232186 2.04727 
1.07377 0.37336 0.0264393 2.04726 
1.07411 0.375194 0.0261959 2.0497 
1.07358 0.375779 0.0255394 2.04837 
1.08785 0.315133 -0.0706626 2.06659 
1.08728 0.325248 -0.0102589 2.06558 
1.08853 0.323838 0.00388341 2.0683 
1.09165 0.313257 -0.00493411 2.07348 
1.08915 0.319291 -0.00464976 2.06879 
1.12115 0.178585 0.121841 2.12573 
1.11888 0.230469 0.105985 2.12636 
1.11488 0.213031 0.135257 2.11526 
1.11822 0.209571 0.11494 2.122 
0.842739 0.567596 0.256996 1.64767 
1.07607 0.153642 0.11145 2.04025 
1.07559 0.142126 0.106677 2.03983 
1.07653 0.148379 0.110382 2.04117 
1.07638 0.148228 0.11 2.04107 
0.990693 0.503574 0.107964 1.89478 
0.999146 0.496385 0.0683597 1.90919 
0.998448 0.495207 0.0650856 1.90734 
1.07394 0.372291 0.0273654 2.04771 
1.073 0.374159 0.0288168 2.04612 
1.0744 0.373538 0.0292154 2.05011 
1.07373 0.373484 0.0294338 2.04759 
1.06352 0.366284 -0.142155 2.03035 
1.07818 0.343462 0.19852 2.06068 
1.07588 0.247622 0.173805 2.04816 
1.12206 0.230049 0.090867 2.13185 
1.12516 0.178087 0.100028 2.13379 
1.13011 0.189025 0.0728173 2.14482 
1.12553 0.188978 0.0903405 2.1361 
1.07974 0.343335 -0.0920615 2.05576 
1.00081 0.491195 0.0828502 1.91191 
1.0014 0.493691 0.0685357 1.91325 
0.774424 0.457254 0.475139 1.55494 
0.710176 0.404813 0.503632 1.42754 
0.802395 0.399042 0.519973 1.59819 
0.76362 0.429667 0.498949 1.53183 
1.00055 0.495047 0.0682883 1.91182 
0.999249 0.495598 0.0745109 1.90958 
0.999853 0.495163 0.0706203 1.91046 
1.06401 0.398965 0.0228473 2.03191 
1.05811 0.383008 -0.139214 2.02187 
1.08932 0.151462 0.266348 2.07402 
1.10559 0.122806 0.239088 2.09667 
1.09701 0.166491 0.233255 2.08572 
1.09762 0.14561 0.251794 2.08663 
0.477168 0.577505 0.0342232 1.00126 
0.476231 0.574623 0.0724759 1.00006 
0.561848 0.627691 0.0486087 1.16001 
0.509767 0.595257 0.048997 1.0625 
1.00263 0.491488 0.0502489 1.91582 
1.04158 0.424832 -0.0215093 1.9759 
1.07769 0.381853 -0.00231936 2.0608 
1.06654 0.378925 0.0154368 2.03125 
1.0248 0.45699 0.0534029 1.95123 
1.00065 0.494579 0.0690437 1.91196 
1.06421 0.379313 0.0198285 2.02566 
0.94419 0.397987 -0.207769 1.80035 
1.08441 0.324665 0.171057 2.07114 
0.893213 0.500182 0.0845012 1.71101 
0.881919 0.520934 0.029911 1.69231 
0.856402 0.542069 0.0594719 1.65269 
0.883289 0.519496 0.058628 1.69939 
0.994183 0.501998 0.0757077 1.90081 
1.08872 0.323376 0.119211 2.07514 
0.759555 0.591751 -0.209314 1.50249 
1.07134 0.348203 -0.133969 2.04334 
0.989165 0.508083 0.0979174 1.89404 
1.0338 0.216354 0.165194 1.96412 
1.00036 0.495461 0.0682351 1.91147 
1.06316 0.371368 0.0123094 2.01692 
1.08606 0.334472 0.0618431 2.06696 
1.08403 0.335886 0.0896024 2.06407 
1.09174 0.316593 0.0710077 2.07692 
1.08696 0.327761 0.0750045 2.06836 
1.07041 0.372367 0.0174947 2.03856 
1.07422 0.145758 0.110202 2.03745 
1.07541 0.159146 0.112063 2.03893 
1.07412 0.157528 0.118587 2.03719 
1.07502 0.155672 0.115654 2.04015 
0.97989 0.360683 -0.10396 1.8456 
1.00302 0.326201 0.280989 1.92687 
1.00494 0.280645 0.327841 1.92871 
1.01921 0.266568 0.281771 1.94982 
1.01253 0.286653 0.284169 1.9379 
1.01647 0.462863 0.121061 1.94027 
1.08423 0.308362 0.107775 2.05698 
0.99905 0.496393 0.0686158 1.90901 
0.998836 0.492118 0.0635618 1.90846 
1.09315 0.296678 -0.0943238 2.07867 
0.999699 0.495291 0.0715348 1.9102 
0.997074 0.490312 0.0592421 1.90435 
1.00118 0.494228 0.0623527 1.91271 
0.987726 0.297971 0.338272 1.89649 
0.988915 0.329531 0.291019 1.89815 
0.966077 0.32399 0.34432 1.85672 
0.979294 0.328121 0.337406 1.88645 
1.00055 0.495434 0.0675263 1.91193 
1.03903 0.425609 -0.134068 1.9916 
1.06295 0.380706 0.0285428 2.01153 
1.0416 0.439394 0.15545 2.00046 
1.06125 0.373548 0.180898 2.02976 
1.07092 0.35359 0.136799 2.0466 
1.06081 0.373147 0.151817 2.03082 
1.05966 0.190824 0.285521 2.01967 
1.07375 0.165401 0.273669 2.04414 
1.06799 0.181921 0.242294 2.03172 
1.06762 0.181031 0.276049 2.03474 
0.998587 0.497137 0.0689747 1.90835 
1.00088 0.494342 0.0690472 1.91236 
1.00481 0.492398 0.0594927 1.91949 
1.00301 0.49001 0.0644059 1.91562 
1.07222 0.334622 0.0503454 2.02998 
1.03685 0.433311 -0.128488 1.98622 
1.05732 0.390251 0.0325729 2.00085 
0.994401 0.47938 0.0425613 1.89771 
1.05456 0.398682 0.0509479 1.99406 
0.997743 0.491286 0.0632242 1.90551 
0.980874 0.378223 -0.0640299 1.85555 
1.04703 0.416414 0.0802242 1.98499 
0.897237 0.547226 -0.0472811 1.72229 
1.13212 0.0995669 -0.0125294 2.14534 
1.12763 0.154365 0.000498517 2.13563 
1.13089 0.124235 0.0464012 2.14268 
1.13054 0.11017 -0.00143646 2.14001 
1.05602 0.390816 0.0695089 1.99767 
1.0804 0.294605 0.189875 2.05853 
1.09457 0.31302 0.141366 2.09045 
1.09458 0.310683 0.122448 2.08708 
1.10803 0.220698 -0.108587 2.10537 
1.10409 0.239858 -0.111537 2.09888 
1.11023 0.23696 -0.0899191 2.10825 
1.10896 0.236255 -0.100992 2.10822 
1.05195 0.395173 -0.13942 2.01086 
1.03846 0.42946 0.103959 1.9704 
1.00182 0.492953 0.0663852 1.91393 
1.06976 0.364301 -0.0682 2.03393 
1.0717 0.325366 0.0935381 2.02945 
0.829856 0.532164 -0.258598 1.62169 
0.984315 0.517133 0.0630039 1.88463 
1.08227 0.347716 0.028144 2.06158 
1.0853 0.339296 0.0417047 2.06713 
1.0859 0.337389 0.0311064 2.06747 
1.08443 0.343056 0.0339471 2.06523 
1.07014 0.38402 0.0245301 2.0426 
0.804703 0.549736 0.289055 1.58917 
0.752859 0.576354 0.27379 1.49372 
0.768697 0.528155 0.288795 1.50537 
0.770192 0.551427 0.286349 1.52689 
1.11307 0.269623 0.088491 2.1184 
1.10503 0.303294 0.0798099 2.10864 
1.10368 0.297562 0.101432 2.10516 
1.10576 0.296784 0.0906631 2.10914 
1.06899 0.373827 0.0136324 2.03488 
1.08864 0.305932 0.0751206 2.06495 
0.986353 0.347268 -0.128491 1.87415 
1.09496 0.234446 0.183291 2.08243 
1.08569 0.204299 0.170153 2.06278 
1.09297 0.214702 0.189693 2.07883 
1.09095 0.219743 0.182241 2.07376 
1.04404 0.407222 -0.156206 1.99959 
0.970201 0.511012 0.172217 1.86419 
0.897184 0.58879 -0.00183882 1.73746 
1.06942 0.39991 0.0156368 2.04588 
1.05536 0.39022 -0.133703 2.01709 
0.999698 0.495692 0.0773862 1.91057 
1.07071 0.38075 0.0221319 2.04237 
0.998976 0.496661 0.0677237 1.90894 
1.0726 0.25169 0.178958 2.03868 
1.08678 0.327347 0.107396 2.07021 
1.09646 0.298988 0.107077 2.08674 
1.09351 0.308936 0.0820053 2.08003 
1.09371 0.309301 0.0959482 2.08068 
0.909209 0.527238 -0.0456652 1.73782 
0.912216 0.525302 -0.0448087 1.74395 
1.06376 0.335024 0.126124 2.01562 
0.999654 0.495274 0.0678358 1.90987 
1.04804 0.395815 0.082041 1.98099 
1.06378 0.386023 0.021222 2.0268 
1.13469 0.140659 0.0678697 2.14947 
1.12775 0.13695 0.105595 2.13623 
1.13535 0.0921772 0.0897695 2.15041 
1.13316 0.133935 0.0884858 2.14746 
1.00083 0.494159 0.0701149 1.91225 
1.074 0.351954 0.183868 2.05562 
0.936107 0.334178 0.480921 1.82641 
0.902053 0.254553 0.551654 1.77599 
0.995573 0.21338 0.475784 1.92615 
0.948758 0.267595 0.496839 1.84006 
0.69679 0.611916 0.0693949 1.37054 
1.0318 0.449253 0.0302219 1.96276 
0.822917 0.627178 0.0309268 1.61298 
0.642078 0.626725 0.130016 1.2932 
1.00059 0.494288 0.0714023 1.91182 
1.00109 0.494329 0.0683992 1.91286 
1.0471 0.41365 0.0600763 1.9827 
1.01897 0.236963 0.149061 1.93369 
0.863623 0.609159 0.0309059 1.67751 
1.06103 0.380888 -0.0353863 2.01432 
1.06807 0.363424 -0.0418507 2.02895 
1.07214 0.375333 0.0262272 2.04411 
1.07194 0.379564 0.0233164 2.04528 
0.881298 0.595959 0.130926 1.71197 
0.997852 0.497933 0.0732677 1.90715 
0.685054 0.559763 0.287708 1.36056 
0.620971 0.56453 0.282637 1.26497 
0.677622 0.551973 0.323412 1.36556 
0.659411 0.562457 0.303836 1.33213 
1.00174 0.493196 0.0672786 1.91376 
0.749097 0.629927 0.184716 1.48626 
1.0733 0.366437 0.0173195 2.04405 
1.07555 0.364792 0.0181551 2.04904 
1.08746 0.130335 0.303417 2.07361 
1.06471 0.224331 0.337079 2.04013 
1.05244 0.174179 0.392226 2.01936 
1.06955 0.176592 0.344655 2.04726 
1.06796 0.369041 -0.0184062 2.02731 
1.07265 0.327896 0.0518856 2.03015 
1.10755 -0.0441924 0.259616 2.10624 
1.11126 0.0590446 0.25086 2.11126 
1.08286 0.0362923 0.327803 2.06176 
1.10823 0.00933739 0.28332 2.11153 
1.10093 0.273851 0.158085 2.09534 
1.09808 0.30059 0.160731 2.09445 
1.09611 0.281644 0.164782 2.08557 
1.09809 0.280491 0.157977 2.08995 
0.567026 0.590913 0.146677 1.15478 
1.04997 0.402092 -0.13614 2.00825 
1.08489 0.325564 -0.0653513 2.06219 
1.00498 0.428266 0.270524 1.93774 
1.04492 0.370508 0.220817 2.00162 
1.01603 0.446224 0.197534 1.95206 
1.02786 0.419352 0.227821 1.97661 
0.929076 0.465771 -0.0372123 1.76923 
0.935943 0.434 -0.0620764 1.77683 
0.923137 0.475369 -0.0531329 1.75998 
0.927097 0.468281 -0.0508245 1.76644 
1.05876 0.384484 -0.0801186 2.01516 
1.0009 0.494981 0.0684853 1.9128 
0.98007 0.519336 0.0124006 1.87661 
1.05451 0.199634 0.280124 2.01178 
1.06299 0.187071 0.239455 2.02348 
1.05533 0.205511 0.22958 2.01052 
1.05795 0.201855 0.239647 2.01452 
0.894495 0.507118 -0.0744776 1.71125 
1.02881 0.296453 0.209986 1.9618 
1.01107 0.32966 0.238034 1.93604 
1.02713 0.271288 0.251913 1.96409 
1.02043 0.294596 0.243556 1.95365 
0.936653 0.396528 -0.23376 1.78955 
0.850128 0.526608 0.274677 1.6703 
0.875517 0.463054 0.240004 1.6739 
0.865037 0.518074 0.242537 1.68381 
0.864345 0.506526 0.259597 1.67804 
1.0857 0.332645 0.0162742 2.06484 
1.0824 0.343091 0.0227629 2.06024 
1.08528 0.334025 0.026403 2.06488 
1.08511 0.337694 0.0222302 2.06584 
1.07309 0.349669 -0.0812019 2.03969 
1.05516 0.228864 0.162081 2.00594 
1.04406 0.260425 0.185023 1.9875 
1.05191 0.225103 0.194444 2.00286 
1.05083 0.234349 0.187952 2.00179 
1.13207 0.0139325 0.127598 2.15068 
1.13242 0.096073 0.114287 2.14748 
1.11757 0.0717751 0.209779 2.12252 
1.13132 0.0436264 0.143891 2.14647 
0.928174 0.457907 0.108863 1.77056 
0.978482 0.431278 0.125895 1.86298 
0.949129 0.410738 0.0526189 1.79828 
0.953005 0.433656 0.101164 1.81167 
1.00724 0.484318 0.0669013 1.92249 
1.00043 0.494647 0.0704829 1.91156 
1.09171 0.312953 -0.0285344 2.07362 
1.08665 0.322806 -0.0169502 2.06319 
1.0923 0.309343 -0.0147077 2.07417 
1.09082 0.31559 -0.0185193 2.07199 
0.999768 0.495253 0.0696764 1.91024 
1.07948 0.327581 -0.12897 2.05759 
1.00033 0.494251 0.0721447 1.91124 
1.05131 0.401924 0.189084 2.01006 
1.00184 0.49284 0.067995 1.91383 
0.822024 0.550747 0.263212 1.5986 
0.836551 0.546156 0.251878 1.60496 
0.908669 0.511995 -0.103455 1.73566 
0.999925 0.495119 0.0699811 1.91056 
1.06947 0.398361 0.0105124 2.04497 
1.06041 0.383233 0.0694325 2.00672 
1.06464 0.374546 0.0206565 2.02427 
1.1129 0.215684 0.166814 2.11413 
1.10767 0.215338 0.18723 2.10515 
1.11214 0.191063 0.188026 2.11145 
1.11058 0.208881 0.177319 2.10864 
1.05036 0.399293 -0.128013 2.00564 
0.9172 0.540081 -0.0551419 1.76518 
1.03786 0.428453 -0.0815315 1.98071 
0.999924 0.494817 0.0740668 1.91065 
0.992306 0.503798 0.0821711 1.89803 
0.77633 0.627432 0.037769 1.52201 
1.06528 0.373277 0.0195634 2.02548 
0.975407 0.454452 0.165088 1.87597 
0.923774 0.482614 0.145969 1.77475 
0.933397 0.508003 0.210318 1.81184 
0.941645 0.479363 0.175852 1.8075 
1.00095 0.494908 0.0660327 1.91258 
0.782358 0.565817 0.354863 1.56068 
0.679921 0.533275 0.393826 1.37609 
0.858097 0.459518 0.447027 1.69433 
0.771089 0.524385 0.40889 1.53868 
1.07245 0.349163 -0.0697188 2.03556 
1.07305 0.3513 -0.0201032 2.03663 
1.06901 0.347771 0.0344774 2.02567 
0.82602 0.457894 0.297026 1.57277 
0.817514 0.52709 0.290794 1.60821 
0.779855 0.509538 0.29529 1.51782 
0.813722 0.497897 0.293824 1.58327 
0.93656 0.443777 -0.079152 1.77861 
0.920168 0.464626 -0.0848679 1.75438 
0.919458 0.47842 -0.0640904 1.75522 
0.924514 0.460255 -0.0724452 1.75864 
1.06713 0.37406 0.174774 2.04411 
1.09571 0.319636 0.0595511 2.08596 
1.10047 0.276854 -0.0899806 2.09259 
1.09804 0.285528 -0.093359 2.08916 
1.09916 0.281569 -0.0822888 2.08946 
1.09818 0.281008 -0.0882516 2.08821 
0.999329 0.495791 0.0700058 1.90948 
0.999967 0.494868 0.0725718 1.91075 
1.10124 0.22317 0.189465 2.0935 
1.09692 0.235359 0.183943 2.08555 
1.09564 0.215453 0.189864 2.08294 
1.09842 0.22381 0.18757 2.08831 
0.881346 0.473299 -0.275838 1.70717 
1.09573 0.291569 -0.0772534 2.08212 
1.0946 0.294519 -0.0855462 2.08019 
0.741078 0.606111 0.00467345 1.45343 
0.866135 0.535686 0.294875 1.67605 
1.06998 0.175563 0.206599 2.03582 
1.07623 0.168397 0.18685 2.04563 
1.06951 0.174086 0.175616 2.0332 
1.07159 0.174744 0.188327 2.03726 
0.999606 0.495636 0.0705235 1.91007 
1.06603 0.335782 0.132932 2.01929 
1.1109 0.248181 -0.0202535 2.10813 
1.1066 0.263778 -0.000643048 2.10037 
1.11049 0.248853 0.00319813 2.10688 
1.1102 0.253981 -0.000340477 2.10715 
0.768805 0.524204 0.174628 1.45606 
0.754509 0.527759 0.188517 1.43231 
0.766054 0.536579 0.19212 1.46811 
0.764395 0.526754 0.184268 1.45005 
0.858874 0.543489 -0.0620343 1.65322 
1.00131 0.493802 0.0675405 1.913 
1.00605 0.48882 0.0612394 1.92117 
1.06871 0.3653 0.0424981 2.02738 
0.933674 0.424996 -0.20142 1.78531 
1.05733 0.348917 0.153277 2.00566 
0.885142 0.459173 0.186691 1.67692 
0.897836 0.428324 0.212986 1.69581 
0.905503 0.404898 0.167052 1.69369 
0.894634 0.435668 0.187479 1.68844 
1.00096 0.493989 0.0694397 1.9124 
1.07936 0.375225 0.172867 2.06966 
1.06623 0.360408 0.0239513 2.02328 
1.08451 0.302897 0.0874936 2.05509 
1.00411 0.488776 0.0737573 1.91777 
1.05164 0.409172 0.0162975 1.98977 
1.12118 0.178338 0.141946 2.12582 
1.1136 0.209185 0.149483 2.11269 
1.11593 0.18386 0.176435 2.1175 
1.11765 0.1842 0.158577 2.1209 
0.999609 0.495455 0.06966 1.90993 
1.10805 0.0930288 0.261372 2.10729 
1.08727 0.133957 0.288182 2.07074 
1.0904 0.0777239 0.320427 2.0769 
1.09333 0.105709 0.289337 2.07855 
0.999239 0.496313 0.06785 1.90947 
1.00271 0.491131 0.070065 1.91523 
0.555091 0.578136 0.206511 1.1454 
0.56332 0.570261 0.237954 1.16076 
0.602071 0.580519 0.221487 1.22008 
0.580548 0.580323 0.219921 1.19142 
1.05115 0.400877 -0.0664314 2.00086 
1.07578 0.141403 0.106512 2.04041 
1.07589 0.142548 0.106292 2.04062 
1.07667 0.145256 0.109451 2.04153 
1.07601 0.141474 0.106717 2.04073 
0.98476 0.516769 0.0443504 1.88494 
0.801652 0.615896 0.204112 1.57849 
1.05593 0.348495 0.127906 2.00044 
1.06678 0.404308 0.0165442 2.04047 
0.998583 0.49707 0.070523 1.90834 
0.984946 0.445299 -0.0511977 1.86802 
1.10498 0.25262 -0.104581 2.1015 
1.10462 0.263594 -0.0916317 2.09919 
1.10859 0.24955 -0.0857925 2.10565 
1.10623 0.253771 -0.0950192 2.10172 
0.984374 0.403139 -0.0569645 1.86254 
0.983042 0.342297 -0.177051 1.86862 
0.929025 0.293044 0.193005 1.70831 
0.920571 0.296065 0.234658 1.69678 
0.933446 0.267469 0.228472 1.72317 
0.930859 0.285745 0.22609 1.71937 
1.00279 0.491752 0.065787 1.91559 
0.999784 0.495316 0.069902 1.91033 
1.0802 0.3344 -0.0403303 2.05116 
1.03438 0.244361 0.263755 1.97596 
1.04491 0.220885 0.282452 1.99386 
1.04884 0.223625 0.231634 1.99888 
1.04403 0.226687 0.258907 1.99262 
0.899224 0.330547 0.278978 1.66315 
0.862682 0.378053 0.308269 1.6142 
0.879584 0.371592 0.375594 1.6896 
0.881463 0.346325 0.321972 1.65507 
1.06419 0.37435 0.0167524 2.02341 
1.08037 0.340646 -0.0222858 2.05312 
0.615829 0.572984 0.267234 1.25361 
0.668986 0.562498 0.273836 1.3317 
0.645953 0.578993 0.249474 1.29437 
0.639781 0.573758 0.258328 1.28789 
0.998891 0.496435 0.0715881 1.90875 
0.883032 0.566551 -0.0419321 1.70255 
0.999343 0.495966 0.0690334 1.90953 
0.982382 0.45598 0.200048 1.86964 
1.00063 0.485037 0.0417205 1.91112 
1.06339 0.371351 0.0232413 2.01714 
0.965719 0.37647 -0.15119 1.82479 
0.998232 0.497528 0.0694748 1.90771 
1.08333 0.36929 0.00492016 2.07036 
1.00223 0.492 0.069365 1.91449 
1.06545 0.385574 0.019657 2.03124 
1.06115 0.00392652 0.393182 2.04341 
1.0903 0.0810776 0.310163 2.07802 
1.04615 0.12608 0.419132 2.00905 
1.0759 0.0644502 0.373073 2.05883 
1.08083 0.341543 -0.00143461 2.05382 
1.08036 0.338088 -0.0106239 2.05159 
1.07247 0.326952 0.117187 2.03334 
1.11699 0.0461809 0.199517 2.11524 
1.11747 -0.0794203 0.169506 2.10783 
1.1346 0.0637078 0.137352 2.14973 
1.13435 0.0372119 0.138082 2.14938 
1.07261 0.357995 0.0063244 2.03818 
1.00219 0.491793 0.07152 1.9145 
0.999668 0.493676 0.0649301 1.91003 
1.07119 0.359615 0.201859 2.04885 
0.998562 0.497046 0.0682904 1.90827 
1.05406 0.384233 -0.151338 2.01505 
1.00058 0.49444 0.0702201 1.91178 
1.04316 0.413383 -0.146298 1.99771 
1.09312 0.344547 -0.00054359 2.08611 
1.0755 0.35049 -0.0143931 2.04309 
1.06687 0.156692 0.134924 2.02409 
1.00259 0.447683 -0.0693277 1.92083 
0.826036 0.56827 -0.0423444 1.59713 
1.0649 0.363529 0.0734496 2.01523 
1.04655 0.411695 -0.120337 2.00087 
0.993366 0.325669 -0.153673 1.88816 
1.08192 0.346373 0.064404 2.06115 
1.07202 0.373522 0.0762903 2.04755 
1.07575 0.352976 0.0957338 2.05121 
1.07757 0.358335 0.0767179 2.05576 
1.05605 0.38437 -0.107451 2.0115 
1.04587 0.398126 -0.160851 1.99982 
1.01143 0.483283 0.0413849 1.93051 
0.724717 0.576401 0.258431 1.43425 
0.708153 0.543473 0.266512 1.38292 
0.742495 0.531714 0.280852 1.45034 
0.721555 0.543399 0.270786 1.41735 
1.05524 0.352995 0.244094 2.02257 
1.0138 0.403482 0.297082 1.95325 
1.05086 0.324438 0.305221 2.01568 
1.0396 0.352116 0.288319 1.99681 
0.993152 0.505648 0.078443 1.90039 
1.07563 0.344147 0.0312747 2.04109 
1.10428 0.266814 0.0949234 2.0989 
1.11274 0.238778 0.0761904 2.11266 
1.10545 0.266649 0.0629699 2.09986 
1.10708 0.255031 0.0777346 2.10262 
0.999591 0.496422 0.0833386 1.91089 
0.99871 0.496725 0.0733983 1.9087 
1.05763 0.385521 -0.0692128 2.01134 
0.999958 0.490873 0.0562773 1.91018 
0.797171 0.611429 0.243943 1.57341 
1.00112 0.494129 0.0673874 1.9127 
1.09318 0.298573 -0.106568 2.08196 
1.00784 0.474231 0.108236 1.92307 
1.10379 0.318529 0.0258927 2.10745 
1.10323 0.310804 0.0542081 2.10522 
1.11246 0.286238 0.0303559 2.11935 
1.10696 0.308196 0.0382886 2.11277 
0.89869 0.527131 -0.0418297 1.71872 
0.89849 0.513566 -0.0165457 1.71637 
0.908169 0.509523 -0.0388536 1.73452 
0.902887 0.515552 -0.031162 1.72569 
0.899949 0.395511 0.231946 1.68926 
0.912 0.341505 0.237974 1.69233 
0.919212 0.337842 0.207883 1.70017 
0.9112 0.349078 0.219087 1.69541 
1.00315 0.491298 0.0671974 1.9161 
0.993707 0.418468 0.114699 1.89195 
1.00782 0.355109 0.0209784 1.90665 
0.969469 0.394996 0.0302724 1.83824 
0.989033 0.363758 0.0441514 1.86459 
1.0751 0.34695 0.203428 2.05531 
1.07398 0.145295 0.113227 2.03712 
1.07335 0.151916 0.115437 2.03624 
1.05484 0.399235 0.039437 1.99534 
0.873286 0.575468 -0.0329156 1.68391 
0.762353 0.620282 -0.11884 1.50738 
0.795147 0.587399 -0.13927 1.55495 
0.771571 0.628643 -0.140142 1.53558 
0.785482 0.614096 -0.128006 1.55639 
0.904475 0.535846 -0.0670922 1.73362 
1.0067 0.489162 0.0531905 1.92272 
0.933049 0.411983 -0.275658 1.79847 
1.07433 0.319703 0.135363 2.03638 
1.03193 0.442736 0.0438594 1.96297 
0.982059 -0.0676966 0.449823 1.89075 
1.08505 -0.141528 0.294688 2.06035 
1.07613 0.00975393 0.370633 2.05428 
1.06113 -0.0629485 0.395174 2.04065 
1.08613 0.354727 -0.0127146 2.07249 
0.937648 0.343315 0.0720857 1.72344 
0.916591 0.383683 0.0814112 1.69055 
0.919118 0.370395 0.116072 1.69802 
0.920966 0.364031 0.0932955 1.69402 
0.895246 0.504028 -0.0661818 1.7051 
1.01638 0.47088 0.0617574 1.93819 
1.04678 0.409123 -0.142975 2.00368 
1.00005 0.495123 0.0698227 1.91085 
1.06373 0.378962 0.0131368 2.01741 
1.06036 0.152503 0.128034 2.01107 
1.00587 0.398015 0.301081 1.9344 
1.06315 0.364405 0.105199 2.01822 
0.99506 0.496071 0.106567 1.90313 
1.06465 0.39713 0.0224197 2.03278 
1.00062 0.493598 0.0741121 1.91169 
1.06633 0.16378 0.11918 2.02121 
1.0627 0.37475 0.0608998 2.01126 
0.937496 0.455503 -0.128237 1.77823 
1.00097 0.494425 0.0678515 1.91249 
0.996153 0.479815 0.0553033 1.90029 
1.08477 0.188602 0.167965 2.06025 
1.08376 0.179759 0.182322 2.05875 
1.09033 0.203225 0.191401 2.07195 
1.08605 0.190031 0.179189 2.06358 
1.01629 0.277244 0.131067 1.93254 
1.07666 0.345332 0.17987 2.05869 
1.06107 0.37787 -0.134292 2.02688 
0.908597 0.512755 0.292283 1.75014 
0.690486 0.552014 0.26236 1.35364 
0.695906 0.578152 0.251278 1.39074 
0.655415 0.568368 0.239082 1.30001 
0.683735 0.561149 0.248559 1.35188 
1.13157 -0.0925056 0.085464 2.14436 
1.13826 0.0266827 0.00148194 2.15896 
1.13933 0.0624997 0.0990898 2.1584 
1.13609 0.00202749 0.116454 2.15346 
1.0477 0.165205 0.139658 1.98707 
1.05919 0.375172 0.0832154 2.0033 
0.530426 0.575741 0.163559 1.09433 
0.553038 0.581551 0.164811 1.13083 
1.10324 0.260531 0.165743 2.09825 
1.10038 0.259223 0.179098 2.09442 
1.10468 0.251101 0.17241 2.10199 
1.10171 0.256445 0.172066 2.09563 
1.08143 0.307713 0.111225 2.04912 
1.07633 -0.0710654 0.303765 2.04351 
1.12076 -0.0705136 0.153958 2.12162 
1.10784 0.0385599 0.254457 2.10631 
1.11121 -0.0128819 0.246264 2.1168 
1.07282 0.375985 0.0317593 2.04591 
1.07521 0.37066 0.0333916 2.05146 
1.07489 0.372191 0.0293502 2.05068 
1.07503 0.371933 0.0328434 2.05089 
1.04985 0.428119 0.0370629 1.99318 
1.0915 0.347887 0.0174442 2.08418 
0.999627 0.494645 0.0677558 1.90979 
0.840428 0.593024 -0.0178929 1.6289 
1.00103 0.494392 0.0686503 1.91273 
0.92757 0.568702 -0.00474763 1.7924 
0.9742 0.527824 0.102527 1.86986 
1.0631 0.375685 -0.126648 2.02953 
0.902938 0.593228 0.0360113 1.75114 
1.07684 0.318179 0.166337 2.05102 
1.09571 0.293515 0.130147 2.08445 
1.0816 0.326219 0.127762 2.0601 
1.08435 0.31692 0.146607 2.06711 
1.00117 0.493757 0.0688655 1.91282 
1.03712 0.268581 0.212969 1.9805 
1.03399 0.254362 0.245489 1.97503 
1.04777 0.229526 0.219528 1.99757 
1.03999 0.248677 0.22437 1.98469 
0.854592 0.582724 -0.0291528 1.65145 
0.965557 0.538368 0.0829042 1.85385 
0.999678 0.495332 0.0696617 1.91002 
1.05176 0.376348 0.208162 2.00778 
1.09436 0.314628 0.11675 2.08649 
1.00245 0.492054 0.0679512 1.91494 
0.998987 0.496858 0.0673603 1.90906 
0.975801 0.529559 0.0649792 1.87201 
1.07682 0.33763 -0.116677 2.05304 
1.06377 0.375462 0.019847 2.02231 
0.872501 0.532877 0.0182408 1.67745 
0.819309 0.569974 -0.006526 1.58688 
0.84431 0.553583 0.0419319 1.63312 
0.846954 0.555246 0.019641 1.63472 
1.06571 0.405768 0.0166533 2.0386 
0.953029 0.301772 0.432613 1.84593 
0.982975 0.289636 0.384657 1.89483 
0.955648 0.322481 0.380652 1.84457 
0.961944 0.305569 0.39474 1.85494 
1.06382 0.399898 0.0201241 2.03168 
1.00514 0.486986 0.0664226 1.91904 
0.9915 0.293807 -0.247857 1.89695 
0.999683 0.494726 0.0681077 1.91017 
1.1004 0.287875 0.00865673 2.09036 
1.09537 0.301325 0.000859375 2.0803 
1.09544 0.30379 0.0200505 2.08211 
1.09735 0.296407 0.00791064 2.08434 
0.927965 0.472909 -0.0116979 1.76845 
0.912446 0.497643 0.00786297 1.74529 
0.938211 0.447186 0.0167228 1.7846 
0.924758 0.478127 0.0113761 1.76405 
0.997196 0.499062 0.0702037 1.90612 
1.06597 0.367628 0.0289818 2.02364 
1.06405 0.370467 -0.125336 2.03106 
1.06627 0.369678 -0.0897868 2.02954 
0.993609 0.502498 0.0886247 1.90123 
0.914528 0.482908 -0.0549798 1.73988 
0.907491 0.497233 -0.0582421 1.72817 
0.91195 0.495168 -0.0460198 1.73641 
0.912052 0.494298 -0.0529514 1.73699 
1.11337 0.216201 -0.0944883 2.11587 
1.11249 0.232442 -0.0789691 2.11152 
1.11566 0.213626 -0.0716976 2.11693 
1.11445 0.217777 -0.0830891 2.11493 
1.01771 0.112982 0.467242 1.95972 
0.984379 0.000681913 0.511892 1.90967 
1.06106 0.0470409 0.404236 2.03114 
1.03499 0.0638592 0.455905 1.98915 
0.911792 0.587526 0.0238225 1.76626 
1.00416 0.487639 0.0748815 1.91744 
0.980225 0.469307 0.270775 1.89757 
0.993805 0.469952 0.203619 1.91942 
0.941526 0.5176 0.249839 1.82791 
0.974864 0.491852 0.245797 1.8897 
1.1175 0.168744 -0.0953126 2.1212 
1.11267 0.197242 -0.10341 2.11335 
1.11907 0.196886 -0.0752637 2.12315 
1.11814 0.192618 -0.0850915 2.12412 
1.06627 0.390141 0.078253 2.0345 
1.04289 0.430318 0.125567 1.99936 
1.06916 0.35851 0.11222 2.04174 
1.0602 0.393049 0.116311 2.02938 
0.986512 0.511184 0.0758568 1.88748 
1.00093 0.491643 0.0805348 1.91179 
0.845954 0.542295 -0.117774 1.62796 
0.85873 0.542673 -0.105526 1.65309 
1.00069 0.49479 0.0678784 1.91199 
1.0796 0.328699 0.0365685 2.04657 
1.00034 0.494515 0.0709454 1.91129 
1.07669 0.16735 0.171324 2.04504 
1.07402 0.16126 0.143807 2.03855 
1.07074 0.17292 0.15868 2.03408 
1.0742 0.164148 0.15809 2.04039 
1.00134 0.493353 0.0694085 1.913 
1.07427 0.353773 -0.113296 2.04851 
1.06186 0.37152 -0.141257 2.02844 
1.07478 0.157056 0.302105 2.0506 
1.05494 0.188273 0.316303 2.01426 
1.06293 0.156733 0.340833 2.03275 
1.06503 0.163226 0.316956 2.03039 
1.00091 0.493532 0.0731779 1.91231 
1.06937 0.358673 -0.117508 2.0386 
0.996359 0.493113 0.0605905 1.90277 
0.999854 0.494972 0.0679948 1.91074 
1.06938 0.149672 0.117401 2.02872 
0.711505 0.607497 -0.146555 1.41943 
0.729701 0.609719 -0.130166 1.45232 
0.746884 0.63308 -0.145999 1.48964 
0.725172 0.612757 -0.141013 1.44688 
0.999494 0.495613 0.0699061 1.90977 
1.06666 0.358956 0.0252668 2.02382 
1.00128 0.493836 0.0681397 1.91301 
1.03246 0.32231 0.354134 1.98906 
0.987874 0.413247 0.340727 1.9117 
0.966956 0.384081 0.414321 1.8793 
0.996786 0.377878 0.36699 1.92416 
1.07232 0.358272 -0.00820483 2.03708 
1.03814 0.434477 0.0688875 1.97281 
1.03462 0.446368 -0.0540532 1.97456 
1.00214 0.491574 0.0723028 1.91425 
1.0024 0.490215 0.0773688 1.91439 
1.04505 0.277685 0.366834 2.00903 
0.978357 0.334908 0.438051 1.89651 
1.03064 0.223257 0.420745 1.9844 
1.01853 0.274867 0.41699 1.96674 
0.968691 0.519239 -0.0154763 1.85787 
0.999152 0.496153 0.0685658 1.90911 
1.0438 0.414621 -0.0826035 1.98933 
0.506782 0.579253 0.0942321 1.04437 
0.877786 0.578418 0.167442 1.70166 
1.0805 0.33451 0.184086 2.06433 
1.09369 0.287607 -0.113463 2.0813 
1.09447 0.280716 -0.117002 2.08334 
0.999409 0.495775 0.0694258 1.90961 
1.06066 0.378487 -0.100751 2.01976 
1.09342 0.33585 0.0318806 2.08485 
1.06354 0.405108 0.019364 2.03318 
0.485975 0.573768 0.116548 1.01931 
0.50111 0.569833 0.170173 1.04782 
0.59664 0.62986 0.140466 1.22711 
0.537168 0.594182 0.145694 1.11535 
1.07991 0.34197 -0.0135831 2.05153 
1.0739 0.345643 -0.127377 2.04791 
1.09788 0.29898 0.151581 2.09237 
1.10254 0.2719 0.149149 2.09758 
1.10544 0.284038 0.140027 2.10571 
1.10361 0.286855 0.147783 2.10236 
0.994618 0.502551 0.0658885 1.90145 
0.999475 0.493898 0.0658577 1.90954 
0.922098 0.557805 -0.0292046 1.77701 
1.00101 0.493834 0.0704685 1.91251 
1.11226 0.235755 -0.0705964 2.11087 
1.11237 0.233269 -0.0475916 2.10987 
1.11507 0.21704 -0.0629477 2.11601 
1.11408 0.232494 -0.060647 2.11455 
1.06825 0.354445 0.0284073 2.02565 
0.825354 0.573765 -0.0304845 1.60371 
0.87765 0.538726 -0.000228873 1.68773 
0.857096 0.549169 -0.048374 1.64797 
0.846349 0.556016 -0.0301198 1.63062 
1.06304 0.378906 0.00403936 2.01608 
1.00027 0.494827 0.0702625 1.91123 
1.01231 0.477504 0.0509203 1.93088 
0.999294 0.494554 0.0658148 1.90899 
1.06528 0.396045 0.0249254 2.03524 
0.999581 0.495672 0.068159 1.90989 
1.09137 0.30697 -0.0689305 2.07281 
1.03376 0.23265 0.161697 1.96556 
0.720343 0.609001 0.227793 1.43599 
0.996918 0.499695 0.0681819 1.9056 
1.07357 0.394676 0.0107936 2.05223 
0.769598 0.620157 0.0152492 1.50371 
0.854212 0.467695 0.118722 1.59262 
0.833536 0.487241 0.132034 1.55963 
0.839883 0.483492 0.147675 1.58417 
0.84198 0.477712 0.13408 1.57177 
1.12403 0.173903 -0.034572 2.12846 
1.12341 0.162326 -0.0710897 2.1328 
1.11897 0.194339 -0.0577195 2.12032 
1.1231 0.174823 -0.0577395 2.12938 
0.98767 0.514469 0.0620443 1.89105 
0.99784 0.497968 0.0721987 1.90721 
0.953284 0.371068 -0.225343 1.82149 
0.998759 0.496721 0.0689548 1.9085 
1.10099 0.275615 -0.0967703 2.09322 
1.09798 0.277638 -0.110297 2.0897 
1.09801 0.287191 -0.0994078 2.08884 
1.09927 0.279027 -0.103372 2.09067 
1.07727 0.386526 0.00381043 2.06138 
1.03538 0.452158 -0.0972873 1.984 
0.92327 0.523018 0.222737 1.78287 
1.03306 0.439582 0.0541031 1.96423 
1.06277 0.381686 0.0010173 2.01304 
1 0.49513 0.0702879 1.91076 
0.829145 0.570734 0.23448 1.63753 
0.830798 0.557011 0.249877 1.64635 
0.850241 0.549659 0.244704 1.67961 
0.83555 0.563477 0.242381 1.65313 
1.06585 0.36408 -0.135427 2.03534 
0.91567 0.436708 -0.271027 1.7655 
0.989154 0.509693 0.0749561 1.89285 
0.548472 0.591389 0.110744 1.12079 
1.08876 0.310351 -0.115259 2.07468 
1.10079 0.197184 0.212202 2.09384 
1.07966 0.229458 0.291799 2.06445 
1.09833 0.14538 0.255846 2.09046 
1.09431 0.186575 0.250203 2.08437 
1.07029 0.354089 -0.131811 2.04261 
1.06644 0.357258 -0.138682 2.03524 
1.04926 0.321353 0.194595 2.0018 
0.909085 0.525569 -0.0470468 1.73807 
0.99434 0.50143 0.0833563 1.90171 
1.0747 0.35316 -0.0053055 2.04154 
0.845349 0.551445 0.334714 1.67753 
0.999002 0.496361 0.0697571 1.90896 
1.00048 0.49422 0.0618322 1.91173 
1.06581 0.368494 0.00695744 2.0238 
0.713293 0.628863 0.200976 1.42349 
1.06565 0.37 0.0115299 2.02351 
1.07667 0.362109 0.175893 2.0639 
0.82045 0.453037 0.319117 1.57108 
0.77386 0.500568 0.302912 1.50353 
0.75264 0.50028 0.33549 1.46088 
0.772109 0.480106 0.314429 1.48293 
0.732533 0.518131 0.294543 1.4203 
0.880191 0.523437 -0.0689585 1.6871 
0.888824 0.564302 -0.0400943 1.71325 
1.1059 0.262719 -0.0578768 2.10041 
1.11051 0.251767 -0.045715 2.10863 
1.1104 0.25105 -0.0672783 2.10936 
1.10823 0.25315 -0.0581727 2.10458 
1.07354 0.350905 -0.100468 2.0443 
1.08129 0.336841 -0.067659 2.05595 
1.04516 0.434539 0.0224661 1.98125 
1.07296 0.39213 0.00355921 2.0525 
0.716085 0.514757 0.25406 1.37378 
1.05422 0.392497 -0.104042 2.00977 
1.07457 0.338926 -0.132151 2.04973 
0.960092 0.495895 -0.0559197 1.83427 
1.00169 0.492996 0.068415 1.91355 
0.963365 0.389485 -0.138559 1.8175 
0.948136 0.554684 0.150253 1.83455 
0.84598 0.538835 0.252303 1.61853 
0.851096 0.540493 0.246762 1.62869 
1.00488 0.488179 0.0640606 1.91892 
1.0769 0.145383 0.110799 2.0422 
1.07594 0.14279 0.107637 2.04072 
1.07657 0.145086 0.113268 2.04182 
1.07655 0.144598 0.110522 2.04172 
0.75561 0.644287 0.15509 1.49987 
1.08473 0.205696 0.166482 2.06097 
1.09386 0.236787 0.179088 2.07959 
1.08744 0.217383 0.163208 2.06643 
1.0884 0.21801 0.170099 2.06805 
1.07712 0.363376 0.0225478 2.0533 
1.0774 0.363109 0.030817 2.05417 
1.07926 0.355629 0.0252481 2.05651 
1.07774 0.361047 0.0271417 2.05399 
1.04977 0.391337 -0.156441 2.00753 
0.596666 0.615094 0.0575916 1.21328 
0.841998 0.408345 0.353635 1.60374 
0.812147 0.45608 0.433966 1.60131 
0.860259 0.402864 0.419094 1.66948 
0.837982 0.429603 0.406267 1.63531 
0.973168 0.326303 -0.259606 1.86073 
0.610475 0.598759 0.165476 1.23189 
0.871431 0.52808 -0.0717454 1.673 
0.949195 0.497554 -0.0770115 1.81455 
1.02231 0.266621 0.131045 1.94599 
1.02234 0.471195 0.00863443 1.94526 
1.07549 0.144987 0.106861 2.04002 
1.07471 0.15009 0.109304 2.03876 
1.07589 0.146145 0.112898 2.04065 
1.07565 0.145787 0.110165 2.04059 
0.567084 0.582043 0.192378 1.15907 
0.606293 0.578758 0.213292 1.22341 
0.596809 0.584402 0.186312 1.20353 
0.590778 0.580452 0.199313 1.19251 
1.07622 0.1975 0.141599 2.0433 
1.05851 0.374094 -0.147928 2.02221 
0.998419 0.497775 0.068004 1.90815 
1.00099 0.494232 0.0687963 1.91255 
0.91148 0.149401 0.53291 1.77162 
1.00445 0.00770225 0.444483 1.92186 
1.01545 0.145359 0.46483 1.95459 
0.987393 0.109347 0.512052 1.92193 
0.997711 0.497349 0.0893714 1.90792 
1.06676 0.364272 0.195561 2.03966 
1.05641 0.391897 0.0170834 1.99933 
0.999571 0.495664 0.0688791 1.90988 
0.927828 0.51469 -0.084857 1.77728 
1.07848 0.162781 0.124238 2.04545 
1.08069 0.184983 0.146323 2.05183 
1.08323 0.200305 0.153138 2.05874 
1.08079 0.184566 0.146743 2.05264 
1.06213 0.375 0.0472071 2.00929 
1.08427 0.314938 -0.12426 2.06545 
0.780694 0.578837 0.255804 1.53606 
0.991246 0.21491 0.485169 1.91984 
0.947027 0.280199 0.488097 1.8405 
0.92728 0.256104 0.529344 1.81008 
0.948926 0.251037 0.504235 1.83707 
1.10185 0.164221 0.222845 2.09334 
1.10846 0.128128 0.223297 2.10448 
1.11098 0.169039 0.2018 2.10918 
1.10936 0.15337 0.211538 2.10547 
0.867467 0.581535 -0.0297546 1.67442 
1.06904 0.362329 0.0512727 2.02681 
0.791421 0.630827 0.0486885 1.55661 
0.647175 0.521377 0.370994 1.31566 
0.752258 0.501601 0.431181 1.51061 
0.700742 0.532942 0.373006 1.41027 
0.689426 0.531218 0.395439 1.4015 
1.07113 0.357131 0.0560168 2.03345 
0.772525 0.594051 -0.0154543 1.50621 
0.729915 0.288943 0.536368 1.43465 
0.877183 0.126274 0.57588 1.68838 
0.874381 0.248701 0.558276 1.7348 
0.839427 0.213495 0.580699 1.66006 
1.06756 0.184048 0.131105 2.02693 
1.06245 0.203314 0.144346 2.01818 
1.0665 0.185293 0.15066 2.02598 
1.0659 0.187469 0.146073 2.02539 
1.03281 0.439305 0.0623913 1.96389 
1.0734 0.15779 0.11403 2.0365 
1.07114 0.168835 0.121146 2.03277 
1.0733 0.158252 0.125846 2.03673 
1.07283 0.159416 0.12303 2.0363 
1.05533 0.355616 0.148023 2.00304 
0.90166 0.514951 -0.0582873 1.72014 
1.06715 0.390639 0.0249452 2.03798 
1.08306 0.323705 -0.119161 2.06431 
1.00495 0.485981 0.0802461 1.9187 
1.04382 0.430124 0.0630578 1.9825 
1.06975 0.35921 0.195735 2.0472 
1.07282 0.15087 0.118523 2.03506 
0.823979 0.53924 0.204716 1.59224 
0.834657 0.512274 0.175488 1.58949 
0.815015 0.525463 0.183306 1.55747 
0.823196 0.525696 0.187534 1.57562 
0.83843 0.621856 0.0379869 1.63821 
1.09321 0.308452 0.000480578 2.07644 
1.0894 0.321271 0.00958581 2.07012 
1.09304 0.311759 0.0183024 2.0779 
1.09173 0.314381 0.0103893 2.07438 
0.715727 0.610727 0.0265584 1.41026 
1.07672 0.339681 0.0275278 2.04223 
1.02412 0.458888 0.027931 1.95066 
1.07567 0.342128 -0.119107 2.04951 
0.909536 0.582425 0.129169 1.7619 
1.08053 0.167387 0.138406 2.05103 
1.07784 0.155717 0.121389 2.04427 
1.0771 0.151371 0.121908 2.04286 
1.07782 0.154791 0.123677 2.04425 
0.827219 0.622734 0.0191604 1.61572 
0.999631 0.493772 0.0655975 1.91003 
1.08861 0.317688 0.147896 2.07849 
1.05792 0.391087 -0.0268741 2.00689 
0.851358 0.52439 -0.14881 1.64022 
1.04557 0.423439 -0.00530068 1.98147 
0.998843 0.496562 0.0701153 1.90865 
0.99299 0.316391 -0.185157 1.88694 
1.0788 0.321498 0.0465095 2.04364 
1.0663 0.369715 -0.00173568 2.02427 
1.00164 0.492879 0.070245 1.91357 
0.989632 0.509475 0.0511908 1.89328 
1.03414 0.216165 0.155047 1.96211 
0.69048 0.642114 0.11217 1.3813 
1.06421 0.40407 0.0229473 2.03444 
1.07885 0.335018 -0.125604 2.05769 
1.05751 0.384479 -0.123107 2.01701 
0.999332 0.496024 0.0712021 1.90965 
1.00037 0.293426 -0.201216 1.90709 
0.998391 0.497606 0.0667372 1.90802 
0.999694 0.495402 0.0722986 1.91031 
0.766022 0.597828 -0.195941 1.51929 
0.599366 0.639039 0.0789077 1.22884 
0.517291 0.594014 0.0949671 1.0776 
0.605628 0.632787 0.129619 1.24098 
0.571554 0.625323 0.102111 1.17831 
0.999584 0.495473 0.0700645 1.90995 
1.09166 0.307178 -0.0435904 2.07252 
1.0926 0.307598 -0.0484294 2.07513 
0.999524 0.493807 0.0662783 1.90964 
1.06503 0.405127 0.017384 2.03648 
1.08088 0.349135 0.0177954 2.05789 
1.08095 0.344021 0.00754686 2.05654 
1.07876 0.352792 0.0121137 2.05337 
1.07925 0.350119 0.0134273 2.05378 
0.969767 0.346874 -0.2198 1.84769 
1.02117 0.446746 0.105984 1.93997 
1.04937 0.394877 0.0905054 1.98445 
1.06535 0.368736 -0.0106321 2.0212 
1.0003 0.494957 0.0696802 1.91135 
0.979634 0.244918 0.0517368 1.77859 
0.958111 0.299941 0.0620775 1.75608 
0.949103 0.286006 0.0993583 1.74301 
0.956994 0.276298 0.0770729 1.75097 
0.795406 0.566731 -0.243439 1.5642 
0.47012 0.571005 -0.0353924 0.987065 
0.465167 0.570185 -0.000218632 0.978179 
0.53339 0.614091 -0.0314226 1.10752 
0.492452 0.584611 -0.0269506 1.02909 
0.999694 0.494273 0.0672607 1.91014 
1.06632 0.392015 0.0223656 2.0352 
0.927932 0.531853 -0.0623085 1.7825 
1.05964 0.209214 0.164585 2.01556 
1.05756 0.207641 0.193097 2.01301 
1.06455 0.188305 0.168951 2.02381 
1.0605 0.204004 0.169278 2.01639 
1.07772 0.0986426 0.344431 2.05433 
1.07957 0.14008 0.303865 2.05762 
1.0648 0.132847 0.343564 2.03254 
1.07805 0.121706 0.329569 2.0589 
1.02061 0.460836 0.0682959 1.94596 
1.01085 0.480715 0.00164238 1.92949 
1.00202 0.407699 -0.114707 1.91838 
1.07664 0.371547 0.0117284 2.0536 
1.03625 0.429175 -0.119815 1.98326 
1.09212 0.278657 0.180551 2.07989 
1.09443 0.28827 0.175352 2.08364 
1.09006 0.290684 0.182027 2.07667 
1.09215 0.287404 0.180391 2.08088 
0.99971 0.495252 0.0685336 1.91002 
1.08887 0.248761 0.172393 2.07237 
1.08019 0.198975 0.1405 2.05063 
1.08604 0.220216 0.160711 2.0656 
1.08346 0.222117 0.162061 2.05882 
1.08844 0.318701 -0.0439864 2.06749 
0.999389 0.494339 0.0672093 1.90918 
1.07608 0.198559 0.138124 2.0424 
1.07762 0.20881 0.144929 2.04536 
1.01593 0.254116 0.331249 1.94453 
1.03721 0.224275 0.31037 1.98189 
1.0278 0.249574 0.282582 1.96443 
1.02621 0.249528 0.314955 1.96375 
0.734852 0.612776 0.0148339 1.44459 
1.04348 0.18907 0.137769 1.97901 
1.08491 0.359376 0.0168984 2.07174 
0.897181 0.503063 -0.0764456 1.71737 
0.899574 0.489051 -0.0838054 1.71602 
0.866175 0.537636 -0.0622926 1.66455 
1.01295 0.47698 0.0682086 1.93296 
1.0789 0.320378 0.19688 2.05805 
1.08627 0.324042 -0.0231397 2.06287 
1.0883 0.32208 -0.0288706 2.06771 
1.05233 0.388495 -0.150502 2.01215 
0.771871 0.578574 0.270237 1.54556 
1.06618 0.386365 0.0200036 2.03238 
1.05289 0.400633 0.0311221 1.98965 
0.999228 0.496233 0.068144 1.90934 
0.7872 0.576226 0.249004 1.56459 
0.855343 0.501219 -0.273117 1.66337 
1.00686 0.484208 0.0767674 1.92226 
0.95413 0.357417 -0.267822 1.82712 
1.10633 0.228545 0.179794 2.10203 
1.11162 0.229654 0.160361 2.11236 
1.10716 0.241376 0.170898 2.10535 
1.1075 0.232672 0.174771 2.10518 
1.06482 0.396167 0.0715414 2.03581 
1.05417 0.418586 0.0353568 2.01719 
1.03366 0.448362 0.116765 1.98291 
1.04998 0.435913 0.0574198 2.01109 
0.705028 0.589573 0.223247 1.39028 
1.07547 0.305635 0.196408 2.05179 
0.999741 0.495286 0.0695668 1.91017 
1.10121 0.296817 0.119812 2.10049 
1.09669 0.29873 0.142404 2.09149 
1.10565 0.281902 0.129035 2.10573 
1.1017 0.293114 0.129677 2.10111 
1.07308 0.160458 0.137019 2.03735 
1.07013 0.171507 0.13293 2.0321 
1.06953 0.172413 0.150522 2.032 
1.07072 0.169862 0.136822 2.03263 
1.04761 0.395957 -0.15552 2.0041 
0.821498 0.558153 -0.204383 1.60685 
1.05838 0.153077 0.130642 2.00626 
1.06519 0.373562 0.0146986 2.02547 
0.900582 0.444229 -0.281936 1.73955 
1.04527 0.190412 0.343246 1.99748 
1.03186 0.163858 0.419379 1.98162 
1.05348 0.147377 0.368805 2.0146 
1.04373 0.179058 0.374643 1.99975 
1.11205 0.269093 0.104244 2.11719 
1.10406 0.295191 0.110251 2.10594 
1.10831 0.277657 0.124645 2.11112 
1.10882 0.275612 0.108113 2.11124 
1.00082 0.494151 0.0697608 1.91221 
1.07566 0.148099 0.118308 2.04034 
1.07451 0.151146 0.11556 2.03888 
1.07487 0.152864 0.126407 2.03959 
1.07466 0.150251 0.117862 2.0385 
0.99894 0.496545 0.0693462 1.90886 
0.999678 0.495412 0.0693107 1.91008 
0.742125 0.614292 0.0480232 1.46154 
0.948373 0.559635 0.0159894 1.82435 
0.89748 0.41469 0.0920723 1.65983 
0.87643 0.443411 0.104917 1.62702 
0.87858 0.434519 0.123459 1.64017 
0.884064 0.429113 0.110178 1.63736 
0.90932 0.557649 0.181956 1.75867 
0.69034 0.631259 0.0472322 1.36751 
1.00197 0.492636 0.0693454 1.91421 
1.05215 0.150244 0.12855 1.99516 
0.880845 0.60405 0.0435152 1.70881 
0.996394 0.499887 0.0576385 1.90539 
1.11861 0.213671 0.0453268 2.12198 
1.12096 0.200164 0.00280475 2.12494 
1.11437 0.232163 0.0177395 2.11393 
1.11682 0.208593 0.0249334 2.11669 
1.06826 0.386072 0.0211208 2.03759 
0.846542 0.615091 0.000806075 1.6553 
1.06309 0.378352 0.0241431 2.01567 
1.00795 0.478371 0.0974626 1.92322 
1.06377 0.372868 -0.0814758 2.02346 
0.933637 0.394948 -0.283503 1.79356 
1.0653 0.384294 0.0176469 2.02999 
1.06391 0.404413 0.0210136 2.03405 
1.12063 0.201776 0.0890402 2.12644 
1.11263 0.194057 0.143959 2.11187 
1.12804 0.155977 0.100656 2.13992 
1.12133 0.177049 0.11107 2.12818 
0.941054 0.320086 0.0832151 1.7267 
0.924937 0.355233 0.123528 1.70947 
0.942735 0.313819 0.112506 1.73783 
0.933083 0.32808 0.105656 1.7185 
1.06034 0.378796 -0.0600118 2.01501 
1.0384 0.18481 0.152285 1.97264 
1.08222 0.198719 0.142879 2.05585 
1.08576 0.251447 0.174679 2.06489 
1.08293 0.230399 0.165519 2.05822 
1.08379 0.229848 0.160096 2.06008 
1.08619 0.31535 0.180764 2.07117 
1.00138 0.492537 0.0725398 1.91293 
0.953605 0.464233 0.306784 1.83164 
0.74668 0.6024 -0.0981499 1.47536 
0.486289 0.575968 -0.0662456 1.01634 
0.672811 0.629526 -0.111997 1.35374 
0.652245 0.600225 -0.123059 1.30484 
0.809492 0.502932 0.146077 1.52171 
0.792599 0.51396 0.160538 1.49294 
0.800115 0.513547 0.168861 1.52088 
0.80124 0.508678 0.160019 1.5122 
0.800131 0.576676 -0.0331203 1.55256 
0.997941 0.498112 0.0683337 1.90731 
0.963026 0.536283 -0.00667773 1.84864 
1.05817 0.385391 0.081385 2.00288 
1.00055 0.494652 0.0698348 1.91179 
1.06957 0.352161 0.0824555 2.02954 
0.849457 0.537972 -0.217947 1.65665 
1.05765 0.381183 -0.144425 2.02177 
0.91392 0.447571 -0.194555 1.7497 
0.838405 0.594641 0.199765 1.64032 
1.06504 0.368818 0.0394447 2.0193 
1.00166 0.491948 0.0784444 1.91348 
0.735023 0.592844 -0.17818 1.45806 
0.757736 0.608952 -0.185666 1.50473 
0.764788 0.604013 -0.0041132 1.49507 
0.902736 0.592261 0.0826212 1.74708 
0.851478 0.553051 -0.0550648 1.64018 
0.906213 0.509166 -0.0480847 1.72722 
0.90693 0.513485 -0.056477 1.73046 
0.992748 0.505963 0.0601636 1.8989 
1.01002 0.484122 0.0637682 1.92834 
0.58569 0.591632 0.217609 1.20548 
0.740746 0.616486 0.279717 1.48979 
0.663853 0.63355 0.197013 1.34874 
0.653596 0.624107 0.211857 1.33092 
1.07792 0.355821 0.0184498 2.05365 
1.07529 0.3766 0.0174036 2.05198 
0.70589 0.641912 0.0902453 1.40443 
1.09044 0.299667 0.181482 2.07816 
1.09043 0.299202 0.177287 2.07709 
0.998879 0.496789 0.0681349 1.90882 
0.825186 0.54799 -0.247184 1.61683 
0.819185 0.57854 -0.0338455 1.58639 
0.996297 0.499554 0.0740688 1.90437 
1.00317 0.485149 0.095483 1.9153 
1.1248 0.161615 0.00806059 2.12987 
1.12144 0.187234 0.0572997 2.12601 
1.12723 0.133797 0.0540397 2.1351 
1.12453 0.176315 0.0429817 2.13183 
1.07174 0.340598 0.0379559 2.02976 
0.99043 0.510901 0.0711381 1.8955 
0.884157 0.477038 -0.183591 1.6962 
0.999272 0.49602 0.0697125 1.90943 
0.900473 0.572929 -0.0274063 1.73849 
0.999304 0.495841 0.0706952 1.90952 
1.04224 0.336914 0.191977 1.98665 
1.06417 0.303313 0.250083 2.01668 
0.897503 0.477223 -0.238888 1.73129 
1.01922 0.472007 0.0175743 1.94291 
1.07742 0.347164 0.175969 2.06013 
1.03458 0.437445 -0.0299826 1.96624 
1.02413 0.432223 -0.126283 1.96099 
1.12806 0.122559 0.127122 2.13943 
1.1108 0.170837 0.176397 2.10777 
1.11281 0.111068 0.209128 2.11283 
1.11757 0.140368 0.171949 2.1211 
1.06183 0.382325 0.016354 2.01094 
0.983256 0.320194 -0.244656 1.87912 
0.872868 0.582754 0.242483 1.71008 
0.837912 0.557007 -0.055413 1.61589 
1.10184 0.280484 0.0372876 2.09275 
1.10189 0.280226 0.015804 2.09215 
1.09648 0.298677 0.0288298 2.08296 
1.10077 0.288594 0.0291883 2.09136 
0.881277 0.459308 0.172719 1.66616 
0.901334 0.413368 0.149413 1.68217 
0.885871 0.440174 0.143313 1.65721 
0.891329 0.436033 0.156749 1.67319 
1.06367 0.36518 0.0798922 2.01105 
0.865578 0.521324 -0.233583 1.6819 
1.03108 0.441675 0.0467495 1.96037 
0.78339 0.563092 0.22129 1.52838 
0.773288 0.556927 0.213622 1.50023 
1.06593 0.374115 0.04107 2.01943 
1.03528 0.137822 0.421735 1.98259 
1.06978 0.0817764 0.377536 2.04307 
1.06024 0.134328 0.359122 2.02473 
1.05 0.110143 0.395105 2.00484 
1.04859 0.166559 0.131332 1.98697 
0.836679 0.565049 -0.0454521 1.61684 
1.07749 0.19926 0.142241 2.04539 
0.993124 0.479981 0.0457148 1.89342 
1.03545 0.438743 0.0837214 1.96741 
1.01034 0.482946 0.0552126 1.92858 
1.08295 0.352984 0.0189847 2.06504 
0.916322 0.48553 -0.0652774 1.75021 
0.914653 0.476318 -0.0811776 1.74258 
0.905699 0.498884 -0.0744023 1.73349 
0.909663 0.490978 -0.0744647 1.74034 
1.00155 0.494709 0.0640777 1.91384 
1.09058 0.326869 0.0402779 2.07416 
1.03707 0.449778 0.013993 1.96911 
1.00012 0.494455 0.0663332 1.91104 
1.00138 0.493411 0.0700654 1.91316 
0.995914 0.501427 0.0652583 1.90389 
1.09945 0.318732 0.0521715 2.09614 
1.09651 0.330772 0.0324247 2.09345 
0.82284 0.560853 -0.192209 1.60409 
0.771406 0.624422 0.044171 1.50936 
1.06999 0.355337 -0.0199015 2.03045 
0.899909 0.111047 0.553012 1.77328 
0.983139 0.162138 0.493926 1.89285 
0.905994 0.221594 0.544822 1.78491 
0.942408 0.169625 0.534806 1.85171 
1.06819 0.364555 -0.115543 2.03774 
0.999255 0.496104 0.0704474 1.90949 
0.999141 0.496293 0.0689891 1.90919 
0.867384 0.576079 0.218777 1.69561 
0.794662 0.576617 -0.224835 1.56821 
1.04183 0.430359 0.0442444 1.97837 
0.652078 0.654355 0.0681309 1.32633 
0.77609 0.657818 0.134028 1.54547 
0.720944 0.663961 0.0533963 1.44475 
0.696387 0.659538 0.0833078 1.40686 
1.07941 0.341675 -0.0794251 2.05406 
1.07123 0.356152 -0.100632 2.03906 
0.767804 0.627298 -0.149663 1.5269 
0.78934 0.594601 -0.149046 1.55467 
0.778681 0.620292 -0.167815 1.54662 
1.01698 0.466625 0.0882752 1.93903 
1.08043 0.341753 0.168067 2.06621 
0.999535 0.492635 0.0622927 1.90978 
0.998602 0.496981 0.0713427 1.90847 
1.07953 0.175394 0.128304 2.04854 
1.07838 0.163287 0.122195 2.04537 
1.08072 0.200341 0.15278 2.05314 
1.07868 0.176435 0.12789 2.04612 
0.779929 0.520049 0.172955 1.47895 
0.773965 0.535711 0.192528 1.48461 
0.795309 0.522666 0.180236 1.5169 
0.781435 0.526323 0.183889 1.49277 
0.731861 0.530873 0.215434 1.40523 
0.732373 0.527842 0.208307 1.39323 
0.84353 0.544591 0.248702 1.6137 
0.781207 0.621832 0.0238542 1.52613 
0.849922 0.521388 -0.259801 1.65766 
0.842719 0.549748 0.253234 1.66703 
0.840864 0.543735 0.27554 1.67063 
0.853267 0.544666 0.255127 1.68582 
0.847011 0.548902 0.259169 1.68017 
1.09662 0.296445 -0.0103445 2.0822 
1.10143 0.281516 -0.00545928 2.09139 
1.10007 0.285109 -0.0225513 2.08856 
1.09948 0.288589 -0.0109429 2.08771 
1.10384 0.266658 -0.0848812 2.09842 
1.10469 0.26465 -0.0679684 2.09858 
1.1076 0.253964 -0.0783866 2.10369 
1.10568 0.263416 -0.0765708 2.10165 
1.09387 0.252716 0.180163 2.0811 
1.09107 0.254375 0.175754 2.07552 
1.08854 0.22691 0.165265 2.06796 
1.09167 0.249732 0.17661 2.07693 
1.12647 0.145486 0.140703 2.13572 
1.12329 0.107815 0.184011 2.12891 
1.1328 0.0981688 0.130214 2.14665 
1.12704 0.103567 0.153496 2.13491 
0.980996 0.416985 -0.0283512 1.86077 
1.00058 0.494471 0.0695803 1.91177 
1.0564 0.390515 -0.117921 2.01654 
1.06429 0.375692 0.0304454 2.01688 
1.09979 0.247623 0.184232 2.09186 
1.10378 0.233462 0.186902 2.09908 
1.10174 0.242389 0.177234 2.09471 
1.10258 0.243616 0.182117 2.09721 
1.10012 0.288947 0.0506982 2.09075 
1.09599 0.307237 0.040661 2.08418 
1.09502 0.303304 0.0592693 2.08261 
1.09709 0.298957 0.050266 2.08575 
0.989028 0.51187 0.0579249 1.89268 
0.738951 0.516906 0.293542 1.43931 
0.703208 0.536236 0.284621 1.37057 
0.710454 0.520847 0.318088 1.38432 
0.721443 0.526829 0.294827 1.40749 
1.06255 0.381957 0.0252975 2.0126 
0.882562 0.605585 0.0754463 1.71496 
1.0696 0.356892 -0.0926989 2.03402 
0.788063 0.634697 0.130933 1.55381 
1.08552 0.293248 0.186245 2.06874 
1.05869 0.204066 0.200318 2.0145 
1.06511 0.188337 0.20804 2.02684 
1.06569 0.187763 0.176741 2.02563 
1.06313 0.188368 0.199283 2.02273 
0.99175 0.506869 0.0637387 1.89676 
1.028 0.450688 0.0836614 1.95835 
0.858831 0.606242 2.0201e-05 1.67082 
0.874752 0.49195 -0.269039 1.69713 
0.999103 0.496251 0.0722151 1.90917 
1.01499 0.46621 0.0810643 1.93368 
1.07091 0.305807 0.204204 2.04223 
1.06366 0.378041 0.183213 2.03671 
0.777958 0.484739 0.417984 1.54591 
0.814895 0.431362 0.343571 1.55476 
0.742139 0.502637 0.36366 1.45794 
0.792281 0.473993 0.384068 1.5395 
1.06502 0.371812 -0.108245 2.02891 
1.05851 0.227143 0.177519 2.01014 
1.00105 0.494933 0.0668229 1.91289 
1.0851 0.1817 0.200234 2.0623 
1.09314 0.188277 0.213627 2.07861 
1.09164 0.200955 0.197569 2.07531 
1.09176 0.191591 0.205701 2.07543 
0.872774 0.568842 0.255366 1.70562 
0.996197 0.501207 0.0635661 1.90423 
0.92696 0.325991 0.442252 1.79921 
0.945626 0.342865 0.38569 1.82905 
0.902336 0.375914 0.431635 1.76151 
0.924595 0.352015 0.426285 1.79805 
0.862833 0.455669 0.121197 1.60425 
0.848842 0.473854 0.14834 1.60031 
0.870867 0.449355 0.135737 1.63052 
0.860097 0.459615 0.135639 1.61275 
1.06165 0.371461 0.10688 2.01264 
0.891113 0.584975 -0.0154415 1.72677 
1.02734 0.460254 0.00413958 1.95276 
0.895492 0.465305 -0.273384 1.73377 
1.05453 0.374953 0.122693 2.00646 
1.06833 0.354871 0.0707018 2.02591 
1.09303 0.315041 0.0411395 2.0792 
1.08651 0.328592 0.0522622 2.06715 
1.09213 0.31237 0.0593692 2.07753 
1.0909 0.318984 0.0507878 2.07594 
1.06846 0.366218 0.00713403 2.03039 
1.10472 0.257345 0.150462 2.10083 
1.10921 0.237094 0.145027 2.10713 
1.10783 0.269414 0.14015 2.10922 
1.10752 0.255646 0.140691 2.10554 
1.06549 0.370811 0.00353455 2.02239 
0.884112 0.458579 0.227161 1.68566 
0.875653 0.481006 0.200741 1.67448 
0.869927 0.495749 0.229277 1.67327 
0.880628 0.476945 0.217398 1.68099 
0.997901 0.498201 0.0668333 1.90732 
0.756261 0.639632 0.0716974 1.49382 
1.06292 0.272794 0.192946 2.02608 
1.0793 0.314267 0.084568 2.04449 
0.999254 0.495894 0.0966052 1.91047 
1.05146 0.398111 0.108161 1.99177 
0.999039 0.49521 0.0666734 1.90855 
1.10168 0.273731 -0.0539374 2.09151 
1.09685 0.291738 -0.0535853 2.08288 
1.1 0.283075 -0.040507 2.08839 
1.09949 0.282931 -0.0521393 2.0877 
0.49898 0.590115 0.0132755 1.04208 
0.572995 0.633811 0.0326032 1.18049 
0.564016 0.631214 -0.00897072 1.16404 
0.542905 0.620954 0.0128193 1.12538 
0.87293 0.591837 -0.0167668 1.69432 
0.988712 0.510814 0.06459 1.89189 
0.854091 0.547951 0.27357 1.65131 
1.05074 0.386792 0.111572 1.99136 
0.996597 0.499624 0.0661538 1.90472 
0.905171 0.46351 -0.2475 1.74484 
0.591661 0.616419 0.102006 1.19951 
1.00257 0.490411 0.0762204 1.915 
1.00407 0.488601 0.0795035 1.9176 
1.08696 0.324337 0.0418636 2.06489 
1.07737 0.187087 0.133124 2.04569 
1.0785 0.183946 0.125712 2.04674 
1.07589 0.20732 0.135611 2.04154 
1.07843 0.189891 0.126731 2.04587 
0.997669 0.498946 0.0679839 1.90706 
1.06313 0.370942 0.0258676 2.01831 
1.04305 0.415236 -0.152808 1.99857 
0.806701 0.607505 -0.00474301 1.56763 
1.00042 0.494774 0.0698062 1.91158 
1.06104 0.380087 -0.11936 2.02353 
0.995283 0.500351 0.0758161 1.90277 
1.0058 0.484604 0.0840758 1.92028 
1.09348 0.305805 -0.0295688 2.07634 
1.09504 0.301913 -0.0150817 2.07926 
1.09802 0.291314 -0.0268134 2.08457 
1.09555 0.298993 -0.0256289 2.08002 
1.05981 0.380339 0.0447712 2.00503 
1.07558 0.35049 -0.00156438 2.04322 
0.795311 0.58938 -0.021299 1.54643 
1.0646 0.360904 0.0884776 2.01695 
1.11887 0.201408 -0.0083211 2.12052 
1.11402 0.2335 -0.0197078 2.11308 
1.11385 0.231655 0.00774966 2.11195 
1.11584 0.228592 -0.0142038 2.117 
0.985284 0.512926 0.127867 1.88977 
1.07917 0.343135 0.00027596 2.0497 
0.907984 0.392438 0.131353 1.68545 
0.903893 0.398279 0.0991289 1.66804 
0.88948 0.425043 0.129261 1.66195 
0.900009 0.409238 0.116487 1.67261 
1.10812 0.257961 0.0466312 2.10398 
1.11577 0.227581 0.0526654 2.1182 
1.11231 0.241706 0.0262328 2.11054 
1.11166 0.245705 0.0407928 2.11035 
1.06637 0.370809 0.0210575 2.02888 
0.99944 0.495317 0.0675105 1.90953 
1.06229 0.383843 -0.010229 2.0138 
1.08846 0.301189 0.181933 2.07465 
1.07647 0.367287 0.0317863 2.05372 
1.07619 0.366576 0.023676 2.05196 
1.07518 0.371177 0.0273468 2.0514 
1.07564 0.368304 0.0264559 2.05176 
0.999413 0.494487 0.0666771 1.90928 
1.00137 0.493257 0.0713856 1.91318 
0.964903 0.36318 -0.216412 1.84181 
1.06671 0.365768 -0.131024 2.03659 
0.955052 0.517538 -0.0431156 1.83263 
0.765787 0.636916 -0.133988 1.52511 
0.755028 0.610844 -0.123879 1.50108 
0.755538 0.630039 -0.136329 1.5018 
0.773427 0.630787 -0.129903 1.53725 
0.938242 0.544302 -0.0303391 1.8036 
1.07011 0.359599 -0.125531 2.04295 
0.981527 0.333731 -0.192616 1.86655 
1.05411 0.323239 0.194864 2.0105 
1.01221 0.477745 0.061536 1.93126 
1.04797 0.40005 -0.152604 2.00621 
0.884591 0.524715 -0.0149109 1.69177 
0.886776 0.530891 -0.0511972 1.69744 
0.874989 0.536284 -0.0454883 1.67863 
0.998543 0.497397 0.0672678 1.90824 
1.11894 0.11675 0.194531 2.12248 
1.12312 0.148506 0.153285 2.12964 
1.11866 0.16526 0.185232 2.12365 
1.11922 0.156397 0.179865 2.1233 
1.06197 0.224964 0.166012 2.01741 
1.11348 0.236213 0.129533 2.11518 
1.1158 0.25452 0.104849 2.12225 
1.11091 0.268335 0.12753 2.1168 
1.11286 0.253123 0.127515 2.11734 
0.99718 0.499449 0.0632335 1.90596 
0.862754 0.557876 0.31687 1.70103 
0.951891 0.489169 0.308102 1.85201 
0.916561 0.543569 0.270357 1.78921 
0.906103 0.532254 0.295913 1.77242 
1.10997 0.240769 0.15566 2.10947 
1.10493 0.256296 0.156529 2.10061 
1.10631 0.248712 0.168509 2.10282 
1.10809 0.245132 0.159806 2.10632 
0.965988 0.35236 -0.25566 1.84853 
0.986498 0.514857 0.0888418 1.89063 
1.00111 0.49348 0.058948 1.91303 
1.00099 0.493216 0.0751673 1.91246 
0.808598 0.600155 -0.0135687 1.56913 
1.04597 0.405908 -0.152333 2.00313 
0.818254 0.606893 7.49017e-05 1.58999 
1.0955 0.297793 -0.0511632 2.08052 
1.09307 0.304906 -0.0382437 2.07551 
1.09797 0.289809 -0.037533 2.08445 
1.09576 0.297445 -0.0406013 2.08047 
0.965824 0.530561 0.123199 1.8504 
0.833054 0.543049 0.280093 1.64765 
0.845194 0.541765 0.256237 1.64968 
0.842537 0.539267 0.263768 1.62755 
0.841483 0.540724 0.262341 1.64025 
0.746704 0.630102 0.0556215 1.47815 
0.789196 0.616049 0.12166 1.55208 
0.815634 0.578545 0.0706849 1.58417 
0.80252 0.616436 0.0910391 1.57543 
1.09632 0.292833 -0.0617763 2.08263 
1.10098 0.274196 -0.0626993 2.09062 
1.09805 0.284429 -0.0726855 2.08611 
1.09888 0.282429 -0.06372 2.08678 
0.941124 0.560669 0.000291714 1.81162 
0.759526 0.540895 0.20047 1.46351 
0.75224 0.528992 0.197797 1.4286 
0.743396 0.539399 0.208571 1.43293 
0.751861 0.534808 0.202431 1.44555 
1.05281 0.249314 0.168142 2.00227 
0.997586 0.497652 0.075727 1.9068 
0.971809 0.421074 0.345483 1.8581 
1.00976 0.473969 0.0915017 1.92503 
1.07881 0.349315 0.00931263 2.05004 
1.07841 0.345969 0.0055064 2.04819 
1.0589 0.389436 -0.0127604 2.00634 
1.08679 0.314951 -0.106199 2.06877 
1.06408 0.386188 0.0176596 2.02756 
1.07672 0.344031 -0.0598124 2.04566 
1.08292 0.320959 -0.110588 2.06159 
1.0086 0.480338 0.0843778 1.92469 
1.07624 0.354612 0.0061207 2.04579 
1.07672 0.360992 0.0195879 2.05229 
1.07917 0.354078 0.0214203 2.05578 
1.07821 0.356377 0.0144311 2.05288 
1.07824 0.35723 0.0176201 2.0542 
1.01709 0.469352 0.0664101 1.9392 
0.831638 0.497202 0.159985 1.57501 
0.820934 0.495025 0.145902 1.54201 
0.813347 0.512005 0.170612 1.54593 
0.819895 0.501174 0.158903 1.5533 
0.999579 0.494121 0.0674197 1.90964 
1.05292 0.396222 -0.0944103 2.00613 
1.00039 0.494891 0.0696056 1.9115 
1.10249 0.271737 -0.067485 2.09448 
1.10212 0.273348 -0.0830597 2.09528 
1.09925 0.279333 -0.0760705 2.08856 
1.10148 0.273791 -0.075193 2.09299 
0.763495 0.610913 0.258302 1.52523 
0.776963 0.641668 0.19489 1.555 
0.683859 0.634882 0.191175 1.38171 
0.747069 0.631087 0.223629 1.5009 
1.04917 0.404609 -0.108949 2.00127 
1.08229 0.26618 0.183026 2.05951 
1.08728 0.28778 0.186621 2.0724 
1.07111 0.331965 0.208173 2.04445 
1.08206 0.339674 0.156117 2.06832 
1.01032 0.477832 0.0785617 1.92728 
0.838523 0.604204 -0.00720571 1.62728 
1.00347 0.488965 0.0867035 1.9168 
1.08409 0.330377 0.0341669 2.0582 
1.04266 0.416184 -0.099286 1.9884 
1.0877 0.335001 0.042978 2.0716 
1.09136 0.322043 0.033348 2.07647 
1.0886 0.334595 0.0308161 2.07279 
1.08859 0.329889 0.0370342 2.07197 
0.824182 0.617339 0.207451 1.63613 
0.821359 0.59742 0.279635 1.63136 
0.884532 0.570592 0.247135 1.73497 
0.851628 0.598237 0.249993 1.68124 
0.629936 0.624193 0.06048 1.26552 
1.00028 0.494911 0.0699593 1.91129 
0.999531 0.495586 0.0694112 1.90981 
1.06481 0.374347 0.0219315 2.02439 
0.979431 0.333691 -0.214901 1.86616 
0.995337 0.502895 0.0609264 1.90295 
0.985316 0.500936 0.146332 1.88855 
1.10196 0.28192 0.0912664 2.09584 
1.10152 0.27942 0.0627039 2.09307 
1.09828 0.297621 0.0719761 2.08946 
1.09959 0.287587 0.0745007 2.09107 
1.08625 0.326109 -0.0464279 2.06465 
1.08505 0.310779 0.0590721 2.05633 
0.946279 0.38391 -0.265113 1.81405 
0.763705 0.622795 0.0387453 1.49715 
0.89552 0.293954 0.535721 1.75852 
0.916293 0.315625 0.494437 1.78409 
0.862361 0.352263 0.522646 1.69485 
0.895208 0.319131 0.52473 1.7538 
1.09828 0.187534 0.209835 2.08781 
1.10163 0.21006 0.19624 2.09425 
1.09589 0.203725 0.197925 2.0839 
1.09851 0.202472 0.198744 2.08819 
0.921344 0.446878 -0.254722 1.78002 
1.08382 0.316359 0.192851 2.06832 
0.919068 0.587278 0.099065 1.7835 
1.05093 0.400474 0.0197929 1.98759 
0.792326 0.63749 0.0907171 1.5605 
0.996377 0.498902 0.0772814 1.90463 
0.919082 0.587553 0.0617049 1.78301 
0.843154 0.591074 0.14924 1.64991 
0.889314 0.520871 0.118768 1.71547 
0.852429 0.556664 0.0888992 1.65321 
0.856076 0.54855 0.111602 1.65185 
1.10404 0.205932 0.1938 2.09762 
1.10176 0.183089 0.209157 2.09351 
1.1088 0.183787 0.197716 2.10574 
1.10494 0.189508 0.204409 2.09929 
0.950298 0.546905 -0.0130777 1.82594 
0.885457 0.532769 -0.0615526 1.69558 
0.876604 0.542099 -0.054555 1.67931 
1.063 0.335263 0.211214 2.03055 
0.779701 0.547482 0.204088 1.50181 
0.803745 0.544279 0.215321 1.56244 
0.804634 0.531331 0.192121 1.53856 
0.79605 0.542101 0.198843 1.53051 
0.897138 0.511324 0.149037 1.72356 
0.84805 0.58525 0.180601 1.65896 
0.90266 0.546095 0.217633 1.7572 
0.882365 0.54832 0.185305 1.72017 
1.01997 0.457384 0.09121 1.94273 
1.06357 0.37973 0.0325764 2.0152 
1.05003 0.257726 0.177882 1.99502 
1.06577 0.370337 0.0316389 2.02138 
1.0136 0.473867 0.077182 1.93338 
0.965957 0.384798 -0.0987022 1.81845 
0.997282 0.48232 0.142138 1.90776 
0.735533 0.607898 -0.161347 1.46446 
0.756038 0.631241 -0.154726 1.50668 
0.766308 0.624205 -0.174679 1.52774 
0.758737 0.626101 -0.163256 1.50767 
0.944863 0.530481 -0.0445511 1.81459 
1.06614 0.329709 0.210642 2.03844 
1.04625 0.375187 0.154005 1.98312 
0.91388 0.333526 0.471192 1.78086 
0.884477 0.382656 0.456902 1.73501 
0.871595 0.370923 0.49839 1.70973 
0.886099 0.357247 0.474102 1.73164 
1.01603 0.432686 0.237015 1.93734 
1.0103 0.483434 0.0584438 1.92852 
0.97361 0.530222 0.0761901 1.86835 
0.912815 0.482876 -0.0611632 1.73795 
0.905533 0.493928 -0.0617869 1.72501 
0.908327 0.489895 -0.06489 1.72946 
1.00036 0.492756 0.0770309 1.91105 
1.11436 0.233701 -0.0346719 2.11474 
1.12159 0.200635 -0.0340269 2.12723 
1.11813 0.214125 -0.052709 2.12225 
1.11714 0.213147 -0.0379652 2.11914 
1.0576 0.277932 0.194987 2.0155 
1.04775 0.388584 0.123828 1.99065 
1.01082 0.481233 0.0621987 1.92894 
0.926122 0.53957 0.260614 1.81012 
1.06727 0.362632 -0.108269 2.03309 
0.999329 0.495979 0.0685302 1.90951 
1.0642 0.367738 0.21171 2.03606 
0.971002 0.481001 -0.0411895 1.85537 
0.498662 0.58499 -0.059659 1.04058 
0.558546 0.625483 -0.0551841 1.15406 
0.5974 0.633763 -0.101391 1.22652 
0.534566 0.609854 -0.0762111 1.1086 
1.0077 0.486405 0.0586731 1.92136 
1.07716 0.316572 0.0686331 2.03893 
0.772284 0.550643 0.261167 1.50571 
1.09029 0.277292 0.18194 2.07715 
1.0893 0.28835 0.184291 2.07635 
1.08872 0.267534 0.177644 2.07252 
1.08929 0.27865 0.181068 2.07459 
1.08553 0.336988 0.148468 2.07556 
1.05253 0.395349 -0.147429 2.01518 
1.06958 0.366633 0.21336 2.04888 
1.0711 0.326282 0.076061 2.02774 
0.594346 0.641121 -0.0686135 1.2217 
0.682976 0.648446 -0.116489 1.37941 
0.636127 0.642522 -0.121551 1.29519 
0.63873 0.645991 -0.111224 1.30263 
0.996534 0.498698 0.0799409 1.90479 
1.07468 0.324151 0.0677332 2.03427 
1.03519 0.441756 0.0442235 1.97006 
0.999416 0.496013 0.06829 1.90977 
0.99515 0.501121 0.0509698 1.90049 
0.754238 0.622769 0.0208802 1.4795 
0.998625 0.496325 0.0799245 1.90893 
1.0492 0.400001 -0.150638 2.00823 
0.952636 0.465938 0.337039 1.85231 
0.849504 0.54511 0.348521 1.67745 
0.916318 0.451829 0.410394 1.79273 
0.915453 0.485979 0.378468 1.79317 
0.780688 0.612153 0.00563905 1.52144 
1.02709 0.262048 0.125753 1.95529 
0.750391 0.526769 0.231759 1.44039 
0.997386 0.49829 0.0659493 1.90586 
1.0204 0.419408 -0.14051 1.95619 
1.05695 0.318439 0.19632 2.0178 
0.980703 0.319718 -0.221093 1.86471 
1.09515 0.290811 -0.072246 2.07946 
1.09567 0.289981 -0.0733359 2.08093 
1.05867 0.386803 -0.0540283 2.01174 
0.853457 0.561466 -0.0495607 1.64505 
0.803112 0.582789 -0.174471 1.57778 
0.600935 0.645584 -0.011057 1.2336 
0.610386 0.647483 0.0386292 1.25049 
0.673725 0.661632 0.015059 1.36416 
0.631734 0.654333 0.0140958 1.28997 
0.819205 0.61361 0.138218 1.60562 
1.09098 0.318734 0.0261516 2.07548 
1.08852 0.326717 0.0169491 2.06999 
1.08831 0.330302 0.0281802 2.07158 
1.08912 0.324866 0.022479 2.07148 
0.992535 0.505233 0.0648497 1.89774 
0.824206 0.591967 -0.0269635 1.59623 
0.842594 0.569498 -0.0445648 1.62613 
1.00176 0.491783 0.0749791 1.91359 
1.00161 0.492749 0.070857 1.91349 
0.999638 0.494126 0.0676578 1.90979 
0.828932 0.627478 0.0699015 1.62379 
0.875856 0.554099 -0.0482387 1.68022 
0.844947 0.597335 0.176567 1.65478 
1.00171 0.492976 0.0690148 1.91366 
0.810612 0.616204 0.0116776 1.57991 
1.02017 0.46822 0.0385089 1.94471 
0.978925 0.523068 0.0804734 1.87648 
0.933444 0.573383 0.0364653 1.79747 
0.692925 0.655314 -0.0854941 1.40028 
0.623439 0.651083 -0.0406411 1.27535 
0.686224 0.661082 -0.0160597 1.39012 
0.660524 0.657494 -0.0459438 1.34215 
0.932685 0.294101 0.321254 1.76414 
0.91605 0.304983 0.275463 1.7089 
0.896789 0.349666 0.384265 1.72327 
0.911642 0.317348 0.320968 1.719 
0.74466 0.652243 0.157771 1.49605 
0.646107 0.650087 0.0915789 1.31436 
0.657258 0.638481 0.154293 1.33324 
0.688535 0.651739 0.126751 1.3902 
0.759228 0.335445 0.533207 1.49711 
0.855666 0.284065 0.561858 1.69659 
0.82843 0.364441 0.535781 1.65328 
0.805633 0.340326 0.547414 1.60646 
1.00095 0.493744 0.0711079 1.91242 
0.921521 0.351574 0.144508 1.70463 
0.930334 0.318615 0.16773 1.7171 
0.939473 0.302757 0.134252 1.73046 
0.934276 0.325471 0.148357 1.72546 
0.863377 0.559732 -0.0472585 1.65939 
1.10592 0.270948 0.0154623 2.10018 
1.10616 0.269758 0.0363051 2.10083 
1.11088 0.254219 0.0192938 2.10918 
1.10717 0.26284 0.0217953 2.1016 
1.00022 0.494979 0.0698418 1.91117 
0.852283 0.483507 0.163255 1.61282 
0.869294 0.476517 0.173853 1.6486 
0.87392 0.454785 0.149479 1.64111 
0.866476 0.472146 0.161695 1.63474 
0.988839 0.508059 0.0825436 1.8926 
1.08019 0.315557 0.0582342 2.04569 
0.875823 0.599935 0.019212 1.69894 
0.998075 0.498334 0.0649696 1.907 
1.07595 0.352797 0.00980452 2.04392 
0.858194 0.410836 0.456937 1.68969 
0.810262 0.451495 0.461651 1.60898 
0.841685 0.401545 0.492928 1.65821 
0.838982 0.421128 0.476025 1.65788 
0.953052 0.545775 0.128331 1.83612 
0.869642 0.570075 0.258713 1.69838 
1.03069 0.452692 -0.0114026 1.96044 
0.991176 0.310872 -0.196876 1.88507 
0.999233 0.488544 0.115496 1.91173 
0.880966 0.499316 -0.252549 1.71464 
0.857403 0.514947 -0.244872 1.66685 
0.90834 0.542528 0.208969 1.75948 
0.984422 0.516201 0.0756598 1.88531 
1.05857 0.379567 0.102379 2.00525 
0.769045 0.593389 -0.0412641 1.50192 
0.726897 0.623728 -0.0832244 1.44417 
0.719154 0.630977 -0.0135333 1.43157 
0.740234 0.626602 -0.0470261 1.46572 
1.01457 0.472717 0.0706333 1.93466 
0.762539 0.641623 -0.129713 1.52092 
0.773429 0.639554 -0.135245 1.53968 
0.75394 0.640923 -0.130815 1.50327 
0.763878 0.640551 -0.132885 1.52245 
0.790499 0.592806 -0.00846881 1.54416 
0.762744 0.629539 0.0240952 1.50295 
0.814441 0.579635 0.0433157 1.58289 
0.785454 0.591918 0.0186614 1.5323 
0.769858 0.556735 0.215727 1.4889 
0.754293 0.55591 0.225844 1.46682 
0.757331 0.556121 0.233466 1.47225 
1.02831 0.300691 0.102973 1.9669 
1.04862 0.170945 -0.0224659 1.98453 
1.02721 0.262766 0.113523 1.95364 
1.0493 0.255402 0.100652 1.99815 
1.05703 0.166799 -0.0208304 2.00551 
1.078 0.152476 0.0675959 2.05453 
1.06796 0.153407 0.144403 2.0512 
1.07286 0.164897 0.12473 2.038 
1.02498 0.241824 0.359104 1.96545 
1.07727 0.235271 0.278443 2.07575 
1.00811 0.222868 0.403909 1.93582 
0.993504 0.21374 0.421511 1.91037 
0.988289 0.217575 0.421321 1.89609 
0.985074 0.229182 0.416671 1.89099 
0.803379 0.467731 0.418208 1.58094 
0.940825 0.405438 0.425106 1.83566 
0.790322 0.470864 0.418501 1.55694 
0.698997 0.508465 0.331633 1.36486 
0.790634 0.493332 0.389481 1.55661 
0.687994 0.510484 0.321911 1.33991 
0.70148 0.519307 0.272618 1.35176 
1.00153 0.297393 -0.139104 1.90597 
1.04172 0.413952 -0.158553 1.99584 
0.993418 0.503995 0.0713924 1.89998 
0.991477 0.506081 0.069594 1.89611 
0.9301 0.575426 0.0510476 1.79153 
0.987446 0.458631 0.011188 1.88213 
0.98572 0.455201 -0.0157395 1.87664 
0.983932 0.51042 0.0343638 1.88143 
0.983042 0.497814 -0.00300551 1.88057 
1.03018 0.438023 0.169373 1.9705 
1.03059 0.412728 0.136214 1.95738 
1.01135 0.452371 0.166134 1.93396 
1.03607 0.409885 0.116326 1.96225 
0.973006 0.493265 0.199589 1.87128 
1.00124 0.476638 0.01985 1.91343 
1.06842 0.362799 0.181386 2.0435 
1.01043 0.449634 -0.0953469 1.93611 
1.01352 0.456768 -0.0591801 1.93655 
0.877516 0.487009 -0.162743 1.67885 
1.06789 0.384286 0.201801 2.04695 
0.810725 0.565093 0.245996 1.60429 
0.810954 0.575506 0.240613 1.6164 
0.975996 0.496936 -0.025442 1.86777 
0.9864 0.340178 -0.165684 1.87666 
0.994428 0.503255 0.0693798 1.90155 
1.04155 0.427755 -0.142959 1.99798 
1.00767 0.460979 -0.0259596 1.92626 
