0.980618 0.200388 -0.0861301 1.77169 
1.00016 0.24742 0.034716 1.8173 
1.01148 0.184827 -0.0139993 1.83568 
0.944329 0.214339 0.114717 1.68713 
0.948018 0.222721 0.115289 1.70096 
0.946136 0.294019 0.136616 1.7165 
0.943614 0.243401 0.120646 1.70077 
1.0133 0.183385 0.0831144 1.83464 
0.999093 0.250097 0.0368907 1.81563 
1.01779 0.124657 0.157098 1.84449 
0.921759 0.304123 0.113418 1.66426 
0.931997 0.334334 0.121573 1.69398 
0.921689 0.32315 0.0994552 1.66883 
0.926458 0.317505 0.110715 1.67727 
1.0108 0.190204 -0.010367 1.83453 
1.03063 0.126319 0.0981322 1.86023 
1.03043 0.127245 0.0979176 1.85972 
1.0297 0.12827 0.100235 1.86067 
1.03055 0.12686 0.0986186 1.86012 
1.00381 0.234727 0.0289119 1.82326 
1.01793 0.141293 0.0960063 1.8506 
1.01187 0.164523 0.124975 1.83948 
1.01697 0.125534 0.120266 1.84888 
1.01901 0.142742 0.114646 1.85407 
1.00337 0.236893 0.0190139 1.82244 
0.991326 0.279176 0.0441265 1.80413 
1.02024 0.160343 -0.0515412 1.85126 
1.00206 0.244843 0.0244675 1.821 
1.01549 0.154841 0.0913104 1.84693 
1.01933 0.163964 -0.013614 1.84499 
1.01209 0.184017 -0.0196946 1.83485 
1.02194 0.153483 -0.0388314 1.85379 
0.903592 0.400354 0.208821 1.67083 
0.893544 0.38684 0.245667 1.65241 
0.918915 0.385502 0.243215 1.6942 
0.903439 0.393635 0.227765 1.67215 
1.02504 0.119022 0.083999 1.85987 
1.02471 0.130784 0.0879797 1.8611 
1.00676 0.22467 0.0387164 1.82733 
1.0002 0.247668 0.0344935 1.81748 
1.02082 0.160302 -0.0443234 1.85154 
0.991014 0.275609 0.0170885 1.80003 
0.867242 0.448081 0.197505 1.61083 
0.861054 0.417562 0.267839 1.60058 
0.919211 0.402758 0.190101 1.69775 
0.889751 0.429585 0.223638 1.65878 
1.00011 0.247437 0.0348254 1.81719 
1.00148 0.241311 0.0359412 1.81912 
0.99084 0.284152 0.0349931 1.80182 
1.01866 0.148727 0.0812235 1.84985 
1.01849 0.119561 0.16051 1.84794 
1.02077 0.12922 0.140617 1.8528 
1.01805 0.139819 0.15686 1.8468 
1.02013 0.130709 0.152916 1.85189 
0.979649 0.244966 -0.0638154 1.77297 
1.01513 0.156645 0.0654173 1.84219 
1.01352 0.202175 0.020644 1.84379 
1.01256 0.204492 0.0350025 1.84289 
1.01505 0.194929 0.0262674 1.84684 
1.01368 0.201348 0.0262556 1.84458 
1.02396 0.114178 0.0887369 1.85947 
1.02434 0.109588 0.0875088 1.85961 
1.02341 0.111255 0.0828787 1.85841 
1.02357 0.111703 0.0860623 1.85951 
0.960952 0.286354 -0.0226993 1.74056 
0.959435 0.28656 -0.0562496 1.73522 
0.954419 0.326477 -0.0396084 1.73761 
0.960735 0.296243 -0.0374327 1.74092 
1.01182 0.195797 -0.0786768 1.83999 
1.01361 0.180451 0.019787 1.83829 
1.02668 0.131822 0.10301 1.85784 
1.01559 0.139634 0.142249 1.84366 
1.00202 0.239173 0.0369747 1.82036 
0.995984 0.258935 0.0481467 1.81007 
0.986458 0.199107 -0.0725713 1.7833 
1.01765 0.178814 0.0113215 1.84628 
1.01211 0.188925 0.0317715 1.83644 
0.98456 0.290461 0.0894252 1.79304 
1.03065 0.0766894 0.000220447 1.87321 
1.02927 0.10459 0.0181059 1.87131 
1.03118 0.0767147 0.0254186 1.87314 
1.03166 0.0860501 0.0146709 1.87572 
1.01658 0.192489 0.0107325 1.845 
0.999671 0.246983 0.0289104 1.81583 
1.02049 0.171157 0.01495 1.84815 
1.01653 0.188233 0.00982951 1.84515 
1.02212 0.14931 -0.0433186 1.85428 
0.957773 0.345673 0.122597 1.74675 
1.00042 0.246774 0.032945 1.81783 
1.02393 0.14666 -0.00252194 1.86549 
1.02376 0.138416 -0.0117452 1.86406 
0.999686 0.248472 0.0324947 1.81645 
1.00116 0.243397 0.0358682 1.81888 
1.01254 0.206807 0.0196343 1.8417 
1.00791 0.231237 0.023502 1.8346 
1.01106 0.20861 0.0386358 1.83917 
1.01095 0.215246 0.0312893 1.83964 
1.02906 0.088162 -0.0111835 1.87015 
1.02661 0.116559 -0.0129467 1.86802 
1.02956 0.113534 0.00998036 1.87254 
1.0287 0.106887 -0.00311744 1.87052 
1.00332 0.235945 0.013709 1.82182 
1.01474 0.195621 0.00677513 1.84801 
1.00012 0.247501 0.0337602 1.81726 
1.0115 0.185329 -0.00213779 1.83511 
1.01931 0.160454 -0.0162882 1.84489 
1.00019 0.247553 0.0345163 1.81742 
0.973897 0.327582 0.0632442 1.77884 
0.980443 0.298668 -0.021694 1.78327 
1.01708 0.135789 0.123746 1.85381 
1.00293 0.226164 0.0746009 1.81946 
1.01697 0.185141 0.00977279 1.84646 
1.00754 0.211182 0.0122572 1.82859 
0.999767 0.248201 0.0345441 1.81648 
1.01101 0.155046 0.111278 1.85098 
0.950344 0.113223 0.0937554 1.68594 
0.959194 0.099202 0.0458999 1.70264 
0.956115 0.0939365 0.0349843 1.69001 
0.955183 0.089603 0.0455611 1.69094 
0.996474 0.224386 -0.0433089 1.8021 
0.982188 0.204559 -0.0284132 1.77433 
0.979753 0.218974 -0.0155338 1.77065 
0.983088 0.207562 -0.00439673 1.77612 
0.982141 0.209956 -0.0168669 1.77595 
1.01882 0.122505 0.115493 1.85288 
0.991667 0.275067 0.0267459 1.80356 
0.966287 0.273134 -0.0572967 1.74958 
0.963564 0.282156 -0.0255688 1.74573 
0.969394 0.276685 -0.0337509 1.75749 
0.966535 0.28 -0.0340882 1.75157 
0.995617 0.275517 0.0140229 1.80971 
1.00004 0.247301 0.0335421 1.81698 
0.943878 0.34702 0.142271 1.72068 
0.945745 0.346124 0.146742 1.72499 
1.01222 0.182381 0.00587292 1.83604 
1.02201 0.136596 0.0885779 1.86102 
1.00082 0.24445 0.0351025 1.81821 
1.03289 0.025493 -0.00648062 1.87328 
1.032 0.0472888 -0.0220446 1.87133 
1.03222 0.0572822 0.00747962 1.8735 
1.03297 0.0427414 -0.00613435 1.87363 
0.983075 0.241899 -0.162492 1.79396 
1.02035 0.169774 0.00794998 1.85101 
1.02118 0.166458 0.0102846 1.85249 
1.021 0.165676 0.00405685 1.85171 
1.02078 0.167468 0.00726933 1.85118 
0.952329 0.189431 0.103845 1.69521 
0.947572 0.173263 0.107343 1.6793 
0.950309 0.13323 0.0855112 1.68069 
0.949553 0.164221 0.0964416 1.68352 
1.01329 0.188705 -0.0459824 1.83568 
1.01712 0.184679 0.0107911 1.84394 
1.01557 0.16816 -0.0116522 1.83992 
0.994658 0.267703 0.0281802 1.80937 
0.977936 0.27689 -0.0343897 1.772 
0.999578 0.249136 0.0348757 1.8163 
1.01701 0.182904 0.0130194 1.84784 
1.01751 0.181015 0.0114793 1.84808 
1.0162 0.186873 0.0144548 1.84786 
1.01565 0.189679 0.0136257 1.84777 
1.01548 0.190755 0.0163539 1.8476 
1.01566 0.189541 0.0151039 1.84779 
0.925737 0.367282 0.0836005 1.6851 
1.01008 0.201331 0.00588991 1.83364 
1.02873 0.109874 0.0297227 1.87195 
1.02533 0.107341 0.0480405 1.87072 
1.03137 0.08407 0.0373208 1.87372 
1.02781 0.101591 0.0383307 1.87156 
0.986698 0.160366 -0.031034 1.77831 
0.984963 0.195782 -0.0323536 1.77991 
0.986407 0.192977 -0.00419427 1.78034 
0.986074 0.186209 -0.0215142 1.7791 
1.0114 0.188299 -0.0252327 1.83332 
1.01327 0.145719 0.0869921 1.84954 
0.990001 0.246424 -0.0486278 1.79341 
0.979433 0.238989 -0.020841 1.7712 
0.978533 0.240548 -0.0266723 1.76972 
0.978744 0.257083 -0.0244044 1.77138 
0.978937 0.245021 -0.0244186 1.77093 
1.00661 0.151332 -0.123383 1.8274 
0.974788 0.241838 -8.29532e-05 1.76291 
0.977464 0.236311 0.0242216 1.7677 
0.980807 0.216868 0.0098507 1.77175 
0.977246 0.22933 0.0106376 1.7663 
1.02315 0.131626 0.123398 1.85689 
1.02595 0.129342 0.112392 1.85825 
1.02396 0.137901 0.11689 1.85689 
1.02459 0.133328 0.117098 1.85823 
0.977145 0.273561 -0.0414815 1.77118 
1.03109 0.00593453 0.00787992 1.87121 
1.03143 0.05456 -0.00478569 1.87355 
1.03282 0.0603702 0.027017 1.87681 
1.03208 0.0397855 0.0165127 1.87459 
0.993987 0.223179 0.128772 1.78922 
0.882936 0.360125 0.293593 1.63176 
0.876152 0.316467 0.349967 1.61961 
0.909179 0.335382 0.313153 1.68128 
0.893416 0.341782 0.318369 1.65597 
1.00063 0.245573 0.0313188 1.81788 
0.992526 0.177933 -0.0897803 1.7944 
1.01781 0.17296 0.00384048 1.84276 
1.00353 0.226187 -0.00570387 1.82312 
1.01016 0.197054 -0.0845316 1.83839 
0.97474 0.280423 -0.028265 1.76748 
1.00519 0.231066 0.026943 1.82529 
1.01451 0.161854 0.0320239 1.83904 
0.999061 0.250691 0.0357103 1.81549 
1.02747 -0.0388997 0.0685444 1.86371 
1.03353 -0.0146933 0.0190771 1.87507 
1.03254 0.0164805 0.0652654 1.87556 
1.0309 -0.0100564 0.0517167 1.87063 
1.02083 0.134975 0.139678 1.85963 
0.979788 0.311463 0.00975759 1.79055 
0.941454 0.270433 0.113356 1.69364 
0.946788 0.241511 0.0976988 1.69663 
0.945139 0.238867 0.0915749 1.68808 
0.945079 0.249749 0.101391 1.69341 
1.02365 0.128014 0.0384054 1.86374 
1.02337 0.115187 0.0470305 1.86764 
1.02434 0.118003 0.0298199 1.86764 
1.02347 0.120163 0.0384315 1.86783 
1.02397 0.106654 0.083337 1.86025 
1.02385 0.107869 0.080592 1.86189 
1.02411 0.109982 0.07917 1.86072 
1.02316 0.106875 0.0802761 1.8591 
0.997616 0.248356 0.0151561 1.81112 
0.974155 0.254525 -0.0385149 1.76115 
1.00172 0.239502 0.0394113 1.81964 
0.943958 0.36359 0.0886144 1.71908 
1.00025 0.247208 0.0343993 1.81748 
1.00014 0.24729 0.0347412 1.81724 
1.00012 0.247307 0.0335158 1.81709 
1.00089 0.245784 0.0291696 1.81878 
0.951836 0.183398 0.0863764 1.69511 
0.957669 0.136726 0.0651317 1.68872 
0.957273 0.150121 0.0632812 1.69004 
0.95811 0.154927 0.0697485 1.69129 
1.00454 0.192291 0.134144 1.82645 
1.02677 0.128638 -0.0054104 1.86902 
1.02407 0.139337 0.00875912 1.8648 
1.02706 0.123406 0.01147 1.86824 
1.02703 0.130653 0.00542497 1.86901 
1.02743 0.127345 0.102006 1.8594 
0.999938 0.247611 0.0357976 1.81677 
1.03113 -0.0051004 0.0139497 1.87158 
1.03194 0.0476782 0.0353073 1.87364 
1.02812 -0.00161317 0.056876 1.86485 
1.03476 0.00204081 0.0310511 1.88127 
1.01592 0.169807 0.00947006 1.84046 
1.00061 0.245393 0.0371792 1.81813 
1.02814 0.120157 -0.00486753 1.86379 
1.02711 0.127358 -0.0137487 1.86175 
1.02555 0.133216 -0.00536286 1.86071 
1.02692 0.127334 -0.00797152 1.86144 
1.02533 0.11682 -0.0502266 1.86129 
1.02418 0.124903 -0.0521869 1.85946 
1.02583 0.12461 -0.0431389 1.86179 
1.02555 0.122367 -0.0485037 1.86167 
1.00538 0.227217 0.0360083 1.82555 
0.99975 0.248199 0.0344235 1.81649 
0.999399 0.250275 0.0351524 1.81606 
0.94788 0.251407 0.10514 1.70036 
0.94484 0.28222 0.122093 1.70188 
0.949255 0.276797 0.121378 1.70905 
0.94882 0.26706 0.114721 1.70413 
0.994983 0.172831 -0.0590508 1.79644 
0.973403 0.330126 0.0524715 1.77773 
0.99342 0.194 -0.106041 1.80218 
1.0202 0.169018 0.0136414 1.85145 
1.01975 0.171893 0.0105366 1.85001 
1.01876 0.174228 0.0163985 1.84987 
1.01969 0.171766 0.0136753 1.85088 
1.02665 0.106253 0.0731273 1.86436 
1.02313 0.129438 0.0847877 1.85919 
1.02404 0.109988 0.104682 1.86103 
1.02266 0.114875 0.0871335 1.85713 
1.01929 0.172467 0.0142641 1.84513 
1.00027 0.246808 0.034818 1.81745 
1.02169 0.145566 -0.0554431 1.85477 
1.01406 0.198729 0.0393572 1.84517 
1.01705 0.182965 0.0368447 1.84895 
1.01577 0.190985 0.0288886 1.84729 
1.01553 0.190772 0.0359768 1.84678 
0.981647 0.309389 -0.0143219 1.78673 
1.0249 0.134584 0.0573429 1.86075 
1.02462 0.135554 0.0487354 1.85981 
1.02717 0.13122 0.110477 1.85946 
1.02621 0.134861 0.107948 1.85848 
1.02501 0.137654 0.1127 1.85795 
1.02505 0.134716 0.110699 1.85772 
1.00129 0.238733 0.0135672 1.81893 
1.02189 0.125851 0.088883 1.85656 
0.951246 0.331947 0.15733 1.73417 
1.01232 0.189677 0.00252335 1.83705 
0.954667 0.106507 0.0587823 1.68714 
0.956616 0.0956326 0.0732977 1.69858 
0.955048 0.101436 0.0421649 1.68719 
0.951267 0.0917466 0.0556556 1.68264 
0.969202 0.210702 0.297188 1.76672 
0.982788 0.166738 0.286901 1.78918 
0.983673 0.205182 0.264615 1.78985 
0.979112 0.194314 0.284276 1.78335 
1.00858 0.207106 0.0501148 1.83085 
1.00091 0.244416 0.0340461 1.81847 
1.01761 0.169126 -0.0251859 1.84243 
0.855106 0.354744 0.346762 1.59005 
0.871375 0.242416 0.405114 1.61454 
0.929612 0.293945 0.314412 1.71462 
0.894957 0.307862 0.3654 1.66875 
1.02476 0.131806 0.0110649 1.8596 
1.02702 0.121528 0.00257803 1.86242 
1.0247 0.134629 0.000264919 1.85909 
1.02588 0.129292 0.00463465 1.86168 
1.00008 0.247749 0.0341239 1.81721 
0.962765 0.334576 0.13089 1.75467 
1.01781 0.168627 0.000966502 1.84353 
0.977319 0.253721 -0.0138586 1.76901 
0.978504 0.241429 -0.0159935 1.77 
0.978984 0.260191 -0.0227602 1.7725 
0.977835 0.25248 -0.0179544 1.76903 
1.01815 0.150269 0.0618293 1.84739 
0.987434 0.287978 0.0526937 1.79623 
1.02592 0.138607 0.0431019 1.85887 
1.00877 0.181531 0.119284 1.84495 
0.932153 0.343598 0.104878 1.6943 
0.936154 0.356853 0.120383 1.7051 
1.01393 0.182319 0.01044 1.839 
1.01649 0.186659 0.025909 1.84805 
1.01754 0.179667 0.031097 1.84915 
1.01791 0.179218 0.022116 1.84955 
1.01738 0.182251 0.0260136 1.84913 
1.01761 0.125305 0.143094 1.85234 
1.01123 0.172592 0.145551 1.84152 
1.00772 0.157893 0.18129 1.83594 
1.00908 0.151872 0.15671 1.83446 
1.02248 0.120316 0.134482 1.85674 
1.02132 0.106268 0.151615 1.85396 
1.02376 0.100023 0.128333 1.85831 
1.02191 0.109416 0.137533 1.85436 
1.01573 0.169523 0.0106314 1.83947 
1.00632 0.210919 0.100358 1.82517 
0.99974 0.248378 0.0384833 1.81655 
0.991461 0.15515 0.266203 1.80271 
1.00118 0.166785 0.225519 1.81679 
0.990714 0.193552 0.249319 1.80074 
0.995507 0.172645 0.24683 1.80863 
0.978639 0.291182 -0.0231862 1.77801 
1.01001 0.199008 -0.0318484 1.83154 
1.01548 0.191456 0.0139238 1.8478 
1.01547 0.191254 0.0148561 1.84738 
1.01533 0.191877 0.0159474 1.84737 
1.01542 0.191852 0.0150634 1.84757 
1.02175 0.153044 -0.0307382 1.85258 
1.02136 0.162965 0.00331842 1.85196 
1.02157 0.163236 0.0103762 1.85279 
1.02244 0.15742 0.00683864 1.85402 
1.02231 0.16116 0.00680098 1.85382 
1.02916 0.0762399 0.0674583 1.86907 
1.02529 0.102965 0.0627886 1.86948 
1.02642 0.0926822 0.072687 1.86666 
1.0273 0.0905944 0.0664919 1.86823 
0.960964 0.343174 0.14463 1.75315 
1.03013 0.129043 0.101222 1.8605 
1.03026 0.127961 0.0986611 1.85955 
1.02996 0.129754 0.101673 1.85958 
1.0301 0.128881 0.100625 1.85974 
0.997165 0.254205 0.0544943 1.81236 
0.999797 0.2481 0.0344167 1.81656 
0.999694 0.248522 0.032962 1.81638 
1.01513 0.192031 0.0147934 1.8465 
1.01425 0.196162 0.0157116 1.84478 
1.01535 0.19302 0.0172003 1.84731 
1.01488 0.193698 0.0165245 1.84608 
1.01565 0.179278 -0.0692804 1.84524 
1.02433 0.119974 0.0909782 1.85421 
1.02888 0.131904 0.105419 1.86061 
1.02621 0.0990358 0.0563916 1.87073 
1.03062 0.0703406 0.0620537 1.87038 
1.03096 0.0748177 0.0469791 1.87268 
1.0295 0.0806482 0.0557469 1.87156 
1.01973 0.164182 -0.0431994 1.84857 
1.00022 0.246237 0.0426503 1.81715 
1.00031 0.246736 0.0344773 1.81749 
0.91831 0.314376 0.32515 1.69471 
0.89018 0.297679 0.363756 1.64947 
0.920981 0.27943 0.348584 1.69712 
0.911742 0.301417 0.342004 1.68439 
1.00016 0.247397 0.0342887 1.81729 
0.999758 0.248035 0.0377386 1.81658 
0.999959 0.247677 0.035447 1.81692 
1.01483 0.198509 0.0120796 1.84554 
1.01501 0.185239 -0.0682213 1.84376 
1.01993 0.089705 0.154887 1.85152 
1.02341 0.0571099 0.13405 1.85773 
1.02352 0.0870562 0.127506 1.85795 
1.02268 0.0765847 0.140442 1.85661 
0.904142 0.44521 0.0199386 1.67047 
0.896747 0.45302 0.0506532 1.65853 
0.922839 0.437457 0.0367282 1.7008 
0.909514 0.446445 0.0341116 1.68315 
1.00032 0.244035 0.0252476 1.81763 
1.00796 0.201956 -0.00674767 1.83019 
1.01691 0.178484 -0.000725148 1.85344 
1.01715 0.186451 0.00932417 1.84484 
1.00573 0.226967 0.0291237 1.82576 
1.00022 0.247308 0.0346399 1.81742 
1.01664 0.183966 0.0102996 1.84374 
0.987524 0.197165 -0.109701 1.78904 
1.01971 0.137665 0.0927671 1.85865 
0.973175 0.250541 0.0266173 1.76058 
0.97283 0.252591 0.00242314 1.7606 
0.969298 0.264648 0.0166216 1.75464 
0.971426 0.254247 0.0150227 1.75703 
0.998532 0.253212 0.0380573 1.81502 
1.02088 0.139445 0.0695802 1.85712 
0.948196 0.358586 -0.127638 1.73813 
1.01712 0.170497 -0.0651866 1.84772 
0.997353 0.255086 0.048654 1.81251 
1.02814 0.126063 0.103891 1.85556 
1.00014 0.247638 0.0342397 1.81728 
1.01512 0.168023 0.00824129 1.83944 
1.01847 0.173086 0.0445854 1.851 
1.01716 0.18008 0.0618054 1.85018 
1.01988 0.161101 0.0503785 1.85331 
1.0184 0.169744 0.0527905 1.85102 
1.01645 0.188221 0.0101095 1.84619 
1.03009 0.126164 0.0987288 1.86041 
1.02853 0.128816 0.100711 1.86089 
1.02723 0.128736 0.100297 1.8608 
1.02871 0.127988 0.0998392 1.86086 
0.994755 0.170755 -0.0506652 1.79639 
0.991869 0.25237 0.190119 1.80577 
0.985403 0.235064 0.229736 1.79442 
0.997763 0.217834 0.199413 1.81301 
0.993554 0.236917 0.201677 1.80842 
1.0021 0.227518 0.0597262 1.81977 
1.02294 0.139534 0.0661879 1.85314 
0.999758 0.248077 0.0345471 1.81647 
0.999953 0.246667 0.0316817 1.8168 
1.02289 0.145343 -0.0411471 1.85607 
0.999861 0.247867 0.035988 1.81677 
0.999623 0.24708 0.0300628 1.81574 
1.00042 0.24662 0.0312249 1.81762 
0.976044 0.244714 0.24525 1.77924 
0.974258 0.246067 0.193693 1.77698 
0.966584 0.22352 0.231151 1.75502 
0.971669 0.254466 0.246789 1.7744 
1.00013 0.247595 0.033994 1.81728 
1.01123 0.202318 -0.066747 1.83637 
1.01421 0.175872 0.0168692 1.83882 
1.00026 0.24429 0.0944387 1.81916 
1.00732 0.199057 0.114968 1.83187 
1.01209 0.190367 0.0868526 1.84075 
1.00981 0.207967 0.0990401 1.84065 
1.01224 0.148699 0.19229 1.83645 
1.01699 0.122093 0.175465 1.84586 
1.01699 0.144894 0.167661 1.84465 
1.01443 0.13885 0.178945 1.83994 
0.999676 0.248486 0.034649 1.81642 
1.00021 0.247139 0.034667 1.81738 
1.0009 0.244918 0.0306878 1.81849 
1.00054 0.244376 0.0326433 1.81744 
1.01897 0.155513 0.0279298 1.84331 
1.0101 0.208706 -0.0669678 1.83451 
1.01288 0.187905 0.0193401 1.83763 
0.999477 0.244891 0.0209697 1.81484 
1.01182 0.196907 0.0308439 1.83666 
0.999698 0.247107 0.0316236 1.81608 
0.990172 0.184114 -0.033415 1.78756 
1.01008 0.200315 0.0464207 1.83362 
0.975752 0.294619 -0.0234355 1.77268 
1.03362 0.0187029 0.0217509 1.87498 
1.03124 0.0563401 0.0240076 1.87103 
1.03089 0.0395388 0.05072 1.87042 
1.03244 0.0415209 0.0334903 1.87403 
1.01222 0.188376 0.0386515 1.83665 
1.02725 0.124651 0.0939724 1.85744 
1.02371 0.134077 0.0775354 1.86163 
1.02415 0.133593 0.0701004 1.86078 
1.02759 0.0959419 -0.0444468 1.86459 
1.02651 0.107475 -0.0478116 1.8631 
1.0281 0.107262 -0.0353696 1.86565 
1.02789 0.104084 -0.0424481 1.86552 
1.0137 0.189576 -0.0686314 1.84096 
1.00499 0.211874 0.0615191 1.82412 
1.00033 0.246155 0.0335514 1.81747 
1.01787 0.167479 -0.0304353 1.84257 
1.01593 0.152895 0.0586605 1.84318 
0.960388 0.317694 -0.157963 1.75735 
0.996463 0.259504 0.0313171 1.81048 
1.01867 0.175809 0.0222664 1.85044 
1.01883 0.174843 0.0303737 1.8513 
1.01985 0.169954 0.0244377 1.85192 
1.01901 0.173135 0.025664 1.8509 
1.01529 0.193683 0.0130328 1.84694 
0.942201 0.324851 0.142253 1.71651 
0.934798 0.338889 0.139158 1.7069 
0.936508 0.27865 0.129383 1.68814 
0.937023 0.320131 0.140502 1.70708 
1.02379 0.119155 0.0534241 1.86777 
1.02461 0.130312 0.045219 1.86433 
1.025 0.128991 0.0587131 1.86364 
1.02455 0.126644 0.0522035 1.8648 
1.01701 0.184379 0.00916161 1.84469 
1.02623 0.140276 0.0448034 1.85465 
0.998201 0.194378 -0.0790578 1.81211 
1.02869 0.110363 0.0955624 1.85979 
1.02837 0.120021 0.104931 1.85917 
1.02793 0.111599 0.103648 1.85956 
1.02868 0.114006 0.101438 1.86016 
1.01206 0.194929 -0.077422 1.84018 
0.987948 0.274675 0.0909686 1.80024 
0.976344 0.321402 0.00781728 1.78448 
1.01468 0.190973 0.00739144 1.848 
1.01458 0.187339 -0.0661092 1.84242 
0.999992 0.247204 0.0392688 1.81637 
1.01551 0.19189 0.0119375 1.84713 
0.999752 0.248332 0.0341091 1.81652 
1.02858 0.132936 0.107411 1.85818 
1.01628 0.175388 0.0715503 1.84867 
1.0185 0.153954 0.0736516 1.85193 
1.01973 0.155665 0.0570116 1.85222 
1.01899 0.162054 0.0663152 1.8535 
0.979818 0.275338 -0.0290796 1.77601 
0.979808 0.271711 -0.026173 1.77629 
1.01497 0.163144 0.0780449 1.84078 
0.999923 0.2478 0.0341437 1.81681 
1.01018 0.194307 0.0462343 1.83319 
1.01605 0.192207 0.0116538 1.84533 
1.03222 0.0618205 0.0468229 1.87413 
1.03181 0.0553343 0.0634493 1.87196 
1.03217 0.0136446 0.0551545 1.87406 
1.03157 0.0468568 0.0510105 1.8714 
1.0002 0.24703 0.0351985 1.81733 
1.01558 0.137473 0.100685 1.8543 
0.94861 0.23908 0.313122 1.74431 
0.913284 0.192318 0.413613 1.6958 
0.96519 0.143343 0.327489 1.76898 
0.948781 0.203379 0.345964 1.7449 
0.935879 0.355084 0.0365056 1.70195 
1.00749 0.217478 0.0182217 1.82867 
0.968828 0.348422 0.0309898 1.76338 
0.945649 0.364394 0.0756154 1.72236 
1.00009 0.247075 0.0358873 1.81713 
1.00024 0.247109 0.0343666 1.81744 
1.01033 0.202426 0.0368553 1.83385 
1.02601 0.11695 0.0852486 1.84793 
0.973043 0.333403 0.0263393 1.77974 
1.01418 0.170864 -0.0148838 1.83778 
1.01717 0.167108 -0.0170734 1.84107 
1.01524 0.191228 0.0139661 1.84684 
1.01546 0.191662 0.0132032 1.84751 
0.977815 0.317764 0.0733188 1.7883 
0.999366 0.249624 0.036526 1.81577 
0.930251 0.335126 0.170442 1.68736 
0.913289 0.399316 0.197615 1.68272 
0.925081 0.358001 0.212608 1.69242 
0.925875 0.373895 0.198395 1.69277 
1.0004 0.246386 0.0340023 1.81768 
0.956453 0.35712 0.0993407 1.74773 
1.01619 0.184573 0.0121858 1.84673 
1.01718 0.184313 0.012822 1.84826 
1.00981 0.0735194 0.217393 1.83993 
1.00226 0.137567 0.222263 1.82536 
0.992988 0.113557 0.267637 1.81075 
0.998508 0.106349 0.23583 1.81306 
1.01533 0.167038 -0.00647919 1.8398 
1.02043 0.155171 0.032866 1.84635 
1.01651 -0.0563414 0.159578 1.84672 
1.02318 0.0172604 0.145519 1.85549 
1.01117 0.0103044 0.198085 1.8363 
1.02264 -0.0106044 0.171864 1.85846 
1.02415 0.116343 0.0819801 1.86175 
1.02546 0.132049 0.087288 1.86323 
1.02388 0.115778 0.0798176 1.85871 
1.02465 0.120642 0.0834748 1.8616 
0.927526 0.368534 0.0966163 1.69099 
1.01359 0.191572 -0.068867 1.84091 
1.02168 0.156775 -0.026542 1.85191 
0.989747 0.261923 0.151324 1.80907 
1.00453 0.214246 0.132583 1.83186 
0.994859 0.261412 0.110066 1.81476 
0.996269 0.248005 0.131441 1.81779 
0.980186 0.223917 -0.0213341 1.7718 
0.981467 0.212335 -0.0316814 1.77435 
0.979448 0.227366 -0.028161 1.77013 
0.978956 0.220357 -0.0257903 1.76886 
1.01572 0.177133 -0.0382738 1.83862 
1.00025 0.247409 0.0344978 1.81756 
0.995145 0.267237 0.0114519 1.80886 
1.01062 0.163192 0.190422 1.83233 
1.0156 0.155268 0.167005 1.8409 
1.01362 0.174017 0.168047 1.8361 
1.01411 0.165029 0.174057 1.83829 
0.975667 0.251385 -0.0369476 1.76369 
1.00124 0.228506 0.160112 1.81689 
0.992066 0.247774 0.175945 1.80495 
1.00055 0.21885 0.185198 1.81752 
0.998804 0.23147 0.177302 1.81469 
0.98685 0.22128 -0.14187 1.79657 
0.94644 0.298766 0.139626 1.71739 
0.946797 0.240412 0.115944 1.70565 
0.948779 0.281134 0.129441 1.7122 
0.949077 0.272273 0.129639 1.71327 
1.02045 0.168542 0.0164633 1.85256 
1.01898 0.173979 0.0190791 1.85052 
1.02003 0.16895 0.0219522 1.85196 
1.01967 0.170558 0.0192966 1.85132 
1.01889 0.16501 -0.0377385 1.84547 
1.01482 0.190732 0.134695 1.83582 
1.00876 0.20938 0.147283 1.82753 
1.01347 0.189457 0.153356 1.83551 
1.0132 0.196107 0.145442 1.83485 
1.02421 -0.0316159 0.109051 1.85921 
1.02658 0.02092 0.0940931 1.86313 
1.01744 0.01652 0.158002 1.84977 
1.02797 0.000241491 0.120314 1.86921 
0.978311 0.234433 0.0427769 1.76845 
0.986251 0.230319 0.0646781 1.79266 
0.982732 0.203088 0.0184296 1.773 
0.984016 0.219875 0.0468709 1.78209 
1.00169 0.241314 0.0342668 1.81957 
1.00005 0.247307 0.035388 1.81709 
1.02269 0.156223 -0.00547839 1.85449 
1.02166 0.161501 0.00015905 1.85259 
1.02315 0.15526 0.00255031 1.85537 
1.02215 0.158505 -0.000640192 1.85335 
0.999877 0.24768 0.0348538 1.81672 
1.01911 0.159237 -0.0619302 1.85115 
1.00014 0.247264 0.036248 1.81722 
1.01017 0.205555 0.105902 1.82726 
1.00038 0.246239 0.0341697 1.8176 
0.948175 0.341635 0.146211 1.72874 
0.949469 0.348066 0.14152 1.73244 
0.980553 0.268861 -0.045554 1.77667 
0.999956 0.247623 0.0350196 1.81687 
1.01536 0.191082 0.00423054 1.84957 
1.01335 0.179861 0.0402602 1.83827 
1.01634 0.182583 0.0124867 1.84266 
1.02805 0.0869248 0.0791609 1.86394 
1.02778 0.0877407 0.0885447 1.86186 
1.02757 0.0774427 0.0889303 1.86362 
1.02806 0.0833216 0.0849935 1.86341 
1.01423 0.189755 -0.0635831 1.84056 
0.98228 0.288216 -0.0297875 1.78477 
1.00981 0.201034 -0.0408256 1.83123 
0.999909 0.247579 0.0374521 1.8168 
0.998138 0.253803 0.0402531 1.81387 
0.954612 0.357426 0.0344534 1.74327 
1.01721 0.180806 0.0125013 1.8445 
0.984937 0.25432 0.0862218 1.79492 
0.97598 0.254354 0.0600724 1.77144 
0.973926 0.293953 0.0987885 1.78029 
0.976614 0.269595 0.078581 1.77858 
1.00019 0.247223 0.0332611 1.81738 
0.93425 0.368811 0.209488 1.71992 
0.888132 0.388072 0.296007 1.65777 
0.939051 0.316211 0.273752 1.72991 
0.918229 0.366012 0.253309 1.69414 
1.0185 0.164584 -0.0303073 1.84383 
1.01866 0.164716 -0.00813607 1.84376 
1.01998 0.162828 0.0197687 1.84214 
0.937773 0.222218 0.126494 1.67678 
0.942684 0.29463 0.139675 1.71033 
0.936935 0.259467 0.127077 1.68403 
0.940886 0.25476 0.125196 1.69218 
0.980905 0.214898 -0.0397647 1.77172 
0.978799 0.226303 -0.0414587 1.76792 
0.978223 0.225571 -0.0322091 1.76712 
0.979524 0.222305 -0.0364661 1.76954 
1.01112 0.16079 0.111863 1.85045 
1.02547 0.139275 0.0341341 1.85941 
1.02511 0.129432 -0.0371939 1.86041 
1.02408 0.136653 -0.0411937 1.85852 
1.02476 0.13543 -0.0321095 1.85929 
1.02451 0.133897 -0.0360273 1.8592 
0.999799 0.247979 0.0350314 1.81656 
0.999896 0.247716 0.0366197 1.81682 
1.02799 0.0971957 0.092365 1.86013 
1.0283 0.105051 0.0922183 1.85978 
1.02778 0.105628 0.100947 1.85997 
1.02823 0.102481 0.0953367 1.8599 
0.972764 0.276929 -0.165711 1.77773 
1.0242 0.140391 -0.0318927 1.85722 
1.02364 0.142329 -0.0367735 1.85721 
0.944653 0.334225 0.00331566 1.71643 
0.967039 0.302561 0.186854 1.76625 
1.0191 0.14737 0.150515 1.84845 
1.02149 0.137812 0.136496 1.85402 
1.02096 0.152383 0.137925 1.84999 
1.02021 0.145926 0.142054 1.8503 
0.999848 0.247862 0.0353338 1.81666 
1.01678 0.162869 0.08797 1.84287 
1.0284 0.11666 0.00792661 1.86518 
1.02579 0.12712 0.0161973 1.86186 
1.02777 0.119524 0.021317 1.86545 
1.02675 0.121126 0.0148011 1.86287 
0.942589 0.221429 0.0752658 1.6636 
0.937484 0.226882 0.081275 1.65184 
0.937858 0.24318 0.0972811 1.6634 
0.940397 0.22729 0.0828149 1.65935 
0.967892 0.276146 -0.0329105 1.75212 
1.0003 0.2467 0.0340699 1.81746 
1.0012 0.243305 0.0312525 1.81874 
1.01719 0.157459 0.0220859 1.84073 
0.984614 0.212055 -0.103893 1.78468 
1.01173 0.176908 0.103368 1.83966 
0.947119 0.21585 0.0893475 1.69703 
0.948073 0.203991 0.0928754 1.6977 
0.953554 0.169001 0.0686832 1.6922 
0.947698 0.197896 0.0851945 1.69496 
1.00024 0.246985 0.0348409 1.81744 
1.0215 0.107813 0.142631 1.85228 
1.01857 0.171145 0.0142837 1.84309 
1.02476 0.138937 0.0542493 1.85317 
1.00101 0.243684 0.0368466 1.81846 
1.01109 0.203365 0.0115092 1.83541 
1.02868 0.0674634 0.0743155 1.86685 
1.0285 0.0837123 0.0765483 1.86552 
1.0272 0.0710733 0.0878239 1.86427 
1.02844 0.0734765 0.0800327 1.86641 
0.99987 0.247743 0.0348605 1.81666 
1.02325 0.0467421 0.147193 1.85836 
1.019 0.0848145 0.168153 1.84934 
1.0185 0.0425895 0.191307 1.84955 
1.01982 0.0605911 0.167777 1.84917 
0.999853 0.248141 0.034136 1.8167 
1.00063 0.245201 0.0355221 1.81819 
0.912097 0.418647 0.1495 1.68082 
0.904765 0.413589 0.176529 1.66748 
0.923506 0.381262 0.147166 1.68401 
0.914613 0.408974 0.15689 1.68586 
1.01294 0.183533 -0.0322148 1.83529 
1.02978 0.128802 0.0979442 1.85912 
1.02832 0.130992 0.0984178 1.85848 
1.02939 0.130135 0.101016 1.85893 
1.02924 0.12969 0.0989622 1.85895 
0.99614 0.26101 0.0244411 1.8104 
0.962161 0.343576 0.10519 1.75482 
1.01509 0.170841 0.0811167 1.84169 
1.01455 0.195857 0.00795142 1.84716 
0.999687 0.248614 0.0352215 1.81648 
0.996528 0.234543 -0.0303193 1.80432 
1.02674 0.113873 -0.0458884 1.86371 
1.02626 0.121814 -0.038537 1.86252 
1.02737 0.113182 -0.0346972 1.86448 
1.02697 0.116346 -0.0396259 1.86382 
0.995664 0.204188 -0.0325766 1.79935 
0.996728 0.18966 -0.102552 1.80909 
0.951695 0.111732 0.0652363 1.6835 
0.950137 0.103955 0.0605332 1.68048 
0.94782 0.109553 0.0750318 1.67944 
0.952353 0.1081 0.0560821 1.68621 
1.00069 0.245454 0.0335098 1.8181 
0.999893 0.247695 0.0349997 1.81673 
1.02107 0.159151 -0.0118015 1.84951 
1.00426 0.200736 0.19107 1.82198 
1.00762 0.174992 0.197702 1.82716 
1.01101 0.184053 0.173327 1.83173 
1.00785 0.186596 0.188151 1.82697 
0.94983 0.120372 0.0953659 1.67988 
0.944511 0.16091 0.118958 1.68004 
0.946364 0.225255 0.223471 1.71612 
0.943701 0.15462 0.133255 1.68073 
1.01681 0.177044 0.00959365 1.84259 
1.02087 0.159936 -0.00555285 1.84902 
0.909496 0.401435 0.186116 1.67583 
0.924131 0.336891 0.160735 1.67212 
0.92328 0.356655 0.151171 1.67678 
0.919438 0.36842 0.16518 1.67512 
0.999711 0.24847 0.0358914 1.81653 
0.973714 0.308328 -0.0175984 1.77072 
0.999747 0.247948 0.0346255 1.81645 
0.990791 0.239873 0.11117 1.80595 
0.999736 0.241566 0.0204243 1.81633 
1.01647 0.166229 0.0118827 1.83947 
0.990656 0.172439 -0.0755888 1.7891 
0.999559 0.248745 0.0349233 1.8162 
1.01932 0.171838 0.00120774 1.85759 
1.00043 0.245838 0.034959 1.81763 
1.01645 0.186479 0.0111574 1.84611 
0.983795 -0.00419507 0.299149 1.79823 
1.00483 0.036694 0.228419 1.82122 
0.982313 0.0809771 0.295377 1.78917 
0.998827 0.0382197 0.277907 1.8217 
1.01983 0.169449 0.00533759 1.84897 
1.02005 0.166703 0.00216119 1.84927 
1.0177 0.151016 0.0713822 1.84529 
1.02772 0.0101265 0.11506 1.86429 
1.02168 -0.0731738 0.108234 1.85302 
1.02832 0.0151068 0.0771354 1.86541 
1.03059 -0.00469373 0.0856747 1.87047 
1.01788 0.178637 0.00552699 1.8461 
1.00045 0.245488 0.0360189 1.8177 
1.00004 0.246915 0.0323103 1.81693 
1.02333 0.123193 0.0975753 1.85617 
0.99964 0.248535 0.0343387 1.81635 
1.01378 0.186785 -0.0738902 1.84259 
1.00016 0.247184 0.0352829 1.81726 
1.01232 0.195622 -0.0738844 1.83974 
1.02128 0.157202 0.00162977 1.86032 
1.01928 0.164511 -0.00539947 1.84565 
1.027 0.127005 0.103477 1.85781 
1.00291 0.225649 -0.0379868 1.82154 
0.960402 0.297582 -0.0223083 1.74117 
1.01444 0.159168 0.0371796 1.83946 
1.01289 0.194535 -0.06116 1.83748 
1.00363 0.199985 -0.108745 1.82574 
1.01698 0.18138 0.0439734 1.84906 
1.01331 0.20001 0.046145 1.84398 
1.01428 0.190633 0.0611511 1.84554 
1.01506 0.192225 0.0497518 1.84687 
1.01559 0.181268 -0.0512648 1.84072 
1.01216 0.193208 -0.078294 1.84036 
1.00299 0.241358 0.0220823 1.82262 
0.937661 0.32583 0.129271 1.70464 
0.926441 0.272879 0.121075 1.66669 
0.934749 0.26939 0.127021 1.68177 
0.92964 0.278955 0.123068 1.67044 
1.0031 0.19762 0.151788 1.82458 
0.987806 0.242817 0.172322 1.80278 
0.996135 0.188886 0.191134 1.81128 
0.997961 0.20889 0.171696 1.81949 
0.998147 0.254088 0.0387104 1.81419 
1.02211 0.16394 0.0189841 1.84589 
1.02217 0.133329 0.0697431 1.85647 
1.02514 0.114038 0.0602972 1.86104 
1.02376 0.129512 0.0499224 1.85876 
1.02516 0.125647 0.059793 1.86208 
0.999836 0.247073 0.0424662 1.81606 
0.999694 0.248609 0.0369497 1.81651 
1.01507 0.176959 -0.0325159 1.83815 
0.99986 0.245539 0.0273605 1.817 
0.950441 0.35524 0.127731 1.73652 
1.00027 0.246937 0.0339499 1.81744 
1.0231 0.142575 -0.0498567 1.8574 
1.00266 0.237719 0.0566915 1.82192 
1.02317 0.140183 0.0166999 1.8661 
1.02241 0.132443 0.0334484 1.86341 
1.02481 0.125125 0.0219836 1.86819 
1.02237 0.134095 0.0245426 1.86472 
0.977203 0.273878 -0.0275957 1.77008 
0.975854 0.26154 -0.0166771 1.76534 
0.977524 0.265491 -0.024575 1.76983 
0.977675 0.267293 -0.0223782 1.77087 
0.952278 0.174086 0.0931791 1.69368 
0.952356 0.127372 0.0715845 1.68238 
0.956058 0.131785 0.0707784 1.68678 
0.955432 0.142589 0.0796052 1.68976 
1.00074 0.245509 0.0338678 1.81822 
0.985595 0.225209 0.0614027 1.78977 
0.991867 0.173507 0.0143029 1.79082 
0.988565 0.190505 0.00910165 1.78432 
0.990507 0.181877 0.0198015 1.78789 
1.02429 0.122009 0.0980383 1.85421 
1.02925 0.125687 0.0987338 1.86032 
1.02827 0.127231 0.0993836 1.86022 
1.01166 0.196833 0.0241342 1.83628 
0.97106 0.313072 -0.0146098 1.76731 
0.950354 0.349934 -0.0508303 1.73814 
0.954096 0.313604 -0.0658829 1.73623 
0.949937 0.375838 -0.0724477 1.74359 
0.952704 0.347234 -0.0622507 1.7431 
0.979307 0.279851 -0.0349424 1.77499 
1.00196 0.242777 0.0273082 1.82069 
0.985211 0.235057 -0.158618 1.79687 
1.01684 0.142663 0.0813605 1.84653 
1.00743 0.217124 0.0239141 1.8278 
0.976972 -0.0487939 0.311963 1.77799 
1.00526 -0.097167 0.196466 1.8267 
1.01112 0.0110799 0.234024 1.84115 
0.994823 -0.0349398 0.262087 1.81542 
1.0199 0.166083 -0.00542725 1.85819 
0.96167 0.126089 0.0257467 1.68853 
0.959667 0.140592 0.0290439 1.68417 
0.961805 0.134955 0.041836 1.68738 
0.960744 0.133219 0.0325843 1.68493 
0.975986 0.259337 -0.0332626 1.76541 
1.00347 0.234596 0.0329344 1.82276 
1.01289 0.194206 -0.0721857 1.84057 
0.999982 0.247572 0.0348953 1.81693 
1.01496 0.1696 0.00757657 1.83962 
1.0275 0.125078 0.103999 1.85871 
0.999857 0.148002 0.22109 1.82291 
1.01243 0.15447 0.0581051 1.83562 
0.998215 0.250944 0.0540692 1.81328 
1.01529 0.197636 0.0121952 1.84617 
1.00011 0.246913 0.0375047 1.81712 
1.02697 0.128067 0.100824 1.85886 
1.01415 0.172403 0.0334018 1.83878 
0.987051 0.229656 -0.0585159 1.78589 
1.00022 0.247142 0.0342013 1.81737 
0.999976 0.243544 0.0265696 1.81529 
1.02722 0.123714 0.110355 1.85976 
1.02449 0.124215 0.120819 1.85887 
1.02694 0.11439 0.110137 1.86007 
1.02569 0.120345 0.11345 1.85858 
1.02712 0.11621 0.0621157 1.85473 
1.01579 0.138159 0.0969744 1.85558 
1.01554 0.182642 -0.0663072 1.84435 
0.978555 0.275686 0.153156 1.77397 
0.92539 0.283275 0.12545 1.66811 
0.929654 0.322848 0.123501 1.68375 
0.923045 0.30076 0.12488 1.66564 
0.925609 0.285896 0.117877 1.6661 
1.02746 -0.0872755 0.0795385 1.86672 
1.03169 -0.0222711 0.0277718 1.87345 
1.03118 0.00537997 0.0762356 1.87307 
1.02851 -0.0343451 0.0900931 1.86804 
1.02806 0.12489 0.108222 1.85585 
1.01226 0.174002 0.0483863 1.83573 
0.919105 0.415576 0.123815 1.68893 
0.91898 0.376617 0.106369 1.67358 
1.02423 0.104873 0.0793657 1.86166 
1.02497 0.103894 0.0838838 1.85992 
1.02753 0.100645 0.0815178 1.86172 
1.02577 0.102758 0.0814247 1.86191 
1.02239 0.141544 0.0713207 1.85351 
0.998871 -0.0630133 0.239175 1.81935 
1.01952 -0.0646847 0.138464 1.8522 
1.01723 0.00275491 0.19571 1.85489 
1.00912 -0.0376735 0.191364 1.83467 
1.01405 0.198309 0.0191144 1.8442 
1.01489 0.192932 0.0223883 1.84623 
1.01504 0.192752 0.0185792 1.84662 
1.0153 0.194517 0.0204605 1.84726 
1.01002 0.202416 0.0203969 1.83292 
1.02139 0.153434 0.0128777 1.85981 
0.999929 0.247519 0.0340618 1.81681 
0.964137 0.327831 -0.00514363 1.7543 
1.00027 0.247247 0.034513 1.81754 
0.981231 0.305781 0.00300307 1.79488 
0.995388 0.264471 0.0505372 1.81091 
1.01632 0.180599 -0.061831 1.84469 
0.981601 0.311823 0.0281565 1.79128 
1.0143 0.17745 0.113332 1.84585 
1.01905 0.154136 0.0895623 1.85366 
1.01646 0.178233 0.0867528 1.84885 
1.01463 0.169097 0.0969618 1.84493 
1.00027 0.246878 0.0346637 1.81748 
1.00626 0.21585 0.160509 1.82538 
1.00382 0.208649 0.17976 1.82127 
1.01025 0.19277 0.165525 1.83027 
1.00678 0.205426 0.169046 1.82555 
0.966549 0.321946 -0.0122255 1.75838 
0.992505 0.268147 0.0429511 1.804 
0.999872 0.247687 0.0348436 1.81665 
1.0049 0.167439 0.147367 1.81821 
1.02343 0.136213 0.0647009 1.85872 
1.00062 0.24576 0.0342502 1.81808 
0.999845 0.248564 0.0338795 1.81671 
0.995703 0.264435 0.0339144 1.80917 
1.01945 0.163895 -0.0558827 1.85045 
1.01657 0.176649 0.0101971 1.84121 
0.970285 0.259465 -0.00342007 1.75633 
0.964824 0.275223 -0.00758086 1.74673 
0.967005 0.26919 0.00804329 1.74977 
0.968646 0.267464 -2.69521e-05 1.75396 
1.01449 0.197903 0.00801545 1.84746 
0.967233 0.231255 0.292666 1.76679 
0.978473 0.231004 0.263859 1.78465 
0.967291 0.240512 0.263252 1.76374 
0.968813 0.237567 0.277905 1.7698 
1.0151 0.198616 0.0115502 1.84616 
1.00107 0.242747 0.0336289 1.81824 
1.00153 0.171917 -0.14861 1.82176 
0.999979 0.247502 0.0340912 1.81697 
1.0237 0.142301 0.0164759 1.85781 
1.02302 0.150954 0.0114034 1.85589 
1.02252 0.151768 0.0213662 1.85553 
1.02369 0.14854 0.0165149 1.85793 
0.978634 0.228333 -0.0122857 1.76927 
0.976683 0.244664 -0.00711612 1.76719 
0.980473 0.220193 0.00262148 1.77261 
0.978888 0.22968 -0.00309863 1.7704 
0.999365 0.249558 0.0353296 1.81591 
1.0176 0.166543 0.0144121 1.84093 
1.01674 0.177961 -0.0606002 1.84541 
1.01723 0.172164 -0.0432842 1.84254 
0.998301 0.251855 0.044734 1.81309 
0.978484 0.246096 -0.0292239 1.7701 
0.977619 0.26054 -0.0302029 1.76966 
0.978952 0.262295 -0.0266639 1.77244 
0.978805 0.257049 -0.0284733 1.77169 
1.02912 0.0917314 -0.038433 1.86735 
1.02856 0.103393 -0.029855 1.86636 
1.02948 0.0915691 -0.0248278 1.86755 
1.02931 0.0954004 -0.0306296 1.8674 
0.987861 0.0898332 0.294498 1.79948 
0.970586 0.00872096 0.344133 1.77527 
1.00199 0.0404845 0.246012 1.82006 
0.994875 0.0481911 0.28708 1.81204 
0.981932 0.307504 0.0202744 1.79138 
1.00139 0.242843 0.0379131 1.81887 
0.980325 0.283995 0.149909 1.79077 
0.986792 0.267105 0.111806 1.80014 
0.976259 0.30389 0.121292 1.78678 
0.98518 0.286159 0.129138 1.80097 
1.03066 0.0664523 -0.0332214 1.86939 
1.02889 0.0826044 -0.0402311 1.86682 
1.03026 0.0826105 -0.0239464 1.86946 
1.03033 0.0779281 -0.0319004 1.86926 
1.01095 0.209743 0.0518674 1.83968 
1.00738 0.241793 0.0759593 1.83667 
1.01252 0.19588 0.0760378 1.84362 
1.00797 0.212449 0.0760681 1.83553 
0.997694 0.255543 0.039972 1.81297 
1.00022 0.245487 0.0416129 1.81714 
0.967968 0.266287 -0.0535681 1.75237 
0.971039 0.271712 -0.0421628 1.76046 
1.00016 0.247348 0.0341903 1.81727 
1.02453 0.155734 0.0242549 1.85006 
1.0001 0.247306 0.0357449 1.81715 
1.02227 0.136952 0.128885 1.855 
1.02404 0.142464 0.120069 1.85602 
1.02239 0.150403 0.130111 1.85226 
1.02285 0.143465 0.12658 1.85438 
1.00032 0.246587 0.0349251 1.81751 
1.01866 0.169455 -0.0543978 1.84826 
1.01546 0.181501 -0.0693244 1.8452 
1.01523 0.114084 0.184526 1.84253 
1.0095 0.141151 0.202359 1.8311 
1.01152 0.113883 0.215986 1.83726 
1.01194 0.122718 0.200067 1.83656 
1.00013 0.246755 0.0367832 1.81716 
1.01783 0.172937 -0.0569915 1.84683 
0.999512 0.248155 0.0307415 1.81579 
1.00003 0.247504 0.0341239 1.817 
1.02792 0.126348 0.100358 1.85961 
0.932168 0.391859 -0.0947478 1.7155 
0.928465 0.400243 -0.0801177 1.70941 
0.941275 0.398872 -0.0854508 1.73119 
0.933644 0.395982 -0.0877672 1.71959 
0.999841 0.247835 0.035007 1.81661 
1.01867 0.171429 0.0145788 1.84204 
1.00028 0.24687 0.0343604 1.81747 
0.992105 0.198946 0.216793 1.80938 
0.982741 0.259046 0.194333 1.79847 
0.97025 0.252425 0.247812 1.77614 
0.979035 0.236859 0.219221 1.78665 
1.01802 0.16728 -0.0010836 1.8432 
1.00808 0.206828 0.0367029 1.82855 
1.00583 0.206524 -0.026915 1.82525 
1.00041 0.245689 0.0365789 1.81768 
1.00074 0.245154 0.0397936 1.81803 
0.988522 0.17256 0.236709 1.79766 
0.96559 0.232314 0.277367 1.76932 
0.977884 0.153888 0.290715 1.78772 
0.980442 0.18071 0.271004 1.79227 
0.9907 0.27601 -0.0068897 1.80804 
0.999772 0.247942 0.0344979 1.81646 
1.01262 0.190969 -0.0403549 1.83509 
0.927785 0.363453 0.0557648 1.68709 
0.972608 0.317281 0.0870672 1.77818 
1.02035 0.126457 0.0924736 1.85609 
1.02345 0.136303 -0.0517408 1.85782 
1.02298 0.133157 -0.0544028 1.85779 
0.999827 0.247945 0.0347616 1.8166 
1.01657 0.176567 -0.0485921 1.8422 
1.02203 0.14606 0.0190205 1.86003 
1.01454 0.198371 0.00986295 1.84625 
0.88593 0.460761 0.0871301 1.64155 
0.873374 0.46227 0.135425 1.62023 
0.911356 0.442144 0.103509 1.68283 
0.894472 0.456752 0.106575 1.66115 
1.02018 0.163225 -0.00336139 1.84829 
1.01814 0.168702 -0.0625752 1.84946 
1.02527 0.131028 0.0825672 1.86282 
1.0242 0.118195 0.0810159 1.86292 
1.02473 0.125077 0.0778756 1.86459 
1.02516 0.125783 0.0813416 1.86436 
0.998689 0.252902 0.0337072 1.81527 
0.999932 0.247456 0.0330334 1.81677 
0.981824 0.303205 -0.00845422 1.79018 
1.00022 0.246801 0.0353908 1.81731 
1.02827 0.107199 -0.0227752 1.86607 
1.02867 0.108173 -0.00866136 1.86563 
1.02949 0.0960328 -0.0171171 1.86759 
1.02908 0.103348 -0.0162622 1.86706 
1.02002 0.16797 0.0162183 1.84389 
0.966646 0.275582 -0.0173462 1.75136 
0.971224 0.264848 -0.0133399 1.75935 
0.969275 0.274239 -0.0280838 1.75669 
0.967937 0.271552 -0.0199419 1.75395 
1.01395 0.169481 0.00421293 1.83802 
1.00004 0.247454 0.0352274 1.8171 
1.00263 0.238633 0.0274913 1.82148 
0.999874 0.248086 0.0332 1.81679 
1.01472 0.197606 0.0129149 1.84604 
0.999925 0.247745 0.0343188 1.81676 
1.02306 0.148652 -0.0256194 1.85506 
1.02946 0.12111 0.10414 1.85828 
0.946996 0.362688 0.117749 1.72956 
0.999272 0.250259 0.0344048 1.81573 
1.01589 0.187881 0.00436101 1.85059 
0.952329 0.347203 0.017248 1.73416 
0.947257 0.178239 0.0453413 1.67828 
0.947872 0.189764 0.0522865 1.67505 
0.947303 0.196237 0.0625154 1.6785 
0.947535 0.185713 0.0524844 1.6765 
1.0308 0.0711768 0.00252709 1.87023 
1.03167 0.0611771 -0.0210117 1.8718 
1.03006 0.0807854 -0.0154767 1.8689 
1.03163 0.0712476 -0.0116685 1.87249 
0.997435 0.257157 0.0313823 1.81272 
0.999566 0.249357 0.0358048 1.81634 
0.99025 0.216025 -0.143866 1.80271 
0.999713 0.248328 0.034655 1.81641 
1.02522 0.128754 -0.042259 1.8605 
1.02441 0.130039 -0.0501204 1.86005 
1.02432 0.134403 -0.0453318 1.8587 
1.02455 0.131109 -0.0453256 1.8593 
1.01726 0.181707 0.00347247 1.85342 
1.00952 0.211745 -0.0512034 1.83121 
0.977174 0.292446 0.12081 1.7837 
1.0078 0.218524 0.0299066 1.82861 
1.01366 0.173838 0.0026758 1.83887 
0.999955 0.24756 0.0352401 1.81689 
0.946028 0.313085 0.141585 1.71229 
0.949009 0.322923 0.14955 1.72588 
0.949966 0.305109 0.139417 1.72146 
0.948969 0.315728 0.144173 1.72065 
1.01625 0.177764 -0.0664923 1.84633 
0.981353 0.251441 -0.159391 1.79215 
0.997957 0.255542 0.0388944 1.81392 
0.932637 0.365087 0.070135 1.70009 
1.02161 0.149938 -0.0548833 1.85491 
1.01489 0.102449 0.148106 1.84563 
1.00534 0.131831 0.193255 1.82638 
1.01154 0.0738534 0.182616 1.83794 
1.01491 0.101931 0.175584 1.84896 
1.01717 0.173197 -0.0647237 1.84789 
1.01636 0.175187 -0.0678145 1.84673 
1.02525 0.1375 0.121427 1.86137 
0.978526 0.275327 -0.0257665 1.77415 
0.998903 0.251613 0.0413668 1.81535 
1.01878 0.167617 -0.00111962 1.84534 
0.940646 0.295543 0.212923 1.73518 
0.999752 0.248212 0.0349064 1.81649 
0.999997 0.247195 0.0300986 1.8173 
1.01608 0.170565 0.00580489 1.84063 
0.950348 0.366086 0.107855 1.73713 
1.01622 0.17121 0.00719052 1.84143 
1.01215 0.154462 0.103362 1.85456 
0.944463 0.222168 0.139691 1.69459 
0.93573 0.246814 0.128335 1.68096 
0.9356 0.280863 0.183317 1.6923 
0.934654 0.2351 0.142032 1.67568 
0.925495 0.275455 0.171055 1.66411 
0.972782 0.262308 -0.0356343 1.75952 
0.974792 0.307836 -0.0176767 1.77334 
1.02718 0.122436 -0.017454 1.86219 
1.02828 0.114404 -0.00924669 1.86468 
1.02765 0.113112 -0.0227304 1.86476 
1.02778 0.116645 -0.0164892 1.86418 
1.01884 0.168042 -0.0484398 1.84725 
1.02039 0.159925 -0.0298853 1.84797 
1.00956 0.205435 0.0141704 1.83204 
1.01602 0.187641 0.00135049 1.85275 
0.924124 0.248453 0.124187 1.63283 
1.01472 0.183483 -0.0496591 1.83862 
1.01799 0.165779 -0.0643 1.84991 
0.99157 0.266385 -0.0293175 1.80109 
1.00042 0.246439 0.0345148 1.81766 
0.989644 0.183961 -0.0670916 1.78911 
0.986984 0.292274 0.0735245 1.79584 
0.954831 0.3345 0.151043 1.73978 
0.955373 0.331044 0.152232 1.73784 
1.00127 0.243112 0.032744 1.8188 
1.0288 0.131121 0.102742 1.85887 
1.02767 0.132115 0.0997742 1.85855 
1.02691 0.13336 0.103508 1.85799 
1.02784 0.132378 0.102111 1.8585 
0.957902 0.358095 0.0837325 1.74945 
1.02927 0.122184 0.103569 1.85966 
1.02868 0.113006 0.0947856 1.86009 
1.03008 0.121343 0.0998249 1.85996 
1.02967 0.119005 0.099748 1.85942 
1.0167 0.184482 0.0169697 1.8483 
1.01643 0.18698 0.0221841 1.84812 
1.01753 0.180431 0.0192519 1.8489 
1.01684 0.184097 0.0197867 1.8484 
1.01282 0.190574 -0.0764489 1.84145 
0.935802 0.359231 0.0464071 1.70319 
0.94378 0.207878 0.186343 1.6986 
0.935058 0.31598 0.289379 1.71518 
0.942646 0.273824 0.277064 1.72001 
0.946186 0.284873 0.264796 1.72746 
0.997443 0.19654 -0.157891 1.81552 
0.930592 0.352466 0.0959055 1.69366 
0.97012 0.264286 -0.0360082 1.75446 
0.990941 0.266307 -0.0397459 1.79674 
1.03148 0.113137 0.0746385 1.86182 
1.00458 0.227741 0.00635268 1.82372 
1.02696 0.133936 0.0992933 1.85813 
1.02597 0.137935 0.101126 1.85716 
1.02647 0.134657 0.103458 1.85804 
1.02641 0.135265 0.101487 1.85793 
0.917031 0.404841 0.137065 1.68442 
0.92518 0.347071 0.132725 1.67971 
0.922524 0.340535 0.106825 1.67221 
0.921821 0.360623 0.123387 1.67197 
1.02654 0.130312 0.101614 1.86015 
1.01472 0.183396 -0.0723166 1.8442 
0.999623 0.248805 0.0341826 1.8164 
1.00024 0.247037 0.0346023 1.81742 
0.910698 0.108596 0.412137 1.68032 
0.962537 -0.00271925 0.344888 1.75965 
0.970186 0.107194 0.335301 1.77874 
0.950084 0.0772156 0.381888 1.74928 
0.999452 0.24879 0.0453894 1.81574 
1.01607 0.157894 0.136455 1.84524 
1.01276 0.189589 0.013099 1.83768 
0.999883 0.247723 0.0345727 1.81667 
0.985362 0.274096 -0.0396462 1.78857 
1.02986 0.130211 0.105 1.86003 
1.02926 0.126929 0.10595 1.8597 
1.03008 0.125411 0.102354 1.85994 
1.0297 0.127783 0.104277 1.85934 
1.01434 0.17345 0.0269997 1.83885 
1.02025 0.152848 -0.0596866 1.8534 
0.944635 0.353503 0.136853 1.72443 
0.975863 0.157927 0.307497 1.77992 
0.963297 0.205242 0.314987 1.75827 
0.956364 0.181181 0.343171 1.75137 
0.96304 0.18122 0.322559 1.7558 
1.02458 0.0801334 0.116027 1.85986 
1.02328 0.0543634 0.119629 1.85953 
1.02543 0.0687346 0.10074 1.8618 
1.02524 0.0690637 0.110553 1.86179 
0.971137 0.320316 -0.00940766 1.76569 
1.01501 0.154315 0.0267302 1.83903 
0.960178 0.354808 0.0406052 1.74969 
0.898172 0.375332 0.267502 1.66341 
0.920076 0.355419 0.291284 1.69756 
0.920585 0.367272 0.254681 1.69335 
0.915643 0.375296 0.279787 1.69281 
1.01577 0.150626 0.0301289 1.84088 
0.949932 0.320644 -0.00772717 1.72496 
0.87643 0.216148 0.408332 1.61759 
0.924942 0.0920288 0.405769 1.68648 
0.930222 0.183634 0.385257 1.71783 
0.91334 0.169591 0.418643 1.68577 
1.02338 0.162678 0.1161 1.85032 
1.02007 0.175527 0.124442 1.84455 
1.0221 0.162617 0.128218 1.84929 
1.02238 0.166784 0.123162 1.84916 
1.00769 0.218241 0.0349455 1.82833 
1.02569 0.143808 0.10428 1.8562 
1.02489 0.151923 0.109348 1.85342 
1.02515 0.143795 0.111828 1.85605 
1.02538 0.146459 0.108838 1.85538 
1.01411 0.183569 0.0948595 1.83767 
0.976343 0.270912 -0.0297062 1.76982 
1.01512 0.195921 0.0129043 1.84641 
1.02014 0.156677 -0.0580697 1.85279 
1.00085 0.242786 0.041356 1.81853 
1.0086 0.202204 0.0339984 1.82938 
1.01877 0.124529 0.102128 1.85281 
1.02757 0.12715 0.100195 1.85982 
0.940722 0.274741 0.113907 1.69252 
0.946276 0.24127 0.0904997 1.68979 
0.942378 0.250295 0.0957198 1.68157 
0.942978 0.257482 0.100726 1.68614 
0.969291 0.34263 0.0343788 1.76832 
1.02309 0.155785 0.0111114 1.85612 
1.0219 0.16261 0.0141373 1.85417 
1.02241 0.157168 0.0200764 1.85573 
1.02214 0.158604 0.0149625 1.85434 
0.939166 0.345154 0.0173711 1.70566 
1.02313 0.162571 0.0197511 1.84925 
1.00507 0.225031 0.0166946 1.82392 
1.01886 0.167219 -0.0574189 1.84915 
0.983077 0.306456 0.0664258 1.79075 
1.02802 0.130032 0.107723 1.8587 
1.02891 0.131157 0.104996 1.85885 
1.02698 0.133223 0.106417 1.8583 
1.02842 0.131938 0.106541 1.85931 
0.967916 0.345438 0.0194841 1.7616 
0.999981 0.247031 0.0328064 1.81679 
1.02116 0.136815 0.0815837 1.85944 
1.01274 0.177459 -0.0108425 1.83694 
0.970768 0.26128 -0.0730221 1.75674 
1.01016 0.209104 0.002291 1.83459 
0.999706 0.248364 0.035127 1.81642 
1.00026 0.197065 -0.11922 1.81901 
1.02432 0.152672 0.0311362 1.84824 
1.015 0.167167 0.0006627 1.83958 
1.00033 0.246397 0.0352688 1.81748 
0.998217 0.255512 0.0264407 1.81435 
1.02824 0.127529 0.10718 1.85452 
0.952103 0.363675 0.0714507 1.73704 
1.0146 0.199444 0.0115348 1.84608 
1.01912 0.163234 -0.0608117 1.85115 
1.01539 0.183803 -0.0598246 1.84237 
0.999727 0.248145 0.0357357 1.81653 
1.00416 0.174132 -0.120845 1.82522 
0.999773 0.24918 0.0336111 1.8166 
0.999837 0.247967 0.0362942 1.81674 
0.950364 0.362437 -0.114954 1.74531 
0.927268 0.433526 0.053325 1.70846 
0.901731 0.45364 0.0670296 1.67123 
0.921159 0.435081 0.0851052 1.69823 
0.917695 0.441085 0.0680593 1.69246 
0.999881 0.24782 0.0351006 1.81675 
1.02304 0.152258 -0.0145711 1.85492 
1.02305 0.150034 -0.0171704 1.85523 
0.99989 0.247295 0.0332656 1.81669 
1.01465 0.196482 0.00945492 1.8466 
1.01848 0.176553 0.0153917 1.8498 
1.01943 0.174104 0.00995558 1.84976 
1.0181 0.178161 0.0118067 1.84892 
1.01829 0.176584 0.0126361 1.84908 
0.995048 0.205569 -0.139568 1.81002 
1.00481 0.223169 0.0565307 1.82527 
1.01027 0.189455 0.0499871 1.83391 
1.01492 0.168072 -0.00263143 1.84024 
1.00008 0.247487 0.0348428 1.81717 
0.957456 0.0996828 0.0152588 1.68993 
0.960613 0.113347 0.0213461 1.6908 
0.958214 0.0994417 0.030433 1.6888 
0.959012 0.105585 0.022766 1.68907 
0.95258 0.340626 -0.1492 1.74467 
0.914898 0.427764 -0.0292542 1.68779 
0.909883 0.436871 -0.00630506 1.67956 
0.928119 0.427983 -0.0168006 1.70894 
0.918426 0.430758 -0.0184833 1.69618 
0.999988 0.24732 0.0338113 1.81687 
1.0151 0.196268 0.0124952 1.84609 
0.985631 0.285164 -0.0304745 1.78979 
1.01805 0.180322 0.133606 1.84182 
1.01598 0.17846 0.14956 1.83905 
1.0203 0.165875 0.136143 1.84632 
1.01837 0.174861 0.139252 1.84285 
1.01177 0.0601297 0.20859 1.83357 
1.01615 0.0952297 0.183119 1.84439 
1.00991 0.100271 0.214 1.83342 
1.01466 0.0831051 0.201606 1.84236 
1.00455 0.23055 0.0373651 1.82493 
1.00377 0.232439 0.00122158 1.82344 
1.00265 0.217137 -0.0683059 1.82395 
1.0192 0.173063 0.00894063 1.85272 
1.01125 0.202989 -0.0586044 1.83421 
1.02378 0.115137 0.0886074 1.85912 
1.02436 0.113151 0.0825435 1.85961 
1.02474 0.116989 0.0869775 1.85795 
1.024 0.11555 0.086556 1.8584 
0.99989 0.247545 0.0344416 1.81667 
1.02637 0.120087 0.0942992 1.86012 
1.02807 0.127935 0.101166 1.86123 
1.02951 0.123567 0.0990039 1.86059 
1.02788 0.124026 0.0979256 1.86027 
1.02235 0.154988 -0.014369 1.85298 
0.999872 0.247693 0.0338634 1.81672 
1.0255 0.130343 0.101112 1.8603 
1.02505 0.1286 0.0989298 1.85972 
0.994006 0.206252 0.23545 1.80742 
1.00397 0.179993 0.213255 1.82185 
1.00074 0.207379 0.204455 1.81729 
0.999178 0.198653 0.215342 1.814 
0.944031 0.340117 0.0117561 1.71621 
1.02809 0.128 0.108905 1.85501 
1.01858 0.161808 0.0108959 1.85545 
0.976144 0.241449 -0.0380881 1.76333 
0.976379 0.23754 -0.0415722 1.76321 
0.969536 0.273634 -0.0312503 1.75415 
1.00254 0.237508 0.0352554 1.821 
1.0274 0.123873 0.0936118 1.85611 
1.02138 0.160346 -0.0047855 1.85107 
1.02203 0.157655 -0.0092697 1.85239 
1.01354 0.188905 -0.0739677 1.84254 
0.930475 0.321824 0.173768 1.69695 
1.01651 0.192785 0.0110254 1.84544 
1.01071 0.200853 0.0208104 1.83446 
0.999825 0.248066 0.0343043 1.81661 
0.938727 0.309355 0.156458 1.71676 
0.966938 0.299326 -0.167557 1.7692 
1.00138 0.241526 0.0396598 1.81936 
0.992777 0.211903 -0.162493 1.80805 
1.02802 0.0921664 0.0858145 1.86185 
1.02804 0.0927697 0.0778223 1.86396 
1.02816 0.0975683 0.0818877 1.86238 
1.02797 0.0943681 0.0823927 1.8622 
1.01038 0.21593 0.0433047 1.83933 
1.00708 0.239034 0.0181068 1.8349 
1.00406 0.25525 0.0669477 1.83224 
1.006 0.241187 0.0313129 1.83315 
0.941589 0.361024 0.126223 1.71804 
1.02943 0.131476 0.104419 1.8582 
0.999872 0.2477 0.0347881 1.81665 
1.02528 0.129245 0.0680034 1.8631 
1.02451 0.131008 0.0786008 1.8614 
1.02473 0.125073 0.0732604 1.86412 
1.02508 0.127855 0.0730189 1.863 
1.02433 0.145861 0.117029 1.8547 
1.02463 0.155396 0.115026 1.85321 
1.02306 0.154955 0.125771 1.85158 
1.02426 0.152035 0.119002 1.85361 
1.01252 0.192142 -0.0767304 1.84094 
0.959808 0.309243 -0.117287 1.75156 
1.02733 0.12508 0.105899 1.85732 
1.01658 0.177634 0.0087061 1.84225 
0.977365 0.263028 -0.170753 1.78572 
1.00612 0.147328 0.220876 1.82633 
0.99679 0.130398 0.259059 1.81143 
1.00657 0.112265 0.22834 1.82711 
1.00445 0.131654 0.236709 1.82423 
1.02314 0.117468 0.0607549 1.86644 
1.02486 0.126675 0.0629019 1.86392 
1.02378 0.121762 0.0697353 1.86487 
1.02401 0.121843 0.0645146 1.8659 
1.00019 0.247057 0.0349512 1.81731 
1.0256 0.135812 0.106113 1.85752 
1.02582 0.139942 0.104338 1.85713 
1.02504 0.139661 0.110501 1.85671 
1.02567 0.138322 0.106788 1.85745 
0.999751 0.248256 0.0347419 1.81649 
0.999833 0.247756 0.0346617 1.81663 
0.94083 0.350996 0.0286854 1.7122 
0.989375 0.289411 0.0123711 1.79764 
0.950796 0.151295 0.0336356 1.68086 
0.946703 0.166022 0.039174 1.68015 
0.94625 0.158893 0.0469443 1.67925 
0.947227 0.158392 0.04115 1.6799 
0.977447 0.306817 0.0991498 1.78874 
0.947204 0.363149 0.0519172 1.72758 
1.00043 0.246317 0.0349423 1.81767 
1.02708 0.122623 0.105797 1.85672 
0.976724 0.324243 0.0323683 1.78271 
0.999222 0.25142 0.0290761 1.81574 
1.02812 0.097355 0.0462356 1.8655 
1.03067 0.0853419 0.0261253 1.869 
1.0285 0.106411 0.0297811 1.86571 
1.02975 0.0962265 0.0345069 1.86772 
1.01537 0.194099 0.0121383 1.84678 
0.970767 0.338544 0.011173 1.76558 
1.01614 0.165878 0.0135258 1.83761 
1.00087 0.236616 0.0515355 1.81788 
1.01721 0.172549 -0.0376115 1.8421 
0.987075 0.227685 -0.167398 1.79926 
1.01579 0.184923 0.0097519 1.8449 
1.01469 0.198159 0.0111188 1.84617 
1.02664 0.0911106 0.0711685 1.86305 
1.0227 0.0911168 0.106099 1.85705 
1.02739 0.0615584 0.0820896 1.86411 
1.02826 0.0807014 0.08659 1.86727 
0.960454 0.118684 0.0271251 1.6875 
0.961138 0.128139 0.0422841 1.68665 
0.95933 0.11005 0.0386244 1.68812 
0.960657 0.118596 0.035822 1.6882 
1.01489 0.173082 -0.0272409 1.83783 
1.02809 0.124672 0.105999 1.85462 
1.02686 0.128404 0.100456 1.86098 
1.02535 0.120801 0.0932831 1.86019 
1.0253 0.125566 0.0966803 1.86033 
1.02637 0.124917 0.0973492 1.86103 
1.0255 0.116831 0.0844819 1.85641 
1.00033 0.24629 0.0365605 1.81762 
0.982428 0.257135 0.152926 1.77927 
0.923724 0.408886 -0.0651144 1.70181 
0.918968 0.418548 -0.048817 1.6942 
0.932531 0.415192 -0.0548692 1.71566 
0.925274 0.413218 -0.0570783 1.70605 
0.946672 0.202175 0.0596257 1.6718 
0.94517 0.212766 0.0675183 1.66939 
0.944746 0.216995 0.076912 1.67285 
0.945789 0.209287 0.0679882 1.67087 
0.954523 0.307366 -0.0169977 1.73156 
0.999534 0.249174 0.0343567 1.81615 
0.990025 0.284563 0.00222433 1.80995 
1.0118 0.179555 0.0454594 1.83526 
1.00013 0.247312 0.0350277 1.8172 
1.01413 0.14885 0.0424988 1.83925 
0.962743 0.298542 -0.124381 1.75503 
1.01443 0.185482 -0.0716017 1.84367 
0.977434 0.221702 -0.101043 1.76748 
0.965976 0.328617 0.0981128 1.76001 
1.01642 0.159683 0.0205612 1.83919 
1.00021 0.246099 0.0400549 1.81744 
0.936604 0.372848 -0.113064 1.72061 
0.94717 0.378714 -0.11418 1.74169 
0.949089 0.328975 0.00102157 1.72446 
0.982737 0.309129 0.0470571 1.79021 
0.966658 0.282682 -0.0292356 1.75116 
0.977928 0.268383 -0.0269899 1.77179 
0.977306 0.270192 -0.0289797 1.77067 
0.998591 0.253396 0.0304322 1.81469 
1.00166 0.240367 0.0325977 1.81978 
0.89062 0.450808 0.161258 1.6581 
0.927984 0.405611 0.157924 1.70944 
0.919216 0.430033 0.119921 1.69495 
0.914226 0.430223 0.141561 1.68981 
1.02021 0.165362 0.0134602 1.85067 
1.01749 0.177383 0.0108139 1.84891 
0.953059 0.363074 0.0602843 1.73807 
1.02519 0.116347 0.0849056 1.85747 
1.02421 0.114574 0.0819385 1.85713 
0.999716 0.24829 0.0342935 1.8165 
0.960161 0.323876 -0.147184 1.75908 
0.959165 0.304318 -0.0166508 1.73993 
0.999157 0.251017 0.0370567 1.81591 
1.00111 0.243147 0.0496602 1.81888 
1.03109 0.0712286 0.0324321 1.87111 
1.02958 0.0868134 0.0557284 1.86837 
1.03131 0.0581381 0.0609252 1.87192 
1.02992 0.0719589 0.0495951 1.86827 
1.02114 0.160367 0.0223406 1.84547 
0.997914 0.257188 0.0362465 1.81419 
0.978873 0.243598 -0.0873721 1.77056 
0.99978 0.248017 0.0348805 1.81651 
0.977508 0.314739 -0.0115867 1.77974 
0.999816 0.24811 0.0354171 1.81665 
1.0227 0.123434 0.125041 1.85528 
1.01745 0.0782248 0.176979 1.85283 
0.975036 0.248494 -0.132797 1.77287 
1.00539 0.229087 0.0112527 1.82603 
1.01401 0.148742 0.100325 1.85679 
1.00855 0.210971 -0.0137412 1.8331 
1.0083 0.215348 -0.0749459 1.83362 
1.02928 0.0464839 0.101515 1.86997 
1.02416 0.083851 0.128569 1.86191 
1.02294 0.0491317 0.157719 1.86193 
1.02141 0.0591072 0.12888 1.85514 
1.0141 0.17342 0.0108867 1.83762 
0.999703 0.189853 -0.147088 1.81824 
0.967372 0.311408 0.119196 1.75776 
0.96278 0.284314 -0.0293346 1.74219 
1.02371 0.141166 0.0339878 1.86011 
1.0244 0.137915 0.0221199 1.85995 
1.02301 0.149128 0.0274108 1.85768 
1.02333 0.142204 0.0277886 1.85787 
0.947185 0.207615 0.0809092 1.69341 
0.952297 0.165643 0.0594154 1.68871 
0.947844 0.176077 0.0602077 1.68664 
0.948229 0.182962 0.0665861 1.69007 
1.01343 0.16481 0.0436326 1.83727 
0.967597 0.276382 -0.115061 1.75969 
1.00764 0.2238 0.0272777 1.82834 
0.933225 0.28711 0.126504 1.68482 
0.935106 0.285026 0.125884 1.68106 
1.01561 0.167138 0.0228284 1.83971 
0.996328 0.107087 0.262792 1.81123 
1.00903 0.0631602 0.231543 1.83227 
1.00744 0.101437 0.224264 1.82888 
1.00405 0.0882944 0.240406 1.82387 
1.02789 0.125637 0.107261 1.85636 
0.962826 0.29503 -0.0232811 1.74564 
1.02693 0.130514 0.101559 1.85979 
0.998917 0.246086 0.0245359 1.81351 
1.00678 0.209864 0.0436293 1.82591 
1.00232 0.239168 0.0284521 1.82085 
1.02221 0.160041 0.0150967 1.85469 
0.978367 0.231062 -0.0332638 1.76746 
0.977798 0.231 -0.0390129 1.76594 
0.977284 0.237952 -0.0352894 1.76536 
0.976817 0.231328 -0.0365675 1.7637 
1.00039 0.246795 0.0321121 1.81763 
1.02482 0.145634 0.0274189 1.85864 
1.008 0.214759 0.00467218 1.82836 
1.00016 0.24713 0.033316 1.81718 
1.00036 0.246611 0.0352603 1.81758 
0.998955 0.251977 0.0330112 1.81568 
1.02274 0.135578 0.0295854 1.86046 
1.02099 0.142018 0.0175003 1.85974 
0.960665 0.296565 -0.0977447 1.74815 
0.948724 0.360241 0.0395649 1.72942 
1.018 0.166127 -0.00546543 1.84296 
0.942747 0.0818519 0.381963 1.73483 
0.972104 0.122048 0.317873 1.77082 
0.944966 0.161851 0.363301 1.7361 
0.959581 0.124452 0.355491 1.76158 
1.01751 0.174542 -0.0556054 1.84573 
0.999751 0.248196 0.0352622 1.81651 
0.999785 0.248148 0.0346472 1.81655 
0.970693 0.315211 0.109458 1.76821 
0.954677 0.345123 -0.132395 1.75119 
1.00973 0.202469 0.0255229 1.83196 
0.941178 0.409543 0.0405823 1.73344 
0.952838 0.374778 0.0566773 1.74863 
0.951797 0.372094 0.0247227 1.74502 
0.946912 0.388524 0.0394973 1.74043 
1.02003 0.162613 -0.0364406 1.84813 
1.01826 0.169746 -0.0478448 1.84568 
0.949713 0.378164 -0.0822138 1.74402 
0.952707 0.329172 -0.0801213 1.73774 
0.951242 0.370476 -0.094606 1.74609 
1.00375 0.2312 0.0460631 1.82314 
1.01573 0.147838 0.0965554 1.85884 
0.999856 0.246783 0.0310218 1.81669 
0.999491 0.248755 0.0356579 1.81616 
1.02939 0.129436 0.10257 1.86055 
1.02999 0.130202 0.1036 1.85983 
1.02997 0.126556 0.10161 1.85983 
1.03013 0.129207 0.103014 1.86047 
0.943668 0.219817 0.0759528 1.66693 
0.939104 0.246585 0.0999755 1.66928 
0.94302 0.232542 0.087655 1.67437 
0.942207 0.230842 0.0871919 1.67039 
0.931981 0.243266 0.103833 1.64436 
0.931215 0.233303 0.0932101 1.63841 
0.954004 0.345965 0.143948 1.74027 
0.956379 0.351242 0.0224245 1.74356 
0.965353 0.303984 -0.155203 1.76558 
0.950578 0.325232 0.149119 1.73062 
0.948741 0.320461 0.149021 1.72751 
0.949285 0.305768 0.141342 1.72094 
0.94827 0.319072 0.146241 1.72471 
1.02368 0.148328 0.0067781 1.85748 
1.02442 0.139447 0.0109657 1.85971 
1.02434 0.14101 0.00124833 1.85929 
1.02366 0.143115 0.00610036 1.85755 
1.02611 0.123811 -0.033146 1.86237 
1.02689 0.123909 -0.0231691 1.86234 
1.02717 0.116126 -0.0286158 1.86435 
1.02655 0.121355 -0.0284279 1.86281 
1.02706 0.112021 0.0913929 1.85942 
1.02579 0.116327 0.0917591 1.86011 
1.02959 0.119972 0.0975066 1.85998 
1.0277 0.115886 0.093636 1.86014 
1.0296 0.0450713 0.0731127 1.86807 
1.0283 0.0296538 0.104798 1.86541 
1.03092 0.0163311 0.0741692 1.87165 
1.03086 0.0268875 0.0809959 1.87071 
0.994824 0.212557 -0.0173773 1.80049 
1.00018 0.247245 0.0348646 1.81732 
1.0151 0.184503 -0.0574741 1.84096 
1.01674 0.163863 0.0165315 1.83904 
1.02659 0.102565 0.0867279 1.86028 
1.02761 0.0956431 0.0874236 1.86042 
1.02782 0.0987602 0.0828298 1.86131 
1.02743 0.0986455 0.0850173 1.86059 
1.02251 0.144859 0.0399624 1.85751 
1.02168 0.153017 0.0328138 1.8555 
1.02131 0.155023 0.0442191 1.85555 
1.02208 0.15207 0.0387803 1.85741 
0.997841 0.255149 0.029703 1.81304 
0.931092 0.250847 0.129087 1.67077 
0.92434 0.284004 0.135076 1.66407 
0.928333 0.298279 0.174073 1.67658 
0.932872 0.272228 0.144968 1.68069 
1.0149 0.172177 0.0142682 1.8383 
0.978323 0.322977 0.0459011 1.7859 
1.01822 0.168231 -0.0428543 1.84471 
0.964982 0.345483 0.0765383 1.76201 
1.0269 0.121351 0.0897853 1.85839 
1.01615 0.172203 0.156004 1.84036 
1.01773 0.157037 0.156427 1.84515 
1.01988 0.160945 0.141623 1.84696 
1.01791 0.163085 0.15151 1.84384 
0.998154 0.254839 0.0330497 1.81486 
1.00681 0.219739 0.0428866 1.82731 
0.975148 0.334713 0.00812425 1.77337 
0.971639 0.284546 -0.159691 1.77638 
0.999735 0.248303 0.0362768 1.81653 
1.00322 0.232826 0.0418138 1.82222 
1.02936 0.134004 0.107553 1.85799 
1.00896 0.167676 0.122307 1.84481 
0.935848 0.336893 0.281377 1.71649 
0.939015 0.226085 0.167134 1.68768 
0.929098 0.318928 0.223614 1.69245 
0.934671 0.295899 0.235953 1.70234 
1.01686 0.176359 -0.0526498 1.84349 
1.0287 0.132573 0.111358 1.85732 
1.00025 0.247276 0.0335965 1.8175 
1.02291 0.118636 0.125143 1.85694 
1.02417 0.101913 0.119493 1.85835 
1.02566 0.10961 0.111754 1.85922 
1.025 0.10983 0.118727 1.8599 
0.969852 0.304298 0.133207 1.76431 
0.998956 0.251618 0.0315206 1.81528 
0.959049 0.243978 0.302243 1.75505 
0.966797 0.248381 0.264466 1.7678 
0.959369 0.274729 0.29724 1.75809 
0.960122 0.260799 0.29377 1.75619 
0.946199 0.172847 0.0452604 1.67815 
0.946773 0.192677 0.0650535 1.68008 
0.946275 0.17075 0.0541826 1.68219 
0.946906 0.176029 0.0539711 1.68144 
1.01229 0.15993 0.0630541 1.83507 
0.978213 0.323137 -0.0035393 1.78114 
1.00702 0.221013 0.0025603 1.82835 
0.975893 0.268725 -0.16188 1.78282 
1.01181 0.162805 0.0717062 1.83313 
1.01469 0.148438 0.0359726 1.84072 
1.02136 0.159042 0.0320965 1.85531 
1.01946 0.169855 0.0379468 1.85224 
1.02042 0.160802 0.042925 1.8539 
1.02046 0.163653 0.038077 1.85382 
1.01789 0.174914 0.00568762 1.84352 
1.02438 0.111835 0.0786825 1.86326 
1.02495 0.10337 0.0754087 1.86502 
1.02407 0.120218 0.0773837 1.86525 
1.02395 0.112645 0.0766402 1.86438 
1.0153 0.168099 0.00353493 1.84044 
0.947603 0.227612 0.106256 1.70152 
0.947479 0.238443 0.10206 1.69978 
0.949143 0.262404 0.120304 1.70678 
0.948292 0.244707 0.11098 1.70429 
0.999531 0.249622 0.0336798 1.81621 
0.959967 0.357814 0.0550261 1.75025 
1.02981 0.137193 0.113081 1.85908 
1.02026 0.146417 0.0512911 1.84836 
0.998841 0.248243 0.0509933 1.8136 
1.0096 0.19009 0.0593779 1.83283 
0.999805 0.248271 0.0336054 1.8166 
1.02622 0.13184 -0.0162555 1.85977 
1.02385 0.142107 -0.0162539 1.85702 
1.02442 0.137132 -0.00924076 1.85823 
1.02514 0.136555 -0.0139376 1.85949 
0.914201 0.439342 0.00658909 1.69004 
0.93099 0.430819 0.0238914 1.71428 
0.933034 0.428044 -0.00300049 1.71742 
0.925696 0.433542 0.00847753 1.70529 
0.974992 0.327783 -0.00171976 1.77245 
0.997246 0.256846 0.0336164 1.8123 
0.960475 0.330231 0.167156 1.75151 
1.00984 0.182031 0.0646851 1.83124 
0.999178 0.250732 0.0335855 1.81578 
0.97636 0.253652 -0.145128 1.77819 
0.939469 0.36582 0.0682357 1.71319 
1.0005 0.244929 0.038773 1.81797 
1.00071 0.244196 0.0411695 1.81857 
1.02526 0.148575 0.0267338 1.85364 
1.02582 0.130281 0.101068 1.86129 
1.0268 0.129953 0.101303 1.86153 
1.02593 0.12858 0.0997704 1.86118 
1.02602 0.13005 0.10102 1.86123 
0.999587 0.249564 0.0341285 1.81613 
1.01669 0.168546 0.01328 1.83938 
1.01194 0.197345 -0.0758647 1.83926 
0.95773 0.33648 0.00349464 1.74281 
1.00011 0.247433 0.0349966 1.8172 
1.01613 0.180014 -0.0578827 1.84331 
0.998521 0.252088 0.0385139 1.81488 
1.00106 0.242672 0.0434085 1.81975 
1.02288 0.151565 -0.00562898 1.85503 
1.02312 0.150279 0.00231486 1.85566 
1.02352 0.144137 -0.0029512 1.85693 
1.02353 0.148478 -0.00177583 1.85672 
1.01344 0.180854 0.0252998 1.83797 
1.01876 0.170813 0.00292583 1.84672 
0.953907 0.315591 -0.00984096 1.73174 
1.01342 0.153104 0.0480355 1.83799 
1.0304 0.0906376 0.0164968 1.86851 
1.02908 0.108582 0.00698886 1.86563 
1.02857 0.109728 0.0227108 1.8656 
1.03008 0.103795 0.0157345 1.86803 
0.997583 0.262651 0.06504 1.8154 
1.0196 0.171609 0.00525144 1.84855 
0.957888 0.144666 0.0463696 1.68525 
0.955037 0.145806 0.0343144 1.68213 
0.949744 0.157376 0.0479156 1.68538 
0.953938 0.14809 0.0415572 1.68326 
1.02505 0.126268 0.0421416 1.8623 
1.02699 0.109449 0.0491649 1.86544 
1.0272 0.114935 0.0333483 1.86499 
1.02582 0.116478 0.0410932 1.86241 
1.01747 0.178576 0.0113156 1.84499 
0.999856 0.247927 0.0340673 1.81669 
1.01355 0.173014 -0.0021993 1.83792 
1.02617 0.117265 0.0848428 1.85817 
1.0159 0.189587 0.0211494 1.84798 
1.01627 0.186737 0.0165166 1.84813 
1.01553 0.191141 0.018015 1.84776 
1.01571 0.189183 0.0183288 1.84744 
0.999864 0.247781 0.0335434 1.81671 
1.00022 0.246394 0.0360498 1.81727 
0.992816 0.210077 -0.131276 1.80656 
1.01697 0.177456 -0.0633828 1.84689 
0.989326 0.279145 -0.0193472 1.8029 
0.942528 0.401929 -0.0760898 1.73315 
0.929722 0.404217 -0.0729193 1.71307 
0.937832 0.410745 -0.0614968 1.72485 
0.937547 0.407153 -0.0695974 1.72458 
0.984553 0.294913 -0.012106 1.79802 
1.01738 0.174547 -0.0616466 1.84735 
0.998538 0.197959 -0.122837 1.8162 
1.02417 0.139993 0.120478 1.85872 
1.00282 0.236657 0.0324262 1.82145 
1.01262 0.19285 -0.0755779 1.84091 
0.974518 0.265127 -0.0170742 1.76508 
0.975746 0.274507 -0.0310018 1.76769 
0.974031 0.272746 -0.0278544 1.76495 
0.999653 0.248909 0.0339242 1.81638 
1.02693 0.0452322 0.107561 1.86628 
1.0297 0.0539466 0.0806997 1.86939 
1.02723 0.0644039 0.0950136 1.86553 
1.02664 0.0550549 0.0945778 1.86367 
1.02921 0.133852 0.110515 1.85988 
1.02466 0.102546 0.0734993 1.86606 
1.02347 0.112593 0.0650021 1.86818 
1.02364 0.119533 0.0732713 1.86661 
1.02379 0.112497 0.0720377 1.86743 
0.999542 0.250362 0.0317718 1.81645 
0.956797 0.348231 0.162317 1.75817 
0.97603 0.301687 0.166795 1.78861 
0.970739 0.32694 0.133754 1.78128 
0.96541 0.326426 0.155435 1.77044 
1.02636 0.0977547 0.0758873 1.86322 
1.0247 0.10447 0.077649 1.86253 
1.02779 0.0993444 0.080595 1.86223 
1.0262 0.0999602 0.0781309 1.86296 
0.995067 0.206727 -0.154197 1.81107 
0.996976 0.259581 0.0433247 1.81205 
1.0001 0.246719 0.029045 1.81733 
1.00017 0.246619 0.0380813 1.81731 
0.956773 0.325972 -0.00485723 1.73904 
1.01236 0.19463 -0.0758498 1.84049 
0.961548 0.341682 0.00736472 1.75154 
1.02369 0.145682 -0.0142411 1.85719 
1.02346 0.15026 -0.00994835 1.85627 
1.02408 0.142606 -0.00816647 1.85827 
1.02334 0.146192 -0.0111644 1.85635 
0.990783 0.26962 0.059847 1.80169 
0.950196 0.327715 0.151689 1.72861 
0.951889 0.328548 0.149586 1.72995 
0.948643 0.336172 0.15089 1.72899 
0.951065 0.330574 0.151127 1.73046 
0.956412 0.33518 0.0192337 1.74167 
0.958189 0.337348 0.0470156 1.74868 
0.963979 0.287449 0.021003 1.74611 
0.961789 0.317592 0.0299627 1.74878 
1.0242 0.142734 -0.0225253 1.85767 
1.02628 0.132169 -0.0210579 1.86022 
1.02574 0.137962 -0.0278641 1.86 
1.0252 0.137402 -0.0230072 1.85816 
0.98509 0.299034 0.00266835 1.79889 
0.935029 0.255454 0.106105 1.66131 
0.936513 0.230776 0.0880213 1.64957 
0.933386 0.258228 0.107587 1.65478 
0.934894 0.248224 0.101945 1.65507 
1.02951 0.138311 0.115824 1.85901 
0.999064 0.250016 0.0380747 1.81578 
0.976643 0.271356 0.206585 1.77914 
1.00259 0.235072 0.0485431 1.82112 
1.01895 0.177167 0.0097901 1.84809 
1.01981 0.174619 0.00786461 1.84854 
1.01247 0.177223 -0.00436752 1.83688 
1.0218 0.151981 -0.0500746 1.85465 
1.01558 0.19161 0.011014 1.84463 
1.0201 0.160873 -0.0249733 1.84716 
1.02083 0.156493 -0.0528621 1.85314 
1.00158 0.239484 0.0438933 1.81976 
1.01842 0.176167 0.00641285 1.84614 
1.0172 0.182429 0.0149649 1.84854 
1.0177 0.178997 0.016437 1.84868 
1.01754 0.179546 0.0126147 1.84844 
1.01751 0.180344 0.0144412 1.8486 
1.00375 0.233881 0.0349552 1.82338 
0.946835 0.211781 0.0720086 1.67789 
0.947411 0.197882 0.0607468 1.67361 
0.945129 0.221392 0.0796113 1.67576 
0.946626 0.208822 0.0712655 1.6755 
0.999936 0.247392 0.0339128 1.81682 
1.01483 0.182063 -0.0440554 1.83814 
1.00012 0.247457 0.0348684 1.8172 
1.02629 0.128008 -0.0243484 1.86069 
1.02551 0.127033 -0.0334235 1.86093 
1.02532 0.133943 -0.0297966 1.85942 
1.02574 0.129269 -0.0293329 1.86052 
0.940377 0.392166 0.138367 1.73161 
0.949008 0.385557 0.0940512 1.7465 
0.933073 0.415395 0.107086 1.71495 
0.938088 0.398571 0.114079 1.72839 
1.01379 0.19032 -0.0541074 1.83794 
1.0255 0.124705 0.0949045 1.85947 
1.02602 0.121026 0.090905 1.85847 
1.02829 0.131381 0.106618 1.85731 
1.01671 0.144156 0.0864821 1.85786 
1.00229 0.238577 0.0410568 1.82151 
0.966772 0.33759 0.00271805 1.76119 
1 0.244495 0.0446778 1.81655 
1.02489 0.153638 0.0216874 1.85271 
1.01268 0.192479 -0.0523416 1.8344 
1.01929 0.170882 0.0330648 1.85176 
1.02109 0.161096 0.0275406 1.85394 
1.02022 0.167619 0.0252114 1.85232 
1.02041 0.166088 0.0287528 1.85307 
0.956496 0.361884 0.0971363 1.75653 
0.948401 0.367913 0.139866 1.74309 
0.963842 0.337576 0.121163 1.76853 
0.95925 0.358191 0.11783 1.7628 
0.941112 0.36383 0.0563904 1.71454 
1.00003 0.247467 0.035059 1.81707 
0.99984 0.247815 0.0347434 1.81662 
1.01704 0.175549 0.0122175 1.84238 
0.997808 0.19883 -0.132822 1.81483 
0.999079 0.251983 0.0304014 1.81541 
0.994189 0.263416 0.0794643 1.80639 
1.02252 0.143584 0.0658353 1.858 
1.0237 0.138507 0.0491881 1.8593 
1.02215 0.150046 0.0531049 1.85623 
1.02184 0.143251 0.0556872 1.8551 
1.02137 0.156536 -0.0174945 1.85057 
1.02607 0.145097 0.0368018 1.85162 
0.99052 0.220501 -0.159979 1.80477 
0.945305 0.354728 0.0295673 1.7215 
0.942928 0.213671 0.351602 1.73026 
0.952588 0.226275 0.321656 1.73952 
0.938281 0.246969 0.337272 1.71901 
0.945779 0.228715 0.337688 1.73214 
1.02567 0.0946294 0.110795 1.86026 
1.02748 0.0939628 0.0964439 1.86039 
1.02673 0.104133 0.105796 1.86014 
1.02644 0.0979534 0.103635 1.85983 
0.980286 0.24414 -0.139547 1.78467 
1.02714 0.120935 0.0905922 1.85578 
0.985435 0.301897 0.0562774 1.79429 
1.0116 0.198872 0.0142579 1.83643 
0.963697 0.347487 0.0600148 1.75849 
0.999032 0.250942 0.039304 1.81593 
0.985306 0.301495 0.0384772 1.79375 
0.963598 0.317974 0.0572149 1.75683 
0.97186 0.263514 0.0424737 1.76102 
0.967237 0.275294 0.025438 1.75245 
0.967224 0.281548 0.0390341 1.75297 
1.02741 0.0883313 0.0950067 1.8613 
1.02551 0.086362 0.109292 1.86049 
1.02657 0.0764835 0.0966798 1.86254 
1.02646 0.0829814 0.10029 1.86122 
0.985335 0.29407 -0.00381549 1.79916 
0.973318 0.281409 -0.0309587 1.76457 
0.970601 0.286865 -0.0285026 1.75954 
1.02675 0.137181 0.11252 1.85827 
0.938851 0.271858 0.114866 1.67941 
0.938335 0.276258 0.117929 1.68862 
0.940898 0.258688 0.100206 1.68088 
0.939491 0.27171 0.111481 1.68265 
0.971576 0.269123 0.0606232 1.76275 
0.961843 0.329866 0.0762487 1.75893 
0.967721 0.314485 0.100048 1.77163 
0.967511 0.304097 0.0822612 1.76621 
1.0044 0.225388 0.0471074 1.82347 
1.01546 0.170071 0.0184678 1.8392 
1.02806 0.135947 0.11649 1.85768 
1.01759 0.160263 0.0170494 1.84005 
1.00285 0.236079 0.0403962 1.82179 
0.990164 0.181664 -0.0498668 1.78794 
1.00006 0.244422 0.0796732 1.81701 
0.937857 0.387408 -0.0979181 1.72629 
0.945756 0.39317 -0.0899642 1.73813 
0.947298 0.388273 -0.105082 1.74067 
0.943402 0.392652 -0.0965902 1.73432 
0.985823 0.287623 -0.0222237 1.79508 
1.02897 0.136181 0.112217 1.85916 
1.01513 0.194967 0.0913308 1.84033 
0.954491 0.241834 0.312603 1.74647 
0.949779 0.278666 0.311487 1.74159 
0.940756 0.255819 0.323406 1.72378 
0.947031 0.256879 0.316373 1.7354 
1.00481 0.202339 0.130107 1.82297 
1.00201 0.239706 0.0295948 1.82036 
0.995764 0.265012 0.0378836 1.80996 
0.97765 0.240423 -0.0303469 1.76746 
0.977201 0.253668 -0.0314097 1.76792 
0.977328 0.244831 -0.0321638 1.76672 
1.00024 0.246566 0.0391164 1.81704 
1.02964 0.103759 -0.000663999 1.86729 
1.03142 0.0851077 0.00701283 1.87129 
1.03044 0.0895011 -0.0107116 1.86973 
1.02979 0.0927382 -0.00203986 1.8677 
1.02903 0.138065 0.114812 1.85762 
1.01343 0.173877 0.0736898 1.83581 
1.00231 0.238285 0.0315104 1.82077 
0.975891 0.285007 0.130766 1.77214 
1.01752 0.173418 -0.0517584 1.84498 
0.999855 0.247866 0.0345333 1.81665 
1.02339 0.130355 0.113791 1.85734 
0.997415 0.256014 -0.0215197 1.81139 
0.921561 0.422238 -0.0393297 1.70063 
0.934154 0.422875 -0.0263537 1.71891 
0.935229 0.417107 -0.0457235 1.72067 
0.930233 0.421193 -0.0380263 1.71214 
1.00172 0.242034 0.0306247 1.82004 
1.02102 0.149691 0.0426109 1.84846 
0.932508 0.294234 0.159793 1.68264 
1.0239 0.117052 0.090133 1.85877 
1.0249 0.1174 0.0878861 1.85789 
1.02462 0.12217 0.0934977 1.8594 
1.02435 0.11826 0.089706 1.85886 
1.01826 0.140455 0.0804624 1.8573 
1.0135 0.190206 -0.0721998 1.84198 
1.02506 0.130203 0.108331 1.85718 
1.0159 0.152749 0.0476072 1.84321 
0.93914 0.414385 -0.0269184 1.72802 
0.946634 0.388744 -0.0396302 1.73925 
0.939488 0.411534 -0.0468238 1.7284 
0.942563 0.407531 -0.0377861 1.73409 
0.998868 0.249655 0.0405063 1.81488 
1.01807 0.15296 0.0409823 1.84491 
1.00805 0.210847 0.0257877 1.8289 
0.999868 0.247891 0.0344027 1.81668 
0.999258 0.251859 0.0267339 1.81587 
0.94762 0.347971 0.0203478 1.72491 
0.999904 0.2479 0.0407418 1.81638 
1.01299 0.192452 -0.073962 1.84131 
0.970212 0.290323 0.189599 1.77505 
0.945498 0.343077 0.190434 1.73562 
0.9529 0.295749 0.23854 1.74594 
0.961608 0.308319 0.207764 1.76379 
0.952261 0.338414 0.00766317 1.73278 
1.02678 0.091689 0.0896093 1.85127 
0.929746 0.248797 0.113829 1.6457 
0.999404 0.250023 0.0334136 1.81623 
1.00701 0.209494 -0.0814044 1.83199 
1.0262 0.141345 0.119567 1.86021 
0.999118 0.195342 -0.136729 1.81649 
1.02431 0.141863 -0.0278711 1.85722 
1.02479 0.142401 -0.0292335 1.85812 
1.01459 0.173763 -0.0221496 1.83867 
0.967146 0.30046 -0.0227969 1.75507 
0.957656 0.322232 -0.0910306 1.74992 
0.938601 0.416639 -0.00218358 1.72761 
0.93786 0.417522 0.024425 1.72718 
0.947535 0.386202 0.0102771 1.73978 
0.942179 0.408872 0.011557 1.73435 
0.967617 0.330868 0.075358 1.76449 
1.02139 0.16041 0.0232002 1.85397 
1.02089 0.165017 0.0171568 1.85277 
1.02043 0.166498 0.0229271 1.85253 
1.02125 0.164051 0.0210045 1.85346 
0.99849 0.254734 0.0345599 1.81521 
0.961106 0.320008 -0.00747857 1.74686 
0.96389 0.307597 -0.0220137 1.74979 
1.00033 0.24612 0.038198 1.81774 
1.00043 0.246076 0.0356634 1.81766 
0.999937 0.24739 0.0339492 1.81683 
0.97074 0.340946 0.0491275 1.77321 
0.971416 0.299769 -0.0230268 1.7653 
0.970374 0.3253 0.0867418 1.7707 
1.00037 0.246378 0.0347241 1.81756 
0.962242 0.347896 0.016648 1.75393 
1.0046 0.230905 0.0215603 1.82444 
0.995643 0.262134 0.0401695 1.80947 
0.98977 0.296246 0.0239098 1.79924 
0.949555 0.374725 -0.0276612 1.74162 
0.942581 0.408422 -0.0145903 1.73447 
0.950854 0.372071 -0.00244173 1.74281 
0.947198 0.386857 -0.0159409 1.73931 
0.95276 0.161935 0.181912 1.71252 
0.952197 0.115902 0.0948731 1.69366 
0.946331 0.227596 0.240673 1.71718 
0.949907 0.168883 0.165264 1.70526 
0.947174 0.391752 0.0739976 1.74378 
0.935214 0.419416 0.0548097 1.72305 
0.932799 0.418461 0.0873151 1.71807 
0.938718 0.411507 0.072496 1.72947 
0.895638 0.256901 0.384728 1.65725 
0.927393 0.210844 0.383837 1.71025 
0.9274 0.258133 0.356504 1.7089 
0.916256 0.242258 0.378014 1.69323 
1.00024 0.246773 0.0358154 1.81737 
0.960731 0.129948 0.0506268 1.68893 
0.958204 0.11885 0.0552353 1.68842 
0.957946 0.112072 0.0448247 1.68748 
0.959367 0.11796 0.0492794 1.68798 
0.968164 0.304736 -0.0203592 1.75887 
1.02469 0.131072 0.0224131 1.85988 
1.02426 0.133385 0.0345401 1.86001 
1.02601 0.123291 0.0278665 1.86257 
1.02543 0.130204 0.0286511 1.86225 
1.00004 0.247516 0.0349644 1.81708 
0.946447 0.214512 0.0773278 1.68567 
0.94667 0.221111 0.0851343 1.69259 
0.946368 0.186378 0.063412 1.68618 
0.947444 0.20864 0.0757309 1.68938 
0.997748 0.2557 0.0411778 1.81312 
1.02432 0.148346 0.0367842 1.84968 
0.974523 0.330138 0.0149401 1.7784 
0.999425 0.25003 0.032715 1.81612 
1.01909 0.179015 0.00962854 1.84761 
0.945872 0.293471 0.312955 1.73499 
0.929506 0.307717 0.313379 1.71 
0.933482 0.273949 0.323987 1.71292 
0.937007 0.289717 0.314755 1.7203 
0.991217 0.282037 0.064011 1.80404 
0.965549 0.327961 0.154554 1.76028 
1.00573 0.221705 -0.00436497 1.82712 
1.00193 0.192244 -0.122911 1.82135 
0.998372 0.248402 0.061556 1.8137 
0.973729 0.266955 -0.136677 1.77377 
0.969924 0.279696 -0.131012 1.76741 
0.971119 0.307169 0.111054 1.77746 
0.997191 0.257236 0.0381636 1.81214 
1.01196 0.173182 0.0574942 1.8356 
0.959938 0.294854 -0.016416 1.74021 
0.954486 0.33954 -0.0271428 1.74044 
0.95533 0.334801 -0.00456152 1.73985 
0.956377 0.319761 -0.0149493 1.73956 
1.00328 0.235929 0.0370859 1.82282 
0.948525 0.381824 -0.0504026 1.74218 
0.946677 0.394346 -0.0701261 1.74102 
0.941911 0.40784 -0.0557277 1.73296 
0.945451 0.396269 -0.0597224 1.73876 
0.962706 0.283589 -0.00572441 1.74329 
0.958939 0.317455 0.0073217 1.74273 
0.964572 0.28071 0.0104201 1.74676 
0.961044 0.291121 0.00381613 1.74084 
0.934766 0.279218 0.125685 1.67909 
0.934471 0.282393 0.130032 1.67582 
0.931757 0.28606 0.135928 1.66877 
1.03281 0.109502 0.0461663 1.87041 
1.02348 -0.0191144 0.0305629 1.84264 
1.03317 0.0709617 0.0713685 1.8685 
1.01774 0.0359797 0.0871951 1.83125 
1.02592 -0.0253093 0.0280356 1.84486 
1.02629 -0.0214195 0.0336153 1.846 
1.01201 -0.0180062 0.120339 1.82247 
1.01985 -0.011295 0.0953007 1.8395 
0.998531 0.0193298 0.181425 1.80189 
1.00887 0.00427326 0.154376 1.82503 
0.996317 0.0291439 0.176051 1.79592 
0.995407 0.0399857 0.163268 1.79259 
0.99617 0.05413 0.154252 1.79301 
0.993905 0.0628426 0.145335 1.78593 
0.91882 0.258644 0.288655 1.6877 
0.923472 0.257304 0.22812 1.70346 
0.920143 0.259829 0.284708 1.69055 
0.907548 0.284322 0.209909 1.63706 
0.926047 0.270137 0.247718 1.69199 
0.910347 0.279977 0.19604 1.63877 
0.921679 0.261183 0.144954 1.63097 
1.00433 0.175643 -0.100225 1.82536 
1.01184 0.19672 -0.0788038 1.83987 
0.998487 0.253312 0.0361812 1.81485 
0.998309 0.255379 0.0356602 1.81503 
0.99024 0.294107 0.033823 1.79821 
0.997852 0.236637 0.00405076 1.81337 
0.995591 0.238452 -0.00653031 1.80763 
0.997741 0.26361 0.0174591 1.81176 
0.99389 0.263526 7.45476e-05 1.81073 
1.01011 0.208796 0.0984415 1.82965 
1.01329 0.197257 0.0870412 1.83334 
1.0025 0.21884 0.0961765 1.82013 
1.00636 0.201192 0.0696034 1.82524 
0.981109 0.271376 0.110928 1.79364 
1.00039 0.237042 0.00724196 1.81771 
1.01195 0.148058 0.112401 1.84977 
1.00524 0.221063 -0.0571722 1.82709 
1.00589 0.219403 -0.0279422 1.82686 
0.971256 0.24072 -0.0728991 1.75599 
1.02097 0.128291 0.12258 1.85718 
0.946696 0.327774 0.155468 1.72876 
0.944068 0.322173 0.153099 1.72255 
0.994451 0.263703 -0.00950139 1.81215 
0.998015 0.195276 -0.0955038 1.81354 
0.998867 0.251557 0.0348644 1.8154 
1.01055 0.205015 -0.0734989 1.83678 
1.00458 0.223243 -0.0123292 1.825 
