1.00066 0.494625 0.0693287 1.91201 
0.979239 0.495003 0.173971 1.87404 
0.98682 0.4878 0.164969 1.88709 
0.982411 0.527749 0.157952 1.88111 
0.986558 0.503695 0.156494 1.88609 
0.993888 0.504097 0.147222 1.898 
1.01228 0.447406 0.12637 1.93136 
0.997283 0.492689 0.120052 1.90113 
1.0277 0.433641 0.0888764 1.94964 
1.01009 0.452157 0.111724 1.92577 
1.02267 0.442198 0.0625826 1.94337 
1.01953 0.455634 0.0972667 1.93093 
1.01145 0.473397 0.0852482 1.92469 
1.03094 0.425802 0.0711858 1.95911 
1.04695 0.381902 0.0931463 1.9817 
1.0221 0.437004 0.107853 1.94131 
1.03102 0.415241 0.107709 1.95503 
1.03492 0.40344 0.097467 1.96293 
1.03505 0.407008 0.0839046 1.96396 
1.04687 0.384897 0.0795187 1.98136 
1.03427 0.40953 0.119716 1.96292 
1.04257 0.385661 0.123809 1.97371 
1.03058 0.414118 0.131001 1.95707 
1.02692 0.428899 0.102388 1.9477 
1.02049 0.434423 0.118866 1.94743 
1.02279 0.424848 0.15926 1.94469 
1.00318 0.47119 0.126547 1.91552 
1.02032 0.431738 0.147877 1.94041 
1.00692 0.44839 0.16259 1.91809 
1.01035 0.470126 0.0926262 1.92274 
1.01869 0.445682 0.1063 1.93531 
1.00711 0.463156 0.106057 1.92149 
1.02973 0.236812 0.367154 1.96445 
0.936594 0.299754 0.506689 1.81451 
0.997948 0.292245 0.389617 1.9069 
0.98739 0.482555 0.188878 1.88969 
1.01899 0.471294 0.0585716 1.94044 
1.03233 0.425503 -0.0212991 1.95824 
1.01826 0.451946 0.00616423 1.9342 
1.01416 0.460664 0.00143317 1.93095 
1.01515 0.460509 0.0205318 1.92831 
1.00708 0.472189 0.0239427 1.91848 
1.00368 0.473832 -0.00111774 1.91737 
1.01373 0.468784 -0.0254451 1.93582 
1.008 0.481955 0.0702535 1.92319 
1.00934 0.480096 0.0584942 1.93102 
1.02001 0.450544 0.0697657 1.93737 
1.02341 0.440499 0.0500479 1.94405 
1.0236 0.445354 0.0829567 1.94 
1.06781 0.344946 0.0164808 2.02306 
1.06556 0.350406 0.0174891 2.01918 
1.06962 0.347231 0.00744978 2.02707 
1.06748 0.351129 0.0128428 2.02268 
1.0676 0.354771 0.0107229 2.02261 
1.07066 0.332048 0.0160899 2.02764 
1.0693 0.334612 0.0227323 2.02454 
1.06858 0.33381 0.0248105 2.0225 
1.06801 0.334927 0.0270797 2.02153 
1.06787 0.333935 0.0251667 2.0208 
1.06917 0.333116 0.0242712 2.02327 
1.06966 0.335564 0.0181004 2.02628 
1.06792 0.340021 0.0189601 2.02384 
1.06705 0.341591 0.0200937 2.02215 
1.06647 0.346603 0.0179686 2.02076 
1.06447 0.343962 0.0217548 2.01661 
1.06416 0.351254 0.0188861 2.01677 
1.06931 0.339051 0.0156169 2.02543 
1.06599 0.353 0.0157653 2.01984 
1.06311 0.354879 0.0185911 2.01498 
1.06898 0.352117 0.00494352 2.02546 
1.06559 0.356962 0.0153224 2.01908 
1.06504 0.362036 0.00824668 2.01892 
1.06641 0.35878 0.00534622 2.02116 
1.06312 0.364863 0.00781325 2.01667 
1.06324 0.364179 -0.00204515 2.01751 
1.0578 0.376017 0.000682248 2.00794 
1.06695 0.359178 -0.0280863 2.02287 
1.05769 0.375482 -0.00763674 2.0068 
1.06003 0.363236 -0.0727508 2.01116 
1.06701 0.335607 -0.0957314 2.0213 
1.07081 0.331641 -0.0832105 2.02832 
1.07924 0.313596 -0.0749191 2.04318 
1.07268 0.328866 -0.0528582 2.03112 
1.06482 0.351677 -0.074183 2.01909 
1.06899 0.34747 -0.0444531 2.02496 
1.07092 0.335154 -0.0635818 2.02884 
1.07283 0.336053 -0.0452916 2.03178 
1.07392 0.31694 -0.0534933 2.03221 
1.07723 0.317031 -0.0698055 2.04002 
1.08665 0.282656 -0.059344 2.05145 
1.07432 0.330957 -0.0337181 2.03373 
1.07404 0.3258 -0.0121455 2.03246 
1.07719 0.313767 -0.00302925 2.03858 
1.07147 0.335937 0.00860476 2.02904 
1.06061 0.368934 -0.0137702 2.01243 
1.07141 0.340752 -0.0148195 2.02778 
1.06651 0.358721 -0.000331034 2.02127 
1.04874 0.399477 -0.0570795 1.99218 
1.06721 0.345687 -0.0634781 2.02234 
1.05655 0.382293 -0.0441261 2.00363 
1.06336 0.369965 -0.0418818 2.01726 
1.06352 0.364807 -0.0518647 2.01712 
1.06865 0.350126 -0.0322714 2.02477 
1.06713 0.352951 -0.0526678 2.02289 
1.06996 0.349171 -0.00231727 2.02645 
1.06941 0.351756 -0.013233 2.02529 
1.0665 0.35944 -0.0170403 2.02146 
1.07284 0.338954 -0.0256954 2.03113 
1.07257 0.335556 -0.00915743 2.03055 
1.05575 0.380208 -0.025528 2.00434 
1.07537 0.322788 -0.0344198 2.03518 
1.06944 0.333555 0.0236996 2.02398 
1.06985 0.332276 0.0219218 2.02525 
1.06715 0.334424 0.039511 2.01907 
1.08057 0.308592 0.0547064 2.04333 
1.08293 0.289454 0.0679162 2.04949 
1.08122 0.30842 0.0660351 2.0411 
1.06969 0.334692 0.0749869 2.02482 
1.06056 0.348379 0.0648399 2.01248 
1.06481 0.351556 0.0467429 2.01762 
1.05154 0.378316 0.0647609 1.98956 
1.0617 0.36566 0.02213 2.01406 
1.07292 0.335768 0.0241701 2.03077 
1.07445 0.325413 0.0196658 2.0353 
1.07401 0.334552 0.027124 2.03192 
1.07703 0.325792 0.031773 2.03573 
1.07799 0.32014 0.0428617 2.03882 
1.07474 0.327512 0.0410565 2.03402 
1.07757 0.318076 0.0505884 2.03811 
1.08023 0.302664 0.0494267 2.04475 
1.08215 0.308392 0.0394802 2.04593 
1.08626 0.296197 0.035722 2.05215 
1.07876 0.320739 0.0686884 2.036 
1.07006 0.339909 0.0557765 2.02617 
1.07523 0.328896 0.0357669 2.03418 
1.06118 0.357939 0.0223065 2.01172 
1.06317 0.360707 0.0236536 2.01521 
1.06423 0.361674 0.023772 2.01651 
1.06393 0.359874 0.0231237 2.01719 
1.06337 0.357898 0.0234063 2.01643 
1.06776 0.324287 0.140387 2.0186 
1.05819 0.34506 0.146492 2.00489 
1.06136 0.342221 0.125599 2.01285 
1.05651 0.364794 0.0815116 1.99785 
1.05245 0.36285 0.117937 1.99307 
1.05319 0.371672 0.0976281 1.99112 
1.07806 0.316831 0.090959 2.03585 
1.07358 0.334605 0.033648 2.03103 
1.07437 0.334731 0.046217 2.03311 
1.07215 0.342932 0.0442096 2.0302 
1.07393 0.335362 0.0296548 2.03151 
1.06836 0.350839 0.0359061 2.02425 
1.07232 0.339525 0.0290284 2.02767 
1.06876 0.347059 0.0266443 2.02396 
1.06594 0.345805 0.0194123 2.01893 
1.07858 0.320064 0.0217124 2.03988 
1.07237 0.332425 0.0202692 2.03117 
1.07056 0.339678 0.0234141 2.02776 
1.07012 0.334419 0.0160955 2.02725 
1.07325 0.321786 0.00439786 2.03201 
1.07378 0.328459 0.0143211 2.03305 
1.07323 0.328913 0.0184316 2.03315 
1.07045 0.334746 0.0186493 2.02831 
1.06954 0.332183 0.0115657 2.02628 
1.08228 0.288195 0.0117138 2.04752 
1.07913 0.302167 0.0202797 2.04351 
1.07997 0.316735 0.0268049 2.04087 
1.08509 0.306945 0.0339064 2.04713 
1.07909 0.316792 0.0374725 2.04005 
1.07923 0.298361 -0.00390056 2.04162 
1.07713 0.312975 0.0131173 2.03887 
1.07672 0.316521 0.00940162 2.03819 
1.0776 0.309496 0.0124875 2.0401 
1.06445 0.340401 0.0143964 2.0167 
1.04167 0.392457 0.1047 1.97372 
1.05316 0.371735 0.0391154 1.99433 
1.06649 0.334537 0.0972851 2.02027 
1.06329 0.347829 0.0770226 2.0119 
1.05549 0.368658 0.0661989 1.99687 
1.05774 0.361389 0.0547287 2.00347 
1.06778 0.341465 0.0627761 2.02356 
1.05564 0.351458 0.136992 2.00238 
1.06214 0.332664 0.148965 2.01086 
1.07185 0.311843 0.145691 2.02441 
1.07126 0.306945 0.160637 2.02744 
1.05216 0.353143 0.157355 1.99513 
1.01431 0.40119 0.202863 1.93515 
1.04979 0.337537 0.189709 1.99704 
1.05563 0.336195 0.171301 2.00384 
1.06614 0.313175 0.168917 2.01987 
1.0746 0.271031 0.182482 2.03129 
1.08746 0.261006 0.14394 2.05203 
1.08481 0.2533 0.164466 2.04843 
1.11045 -0.0454799 0.167885 2.10908 
1.0579 0.29948 0.234163 2.00422 
1.07565 0.260641 0.245368 2.03138 
1.05292 0.294731 0.251544 2.0037 
1.0858 0.149131 0.19857 2.03065 
1.08479 0.251158 0.188229 2.04626 
1.05538 0.274786 0.257035 2.00244 
1.07086 0.272472 0.196151 2.02572 
1.07342 0.264758 0.226152 2.02316 
1.06636 0.286442 0.223112 2.01718 
1.10082 0.25477 0.142884 2.08302 
0.970211 0.500056 0.199325 1.86291 
0.97679 0.491232 0.207218 1.87619 
0.968621 0.519721 0.168678 1.85467 
1.00664 0.431225 0.180293 1.9193 
0.993078 0.468507 0.213651 1.89397 
1.00752 0.449863 0.175431 1.92039 
0.990471 0.48398 0.168756 1.89573 
1.00115 0.466923 0.160131 1.91159 
1.0043 0.434011 0.200321 1.9131 
1.00236 0.492402 0.0677164 1.91494 
1.00098 0.49458 0.0669788 1.91257 
1.00114 0.49458 0.0654123 1.91208 
1.00058 0.495454 0.0679576 1.91195 
1.03557 0.377602 -0.139496 1.96757 
1.03341 0.431898 -0.149232 1.9735 
1.07514 0.285477 -0.104312 2.03852 
1.03943 0.404981 -0.088952 1.97732 
1.0341 0.418684 -0.101997 1.96868 
1.03175 0.428165 -0.0978047 1.9654 
1.03142 0.409178 -0.118012 1.96243 
1.03922 0.401724 -0.107616 1.97473 
1.04331 0.385133 -0.114222 1.97991 
1.04783 0.381027 -0.107268 1.98859 
1.05025 0.388836 -0.000833608 1.98975 
1.05139 0.388596 -0.0124738 1.99345 
1.05614 0.374435 0.0149446 2.00234 
1.06014 0.363819 0.0374484 2.00928 
1.05894 0.367733 0.0315668 2.00809 
1.05831 0.371932 0.0176418 2.00778 
1.0647 0.365519 0.0220868 2.01687 
1.064 0.36533 0.0244653 2.0158 
1.06204 0.366249 0.0193759 2.01432 
1.06524 0.361657 0.0249993 2.01759 
1.04895 0.395498 -0.0328343 1.99112 
1.04888 0.397416 -0.0212447 1.99094 
1.05464 0.386392 -0.0346537 2.00329 
1.05557 0.38258 -0.0142388 2.00455 
1.02431 0.44332 0.0176041 1.94497 
1.02467 0.439377 -0.00702493 1.94465 
1.02032 0.450265 -0.0136251 1.94251 
1.03978 0.415028 -0.0252846 1.97342 
1.02842 0.437517 -0.0279322 1.95701 
1.02878 0.435507 -0.0385025 1.95903 
1.03217 0.424293 0.0108143 1.95895 
1.04414 0.39748 0.000895534 1.97763 
1.04303 0.401469 0.0116021 1.97863 
1.07379 0.334622 0.0550119 2.03 
1.0691 0.345498 0.0489914 2.02467 
1.07139 0.342723 0.039364 2.02876 
1.06291 0.359852 0.0358657 2.01421 
1.07168 0.343586 0.032215 2.02709 
1.0305 0.433375 0.0350311 1.95472 
1.01814 0.46089 0.0286471 1.93256 
1.00875 0.467564 0.00807765 1.92115 
1.02677 0.446408 0.0290962 1.94769 
0.988952 0.425137 0.00349206 1.87978 
0.994558 0.50576 -0.019575 1.89988 
0.972805 0.539831 -0.0239879 1.86716 
0.976587 0.531769 -0.0338303 1.8694 
0.984705 0.525571 -0.0123601 1.88554 
0.984952 0.522884 0.00654397 1.88459 
0.977558 0.532638 0.00893153 1.87038 
0.947538 0.567182 -0.03358 1.82672 
0.958346 0.556081 -0.0158646 1.84326 
0.947833 0.567232 -0.0158134 1.825 
0.971796 0.319503 -0.0403062 1.83915 
0.978808 0.399621 -0.0406958 1.85873 
0.982371 0.378292 -0.0320411 1.86191 
0.984311 0.388854 -0.0100147 1.86996 
0.996265 0.480933 -0.0262972 1.89936 
0.986786 0.477036 -0.0405327 1.88262 
0.980455 0.455074 -0.0528 1.8717 
0.937229 0.347556 -0.172522 1.79538 
0.958558 0.421395 -0.0896948 1.82074 
0.959513 0.338904 -0.083357 1.81666 
0.96614 0.409352 -0.078743 1.83446 
0.91183 0.384924 -0.166676 1.75205 
0.927172 0.372955 -0.13758 1.77176 
0.948951 0.395022 -0.107472 1.80563 
0.940543 0.410632 -0.112813 1.78772 
0.929025 0.400318 -0.125012 1.76809 
0.954496 0.355331 -0.0953739 1.80851 
0.858031 0.516167 -0.102721 1.6746 
0.936432 0.558185 -0.053074 1.8017 
0.922179 0.529003 -0.0786666 1.77274 
0.935123 0.521987 -0.0815015 1.79366 
0.919683 0.457096 -0.116642 1.75598 
0.943948 0.522574 -0.0743187 1.80946 
0.934605 0.502519 -0.0920536 1.79132 
0.926797 0.49052 -0.0989492 1.7788 
0.947434 0.465894 -0.0940935 1.80974 
0.959133 0.502571 -0.071746 1.83704 
0.92823 0.564203 -0.0485251 1.78789 
0.916461 0.560106 -0.046107 1.76546 
0.936266 0.547888 -0.062312 1.80067 
1.04037 0.394247 -0.115868 1.97559 
1.04906 0.380582 -0.0972039 1.99196 
1.04549 0.390255 -0.090216 1.9868 
1.05109 0.368422 -0.113388 1.99339 
1.05374 0.370468 -0.0913232 1.99987 
1.06004 0.37058 -0.0618717 2.01216 
1.03615 0.425579 -0.0625074 1.97325 
1.03627 0.418538 -0.075356 1.97395 
1.03726 0.413362 -0.0913112 1.97506 
1.04056 0.407791 -0.0792293 1.98068 
1.04008 0.416888 -0.0621859 1.97898 
1.01979 0.458539 -0.0499598 1.94687 
1.02872 0.419322 -0.113902 1.95913 
1.02269 0.437826 -0.106763 1.95072 
1.01377 0.436912 -0.0934833 1.93258 
1.0062 0.388009 -0.0897131 1.90881 
0.99865 0.322445 -0.0974953 1.88705 
1.01948 0.401874 -0.136144 1.9415 
1.00539 0.379701 -0.0882208 1.90614 
0.998616 0.347135 -0.0738102 1.88979 
0.984159 0.298205 -0.0966762 1.85808 
0.967736 0.293491 -0.0854265 1.83948 
0.96965 0.295934 -0.132962 1.83989 
1.01829 0.429177 -0.129607 1.94469 
1.01652 0.442294 -0.119374 1.93935 
0.988806 0.269295 -0.119184 1.86194 
1.04519 0.404401 -0.0403664 1.98677 
1.03427 0.426985 -0.0402413 1.96916 
1.03121 0.405727 -0.128278 1.96195 
1.04173 0.399512 -0.094527 1.98094 
1.03529 0.411387 -0.111421 1.96913 
1.01072 0.470992 0.028027 1.92363 
0.997434 0.476181 0.0338055 1.90217 
1.0111 0.467043 0.0176283 1.92545 
1.00533 0.476909 0.019153 1.91897 
1.00478 0.473387 0.00643549 1.91838 
1.00561 0.46068 -0.0186188 1.91884 
0.994272 0.511442 -0.00542348 1.9013 
0.991014 0.42579 -0.0235395 1.88496 
0.999251 0.488261 0.000505714 1.90747 
0.991235 0.448769 0.0198856 1.89018 
0.992492 0.443274 0.0275464 1.89266 
0.997713 0.503337 0.0268772 1.90347 
0.994638 0.499674 0.0108328 1.89779 
0.982871 0.448841 -0.0462742 1.8711 
0.990715 0.415952 -0.00694843 1.88323 
0.985524 0.364 -0.01963 1.86968 
0.988194 0.38299 -0.0115774 1.87689 
0.977771 0.535783 -0.01457 1.8748 
0.993457 0.498157 -0.0133263 1.89692 
0.987709 0.521684 -0.00447528 1.89115 
0.989663 0.435995 0.0152416 1.8863 
0.997842 0.488033 0.0197328 1.90298 
0.995285 0.492172 0.0417289 1.90011 
0.995424 0.517365 0.0394032 1.90438 
0.978239 0.544127 0.0328524 1.88748 
0.99609 0.516781 0.0300916 1.90634 
0.990535 0.521342 0.043012 1.90026 
0.975397 0.540747 -0.00366912 1.86594 
1.01954 0.449264 -0.0220037 1.94207 
1.01689 0.457489 -0.0258001 1.94152 
1.01309 0.461108 -0.00744837 1.93052 
1.00752 0.468013 -0.0120785 1.92298 
0.989654 0.441985 -0.00924786 1.88224 
0.985886 0.409913 -0.00207142 1.876 
0.987563 0.410474 0.00125568 1.87876 
1.00606 0.468018 -0.0294617 1.92064 
1.02565 0.442869 -0.0421038 1.95572 
1.01805 0.463278 -0.0407727 1.94448 
1.01299 0.469738 -0.0300949 1.93436 
1.00581 0.459156 -0.0452116 1.92132 
1.02049 0.451014 -0.0784892 1.94897 
1.01533 0.457937 -0.0636248 1.93887 
1.02474 0.444786 -0.0650665 1.95501 
1.01798 0.463532 -0.0543349 1.94462 
1.00056 0.431659 -0.0484872 1.90561 
0.981446 0.348973 -0.0354798 1.8603 
0.975291 0.30716 -0.0368962 1.84749 
0.985753 0.326239 -0.0588137 1.86532 
1.02656 0.434425 0.0101413 1.94967 
1.01933 0.453468 0.0154901 1.93694 
1.02479 0.441868 0.00176341 1.94717 
1.00364 0.432288 -0.0554943 1.91203 
1.02143 0.454899 0.0314664 1.9371 
1.03556 0.418518 -0.00216744 1.96326 
1.0324 0.42782 -0.0098585 1.95933 
1.04354 0.405075 -0.0194308 1.97813 
1.04261 0.406553 -0.00686192 1.97708 
1.02711 0.4373 0.0706572 1.94974 
1.01996 0.450717 0.0440421 1.94067 
0.999463 0.495098 0.0678943 1.90959 
0.999012 0.49692 0.068515 1.90903 
0.999414 0.495486 0.0671571 1.90931 
1.00924 0.479911 0.0436926 1.92102 
1.00529 0.488853 0.0653484 1.91948 
1.00659 0.489604 0.0581478 1.91934 
1.00386 0.492353 0.0629235 1.91553 
0.999507 0.495062 0.0658392 1.90874 
0.997667 0.497011 0.0626919 1.90582 
0.999202 0.493614 0.0547604 1.90786 
0.997702 0.498752 0.0679062 1.90631 
0.999322 0.486993 0.0509464 1.90536 
0.99978 0.495052 0.0675305 1.9106 
1.00294 0.468576 0.0354003 1.91137 
1.0147 0.466274 0.0304391 1.92568 
1.00598 0.476369 0.0399775 1.91643 
1.0026 0.490896 0.0651452 1.91476 
0.999197 0.492768 0.0586737 1.90832 
1.00392 0.481496 0.0516766 1.91365 
0.996288 0.501733 0.095776 1.90104 
0.931151 0.566199 0.139533 1.79744 
0.95905 0.531624 0.17862 1.84022 
0.903364 0.596988 0.111975 1.74854 
0.984032 0.518879 0.0917786 1.88081 
0.977355 0.533051 0.0423033 1.87618 
0.997949 0.498103 0.0712879 1.90656 
0.989565 0.516924 0.0819779 1.89543 
0.988483 0.513191 0.0517513 1.89303 
0.999441 0.496286 0.0685574 1.90954 
0.998768 0.496577 0.0684189 1.90856 
0.998795 0.496728 0.06891 1.90881 
0.999212 0.495757 0.0694169 1.90902 
1.00003 0.495064 0.0699384 1.91079 
0.967631 0.552561 0.0331303 1.86051 
0.975976 0.531051 0.0549309 1.87452 
0.990588 0.508471 0.0673246 1.90346 
0.99559 0.506505 0.0552016 1.90986 
0.994291 0.503398 0.063756 1.90348 
0.996294 0.500268 0.070897 1.90582 
0.984343 0.517427 0.0707219 1.88449 
0.997446 0.501829 0.0644728 1.9067 
0.943387 0.567548 0.100887 1.81868 
0.908437 0.592532 0.139964 1.75898 
0.931485 0.586318 0.0976427 1.81438 
0.893871 0.609435 0.0810123 1.73143 
0.901967 0.611711 0.0268418 1.73691 
0.917139 0.423306 -0.129168 1.75008 
0.942547 0.448276 -0.104114 1.79588 
0.930374 0.463901 -0.109506 1.77701 
0.945681 0.494063 -0.0884834 1.81326 
0.897448 0.511274 -0.0341846 1.72536 
0.908642 0.542019 -0.0570761 1.75109 
0.910661 0.543625 -0.0475581 1.75294 
0.907332 0.4831 -0.0521243 1.74054 
0.907866 0.490912 -0.0393318 1.74195 
0.906236 0.509103 -0.0504112 1.74303 
0.90984 0.551842 -0.0489561 1.75217 
0.91031 0.475794 -0.0442277 1.74449 
0.877125 0.52174 0.0861931 1.72338 
0.999483 0.494805 0.0673683 1.90981 
0.999508 0.497218 0.0678747 1.90968 
0.981484 0.522089 0.0567028 1.88265 
0.974184 0.326725 -0.0321941 1.84606 
0.994132 0.405566 -0.0143791 1.89132 
0.989811 0.456016 -0.0349768 1.88642 
0.976134 0.373775 -0.0453333 1.84995 
0.970171 0.299405 -0.0344388 1.8387 
0.981548 0.353287 -0.0368603 1.8574 
0.962491 0.519608 -0.0603833 1.84244 
0.984306 0.516975 -0.0340415 1.88189 
0.945505 0.537692 -0.0653779 1.8147 
0.950557 0.506607 -0.0768553 1.81894 
0.955962 0.536084 -0.0581552 1.83311 
0.970655 0.53427 -0.0435121 1.85935 
0.988478 0.515199 -0.0235271 1.88981 
0.96276 0.551286 -0.0254712 1.85148 
0.954657 0.547762 -0.0499119 1.83218 
0.971165 0.51798 -0.0520596 1.8588 
0.961652 0.479272 -0.0741297 1.83633 
0.958141 0.45805 -0.0867458 1.82835 
0.96888 0.431974 -0.0713853 1.84255 
0.978249 0.502721 -0.0514379 1.86975 
0.977036 0.410886 -0.0573163 1.85507 
0.982931 0.502036 -0.0432243 1.87962 
0.911555 0.516493 -0.0848056 1.75324 
0.954013 0.391272 -0.0943679 1.80703 
0.974973 0.477137 -0.0586951 1.86132 
1.01514 0.463004 0.0504299 1.93116 
1.00991 0.48405 0.0534908 1.92662 
1.01343 0.472573 0.0435616 1.92836 
0.963834 0.295432 -0.0898271 1.83271 
0.958329 0.307227 -0.0902993 1.81933 
0.96547 0.33833 -0.0694656 1.82837 
0.93845 0.337927 -0.150221 1.79376 
0.947827 0.334025 -0.120636 1.80297 
0.941843 0.355665 -0.120745 1.79251 
0.963911 0.295908 -0.111757 1.83208 
0.978074 0.296252 -0.108379 1.85003 
0.983428 0.289765 -0.125619 1.85741 
0.966782 0.295952 -0.100479 1.83626 
0.979231 0.293471 -0.138569 1.8498 
0.964152 0.30388 -0.146016 1.83164 
0.979742 0.294739 -0.178098 1.84885 
0.956845 0.326533 -0.17902 1.82425 
0.988096 0.277932 -0.193097 1.86053 
1.00029 0.234425 -0.161714 1.87572 
0.985934 0.284542 -0.154197 1.8568 
0.996415 0.246116 -0.19751 1.87828 
0.972343 0.400126 -0.0608425 1.84493 
0.96896 0.467315 -0.0677657 1.84904 
0.963962 0.359547 -0.0766994 1.82558 
0.952307 0.306763 -0.105198 1.80938 
0.968336 0.293151 -0.0507992 1.83758 
0.96495 0.294315 -0.0652576 1.83102 
0.960635 0.297727 -0.0843173 1.8251 
0.967571 0.292283 -0.0731609 1.83781 
0.975193 0.295496 -0.0674267 1.84655 
0.987838 0.274149 -0.101658 1.86024 
0.98837 0.401848 -0.0190355 1.8794 
0.935826 0.351917 -0.132163 1.78454 
0.919257 0.369403 -0.157013 1.76596 
0.952822 0.306664 -0.131634 1.81652 
0.966186 0.294172 -0.0553154 1.8329 
0.970001 0.348479 -0.0604442 1.83604 
0.961055 0.303668 -0.0724025 1.82425 
0.980511 0.284613 -0.102148 1.85012 
0.970542 0.306872 -0.171122 1.84094 
1.02001 0.406494 -0.139867 1.94016 
1.02384 0.357434 -0.131574 1.93532 
1.03411 0.39414 -0.152406 1.9722 
0.969656 0.301008 -0.0345313 1.83716 
0.969409 0.317322 -0.0533501 1.83524 
0.96854 0.29494 -0.0398264 1.83876 
0.972507 0.296785 -0.0574605 1.84264 
0.983372 0.298971 -0.073676 1.85442 
0.979774 0.296093 -0.090409 1.85125 
0.990738 0.318488 -0.0880306 1.87009 
0.995757 0.364796 -0.0731774 1.88514 
1.02729 0.441951 -0.079003 1.96009 
1.02382 0.447835 -0.0503215 1.95317 
1.00748 0.431939 -0.0755914 1.91895 
1.02124 0.454983 -0.070927 1.95038 
1.00847 0.448824 -0.0678303 1.9236 
0.984016 0.342396 -0.0510694 1.86407 
1.01746 0.450481 -0.0840645 1.94243 
0.945144 0.558415 -0.0488106 1.8173 
0.912044 0.582951 -0.0356824 1.76121 
0.91036 0.598491 -0.0153478 1.7641 
0.866928 0.620821 -0.0127555 1.68509 
0.889615 0.606601 -0.0204909 1.72494 
0.874626 0.618031 -0.0072921 1.69754 
0.928735 0.361667 -0.171976 1.78102 
0.91853 0.395906 -0.210545 1.75948 
0.925334 0.399738 -0.246123 1.76117 
0.939194 0.369495 -0.213889 1.79429 
0.945848 0.350913 -0.196453 1.80769 
0.953194 0.340179 -0.200784 1.81733 
0.966968 0.321645 -0.230113 1.83318 
0.973484 0.31174 -0.210621 1.84286 
0.947733 0.322456 -0.15193 1.80951 
0.953772 0.30114 -0.111971 1.81356 
0.950227 0.33105 -0.108306 1.80488 
0.949028 0.317703 -0.136911 1.80964 
0.99969 0.261761 -0.126882 1.87315 
0.924097 0.5446 -0.0662893 1.77762 
0.887424 0.446519 -0.253387 1.7004 
0.899803 0.418495 -0.194409 1.72459 
0.867917 0.467504 -0.235794 1.6651 
0.964847 0.316417 -0.184849 1.83219 
0.981729 0.286893 -0.216626 1.85404 
0.893701 0.437908 -0.214461 1.70953 
0.899941 0.430575 -0.241021 1.71969 
0.911115 0.398802 -0.190754 1.74879 
0.950437 0.358982 -0.241627 1.8044 
0.959901 0.342185 -0.225878 1.82279 
0.929479 0.377945 -0.200047 1.78067 
0.795187 0.495854 -0.0668812 1.52616 
0.910056 0.478543 -0.109855 1.74386 
0.885023 0.44445 -0.139759 1.69898 
0.862093 0.464461 -0.145443 1.67302 
0.891477 0.417707 -0.168411 1.71523 
0.904199 0.418443 -0.138647 1.72987 
0.887147 0.51882 -0.0476971 1.70565 
0.899346 0.485869 -0.0218871 1.72497 
0.877944 0.50769 -0.0489939 1.67937 
0.826218 0.541076 -0.0349711 1.63177 
0.812277 0.509798 -0.0908993 1.57115 
0.811751 0.50405 -0.122175 1.5729 
0.914531 0.49809 -0.0970022 1.75421 
0.888937 0.488423 -0.0846518 1.68913 
0.874621 0.505493 -0.0745335 1.67568 
0.883442 0.497185 -0.100066 1.70114 
0.892673 0.480084 -0.115174 1.71176 
0.941975 0.379086 -0.235947 1.79227 
0.916689 0.413463 -0.237194 1.75008 
0.842423 0.494948 -0.230284 1.61781 
0.845459 0.513923 -0.191505 1.6355 
0.812591 0.540555 -0.172247 1.58058 
0.90192 0.518249 -0.0807244 1.73243 
0.898004 0.531305 -0.0588951 1.73678 
0.856192 0.523797 -0.0859837 1.6703 
0.849499 0.48268 -0.127578 1.64636 
0.807247 0.556485 -0.148962 1.5792 
0.864204 0.470647 -0.189324 1.66924 
0.903866 0.39921 -0.152512 1.73762 
0.878045 0.441268 -0.165381 1.69303 
0.866156 0.439902 -0.146074 1.67364 
0.8546 0.488668 -0.174152 1.65637 
0.866791 0.464701 -0.211655 1.66303 
0.892894 0.459058 0.0265781 1.71688 
0.791428 0.561076 -0.00410966 1.54862 
0.848019 0.50641 -0.0213448 1.62908 
0.974276 0.448551 0.262972 1.86885 
0.938566 0.461023 0.317426 1.80896 
0.875618 0.510243 0.337961 1.70825 
0.840308 0.552745 0.310554 1.64593 
0.97234 0.489293 0.230231 1.86827 
0.941747 0.489747 0.284107 1.81405 
0.957599 0.508801 0.233299 1.84364 
0.925923 0.390428 -0.0716303 1.77157 
0.90931 0.431329 -0.0613728 1.74136 
0.912754 0.416271 -0.0773346 1.74974 
0.918452 0.40526 -0.0694715 1.75807 
0.916529 0.419075 -0.0264268 1.75154 
0.904728 0.474799 -0.0253027 1.73198 
0.879546 0.488604 0.00228809 1.69286 
0.907123 0.524064 -0.0482092 1.74589 
0.912873 0.442534 -0.0458873 1.74472 
0.905542 0.522833 -0.0437592 1.7428 
0.905589 0.466076 -0.0565421 1.73533 
0.913623 0.417287 -0.0571093 1.74838 
0.915254 0.426664 -0.04709 1.75047 
0.906829 0.449251 -0.0562984 1.73595 
0.774032 0.567271 -0.00787659 1.51388 
0.90399 0.433018 -0.0678762 1.73214 
0.906535 0.548096 -0.052053 1.74683 
0.896951 0.531102 -0.0590667 1.729 
0.897393 0.500808 -0.0602058 1.72613 
0.899646 0.577252 -0.0435479 1.73944 
0.894701 0.558878 -0.0544519 1.72843 
0.90486 0.570612 -0.0455775 1.74746 
0.906697 0.557583 -0.0504194 1.74849 
0.917634 0.582663 -0.0348091 1.77143 
0.910198 0.566266 -0.043672 1.75597 
0.911083 0.563291 -0.0444247 1.7564 
0.914202 0.567125 -0.0435697 1.76229 
0.903143 0.560374 -0.0511869 1.74325 
0.910666 0.573735 -0.0420864 1.75361 
0.887735 0.579167 -0.0458539 1.71982 
0.899351 0.586394 -0.036495 1.74093 
0.892839 0.593434 -0.0331272 1.73079 
0.887348 0.550467 -0.0570456 1.71746 
0.905896 0.425888 -0.0736738 1.7373 
0.901727 0.471915 -0.0593579 1.72913 
0.900254 0.493577 -0.0573202 1.73011 
0.903263 0.513987 -0.0546912 1.73841 
0.899069 0.525467 -0.0578092 1.73245 
0.89397 0.470581 -0.065206 1.71483 
0.892118 0.448304 -0.0798907 1.7126 
0.892808 0.445182 -0.070786 1.71161 
0.897938 0.461395 -0.0634577 1.7205 
0.884765 0.453901 -0.0720732 1.69862 
0.89014 0.464716 -0.0674802 1.70745 
0.886429 0.469898 -0.0672277 1.70278 
0.882963 0.461362 -0.0694034 1.69674 
0.885206 0.456838 -0.074209 1.70031 
0.893233 0.487317 -0.0622588 1.71612 
0.903459 0.533598 -0.0546286 1.74052 
0.883749 0.516789 -0.0602513 1.70417 
0.875603 0.497939 -0.0622376 1.68759 
0.878171 0.47578 -0.0651262 1.68826 
0.891079 0.512352 -0.0598823 1.71604 
0.884076 0.488131 -0.0670115 1.70035 
0.886135 0.482165 -0.0655875 1.70273 
0.899015 0.44547 -0.0670423 1.72296 
0.895205 0.441682 -0.0748029 1.71764 
0.901394 0.432178 -0.0780363 1.73002 
0.879663 0.463826 -0.0698171 1.69243 
0.887255 0.45327 -0.0758594 1.70209 
0.890422 0.453761 -0.070264 1.7076 
0.873668 0.471453 -0.0722441 1.68274 
0.87011 0.47489 -0.0729729 1.67586 
0.875293 0.467668 -0.0735622 1.68566 
0.859878 0.4834 -0.068908 1.66073 
0.870922 0.476028 -0.0691905 1.6767 
0.869517 0.477852 -0.0673593 1.6739 
0.867837 0.477927 -0.071064 1.67214 
0.858058 0.486991 -0.0648171 1.65794 
0.863035 0.480888 -0.0703225 1.66456 
0.86516 0.482979 -0.0660865 1.66829 
0.858948 0.502883 -0.059213 1.65563 
0.857619 0.496027 -0.0614964 1.65536 
0.870386 0.51368 -0.0580332 1.67716 
0.87669 0.519453 -0.0603633 1.68921 
0.875683 0.482654 -0.064701 1.68479 
0.890829 0.547846 -0.0572006 1.71911 
0.865325 0.565321 -0.0510582 1.6774 
0.855611 0.523159 -0.0564936 1.65231 
0.871494 0.55491 -0.0532514 1.68981 
0.883187 0.560348 -0.0535203 1.70897 
0.894835 0.573535 -0.0483869 1.73123 
0.856662 0.505861 -0.0587867 1.65213 
0.863518 0.497328 -0.0610552 1.66653 
0.872394 0.566429 -0.0521145 1.68864 
0.863927 0.514046 -0.0578627 1.66446 
0.875881 0.550324 -0.05463 1.69318 
0.900224 0.553619 -0.0553736 1.73789 
0.875289 0.589624 -0.0399683 1.69998 
0.850017 0.551999 -0.0501378 1.65058 
0.839828 0.535028 -0.0474893 1.6265 
0.833915 0.519013 -0.0518398 1.61464 
0.863992 0.5287 -0.0568162 1.66739 
0.869307 0.5958 -0.0355727 1.69023 
0.856955 0.486088 -0.069564 1.65655 
0.865217 0.490351 -0.0627716 1.66941 
0.873339 0.502148 -0.0630244 1.68417 
0.869788 0.523371 -0.0569994 1.67584 
0.854982 0.492687 -0.0664768 1.65261 
0.858278 0.49165 -0.0619181 1.65734 
0.854723 0.494242 -0.0632788 1.65055 
0.856237 0.488611 -0.0676064 1.65538 
0.852444 0.499873 -0.0659638 1.64671 
0.854282 0.49595 -0.0682499 1.65208 
0.84963 0.503982 -0.0597614 1.64062 
0.85239 0.500373 -0.060235 1.64475 
0.889519 0.513186 -0.0614363 1.71482 
0.859963 0.482643 -0.0671039 1.66006 
0.889899 0.494149 -0.0621895 1.71088 
0.877072 0.468768 -0.0678496 1.68753 
0.878416 0.463846 -0.0731231 1.69093 
0.8739 0.47173 -0.0704001 1.68236 
0.880725 0.460181 -0.074858 1.69342 
0.839043 0.511522 -0.0580659 1.62368 
0.848394 0.505534 -0.0633295 1.63915 
0.847567 0.508632 -0.0579786 1.63681 
0.854267 0.498884 -0.062324 1.64831 
0.84709 0.506205 -0.0627257 1.63739 
0.852652 0.502375 -0.064571 1.64639 
0.845164 0.511312 -0.0583164 1.63352 
0.81104 0.552973 -0.0296868 1.57846 
0.816428 0.543653 -0.034148 1.58686 
0.82045 0.568198 -0.0296436 1.59677 
0.816397 0.538484 -0.0361307 1.58768 
0.84502 0.603526 -0.0357665 1.64981 
0.845767 0.519418 -0.0549729 1.63459 
0.834086 0.517598 -0.057101 1.61471 
0.82631 0.526884 -0.0526288 1.59875 
0.83104 0.523683 -0.0564058 1.60751 
0.825199 0.530553 -0.042342 1.59922 
0.827315 0.522296 -0.0502348 1.60334 
0.860733 0.623355 -0.0114421 1.67471 
0.869059 0.614226 -0.0198268 1.68969 
0.850585 0.612458 -0.0160919 1.65596 
0.86397 0.608539 -0.0254561 1.68124 
0.855386 0.609134 -0.0266742 1.66652 
0.851568 0.592505 -0.0378864 1.66105 
0.859014 0.596533 -0.0396705 1.67919 
0.883417 0.574763 -0.0503105 1.7132 
0.884752 0.594848 -0.034433 1.71705 
0.876268 0.577783 -0.0486934 1.70034 
0.872233 0.585767 -0.0437099 1.69586 
0.861381 0.598148 -0.0361911 1.67743 
0.863071 0.585244 -0.0438233 1.67701 
0.858386 0.543871 -0.0523152 1.66062 
0.868761 0.582819 -0.0458385 1.68682 
0.85705 0.572237 -0.0474445 1.66157 
0.856257 0.591713 -0.0403957 1.66838 
0.839607 0.564581 -0.0404973 1.63088 
0.833716 0.524525 -0.0484079 1.6138 
0.838419 0.549752 -0.0430425 1.62664 
0.83001 0.532512 -0.0440072 1.60882 
0.859263 0.519487 -0.0565298 1.65837 
0.887445 0.608471 -0.0123699 1.71967 
0.878134 0.602132 -0.0294683 1.70621 
0.869695 0.601173 -0.0302019 1.69132 
0.88337 0.587947 -0.040071 1.71295 
0.897577 0.598826 -0.0249385 1.73834 
0.914486 0.594125 -0.0251044 1.76726 
0.906578 0.588624 -0.0331668 1.75326 
0.922766 0.587344 -0.0293099 1.78155 
0.919714 0.575934 -0.0398217 1.77367 
0.919719 0.558853 -0.0507582 1.77142 
0.912674 0.550426 -0.0480239 1.75732 
0.917522 0.549182 -0.0583454 1.76753 
0.927295 0.573698 -0.041553 1.78719 
0.943069 0.569199 -0.0394128 1.81604 
0.935733 0.580853 0.00405944 1.7998 
0.907407 0.595971 -0.0278641 1.75403 
0.933598 0.576011 -0.0370343 1.79971 
0.909816 0.539948 -0.0469386 1.75317 
0.942093 0.573643 -0.0225936 1.81982 
0.929391 0.583434 -0.0291585 1.79335 
0.957464 0.557232 -0.0343193 1.84286 
0.832909 0.557772 -0.0381948 1.61725 
0.824511 0.560112 -0.032193 1.60254 
0.819325 0.535153 -0.0384308 1.59051 
0.8182 0.530469 -0.0442958 1.58746 
0.812341 0.534831 -0.0413272 1.57998 
0.814681 0.536568 -0.0466003 1.58087 
0.823043 0.524284 -0.0490738 1.59578 
0.815855 0.532131 -0.0412097 1.58512 
0.820534 0.531883 -0.0500647 1.58901 
0.82534 0.53815 -0.0393301 1.59999 
0.811249 0.536295 -0.0385255 1.57919 
0.807696 0.538831 -0.037047 1.57357 
0.809747 0.541207 -0.0428128 1.57496 
0.817965 0.533748 -0.047439 1.58581 
0.8046 0.545328 -0.0392739 1.56749 
0.802231 0.546438 -0.036368 1.56384 
0.805916 0.553569 -0.0281531 1.57038 
0.808867 0.567258 -0.0248337 1.57552 
0.793083 0.548031 -0.0274542 1.55011 
0.793252 0.560232 -0.0213744 1.54993 
0.794399 0.551603 -0.0314815 1.54968 
0.782623 0.551539 -0.020021 1.5313 
0.788341 0.557837 -0.0277709 1.53893 
0.797636 0.549515 -0.032567 1.5558 
0.799443 0.548619 -0.0355397 1.55858 
0.798903 0.544347 -0.0303223 1.55959 
0.790964 0.553218 -0.0280451 1.54423 
0.796744 0.546462 -0.0299583 1.55607 
0.78712 0.545731 -0.0256255 1.53964 
0.439939 0.555099 0.0634733 0.928369 
0.818508 0.63868 0.00292976 1.61055 
0.434502 0.55062 0.0499645 0.917626 
0.436359 0.548718 0.0288904 0.921212 
0.444358 0.551614 0.0542039 0.93641 
0.445133 0.548852 0.0449742 0.939219 
0.440284 0.548695 0.0336542 0.929823 
0.478853 0.577919 0.0461944 0.991997 
0.46664 0.566148 0.068075 0.978257 
0.531558 0.610416 0.0803725 1.10246 
0.465716 0.558827 0.0796931 0.975727 
0.504788 0.584384 0.0992769 1.04741 
0.480146 0.573648 0.0777559 1.00105 
0.516862 0.592875 0.0995142 1.06619 
0.51077 0.594916 0.0776388 1.05504 
0.587862 0.617739 0.150358 1.20058 
0.488664 0.567202 0.107446 1.01854 
0.590216 0.624148 0.139144 1.21312 
0.543461 0.599479 0.132847 1.11862 
0.56133 0.616322 0.116655 1.15939 
0.507929 0.576067 0.159629 1.05614 
0.513415 0.57193 0.148616 1.06724 
0.539118 0.576761 0.16954 1.11069 
0.433959 0.551196 0.0362457 0.916205 
0.856971 0.6403 0.00701767 1.67073 
0.832093 0.629318 -0.0149019 1.63363 
0.821264 0.62092 -0.0126885 1.60508 
0.819923 0.606399 -0.0191104 1.60004 
0.839128 0.604794 -0.0295392 1.63706 
0.83375 0.57094 -0.0350254 1.62118 
0.809224 0.542883 -0.0323121 1.57549 
0.807428 0.542813 -0.039921 1.57221 
0.805099 0.539776 -0.0340008 1.56986 
0.797089 0.55894 -0.0235523 1.55636 
0.801833 0.542607 -0.033398 1.56439 
0.812527 0.538409 -0.0437213 1.57913 
0.655644 0.618479 0.21182 1.32521 
0.641656 0.595721 0.237116 1.29602 
0.596439 0.603328 0.191913 1.21536 
0.473819 0.572497 0.0593212 0.988416 
0.426829 0.546987 0.0439786 0.902554 
0.509324 0.583035 0.11023 1.05617 
0.482559 0.572532 0.0846424 1.00742 
0.554596 0.605572 0.132776 1.13695 
0.639716 0.623872 0.188185 1.29654 
0.588689 0.607586 0.174226 1.20209 
0.502117 0.59789 0.0580493 1.04924 
0.448621 0.572671 0.0404157 0.944011 
0.807065 0.573332 -0.0160972 1.56911 
0.849435 0.614029 -0.0220574 1.65711 
0.853024 0.628985 -0.00396231 1.66116 
0.826938 0.631059 -0.0110107 1.62284 
0.838645 0.616856 -0.00434322 1.63276 
0.827751 0.625488 -0.0018583 1.61672 
0.839744 0.643079 0.0124552 1.64024 
0.820933 0.635704 -0.00641305 1.61442 
0.802473 0.579073 -0.0163916 1.564 
0.791001 0.574906 -0.0117946 1.5453 
0.787131 0.57118 -0.010333 1.53956 
0.776971 0.555247 -0.0126251 1.52138 
0.782618 0.555022 -0.0163042 1.53178 
0.85867 0.626468 0.023018 1.67527 
0.847054 0.637092 0.0615281 1.65677 
0.822754 0.648905 0.0356918 1.61482 
0.780522 0.657468 0.0863869 1.54256 
0.814048 0.635554 0.151532 1.59899 
0.79197 0.61988 0.228382 1.5625 
0.619278 0.646883 0.0725465 1.25649 
0.627838 0.632566 0.154026 1.28164 
0.716073 0.644361 0.175052 1.43078 
0.732917 0.63593 0.19752 1.45969 
0.749437 0.648829 0.170216 1.49038 
0.786564 0.605223 0.248982 1.55114 
0.552415 0.626135 0.0627367 1.1391 
0.501066 0.596537 0.0408111 1.04815 
0.46088 0.56438 0.0504297 0.970382 
0.479725 0.578339 0.0428398 0.996343 
0.819224 0.626377 0.00360349 1.60504 
0.573214 0.657684 0.0131741 1.18078 
0.808127 0.656016 0.0216142 1.58762 
0.734358 0.668872 0.0783444 1.46074 
0.822022 0.624935 0.00330628 1.60378 
0.808416 0.626321 -0.00722729 1.58376 
0.810675 0.647637 0.0049088 1.59602 
0.792767 0.605588 -0.00641212 1.54854 
0.840916 0.619268 -0.0110756 1.64085 
0.853491 0.603319 -0.0328071 1.66349 
0.841905 0.618172 -0.0249741 1.64782 
0.849243 0.602554 -0.0349265 1.65616 
0.825743 0.587118 -0.0277478 1.60774 
0.835128 0.5162 -0.0586422 1.61664 
0.837776 0.513151 -0.0601416 1.62164 
0.840218 0.511121 -0.0618551 1.62591 
0.841201 0.508077 -0.0592242 1.62743 
0.829697 0.518513 -0.053229 1.60788 
0.83677 0.514657 -0.0554706 1.61961 
0.836313 0.515872 -0.0533188 1.6186 
0.842827 0.508357 -0.0613515 1.63023 
0.840593 0.520348 -0.0522536 1.62594 
0.831934 0.520072 -0.0558286 1.61071 
0.853621 0.541007 -0.0521053 1.65195 
0.842731 0.551403 -0.0444415 1.6346 
0.843328 0.53352 -0.0493965 1.632 
0.853135 0.574521 -0.0447563 1.65737 
0.821431 0.527162 -0.0450438 1.59295 
0.82429 0.528982 -0.0511774 1.59628 
0.829233 0.525863 -0.0470531 1.60646 
0.938127 0.58107 0.0717593 1.8137 
0.848958 0.628053 0.133322 1.66059 
0.931495 0.582024 -0.0202067 1.80045 
0.947081 0.568139 -0.00203083 1.81911 
0.921296 0.59049 -0.0117456 1.78405 
0.922448 0.592128 -0.000881401 1.77924 
0.932926 0.585413 0.0219645 1.79861 
0.941959 0.573179 0.0220092 1.81541 
0.915059 0.598693 0.0566296 1.76891 
0.914876 0.598873 0.030482 1.76329 
0.892014 0.615997 0.00163686 1.73411 
0.87943 0.610526 -0.0232501 1.70807 
0.952924 0.569913 0.0521417 1.83896 
0.902591 0.607525 0.00656967 1.748 
0.963963 0.56046 0.00274883 1.83471 
0.94495 0.52565 0.214227 1.81974 
0.968912 0.469616 0.259956 1.86083 
0.893571 0.569048 0.243705 1.73441 
0.559862 0.619791 0.100502 1.15628 
0.63451 0.638608 0.138016 1.28158 
0.733918 0.655352 0.14581 1.46367 
0.550225 0.600406 0.147155 1.13094 
0.607962 0.620538 0.171573 1.23993 
0.747409 0.597777 0.266638 1.48531 
0.659526 0.60718 0.234853 1.32967 
0.698483 0.617122 0.229086 1.40152 
0.516621 0.575641 0.139922 1.06996 
0.466354 0.561711 0.125564 0.97902 
0.539693 0.6031 0.113433 1.10797 
0.454027 0.559198 0.0895415 0.955904 
0.490471 0.566699 0.119014 1.02236 
0.448793 0.555946 0.102161 0.946199 
0.502619 0.586912 0.0856775 1.03829 
0.869988 0.628285 0.0109495 1.69378 
0.897469 0.606997 -0.00932904 1.74032 
0.872992 0.621291 0.0392453 1.69767 
0.92239 0.56896 0.181761 1.78005 
0.814587 0.65083 0.0656581 1.6138 
0.860656 0.626922 0.0960687 1.67317 
0.818494 0.627915 0.188905 1.60809 
0.522478 0.608457 0.0671476 1.08852 
0.594639 0.633916 -0.00383385 1.21078 
0.595246 0.635274 0.103232 1.21364 
0.878745 0.621911 0.00454986 1.70844 
0.792519 0.567039 -0.00930751 1.54953 
0.768698 0.54897 -0.00263875 1.50869 
0.788226 0.580731 -0.00883293 1.53756 
0.776361 0.555704 -0.0072769 1.52221 
0.776847 0.555019 -0.0108327 1.52488 
0.776848 0.565532 -0.0165487 1.51879 
0.793854 0.567317 -0.0175633 1.55048 
0.785015 0.559243 -0.0231486 1.53391 
0.824025 0.606048 -0.0222382 1.60752 
0.80743 0.580602 -0.0195652 1.5726 
0.820557 0.588662 -0.0252521 1.59864 
0.961534 0.546582 -0.0432249 1.84515 
0.956048 0.558854 0.0129721 1.83432 
0.96444 0.551781 -0.00627492 1.84777 
0.966673 0.542082 0.0184224 1.85691 
0.989464 0.516927 0.0119769 1.89146 
0.986061 0.525527 0.0252295 1.88998 
0.92832 0.543748 0.21747 1.79191 
0.915881 0.549231 0.242896 1.77063 
0.914792 0.557318 0.199659 1.76669 
0.961111 0.539745 0.0806016 1.85046 
0.945305 0.565318 0.120768 1.82796 
0.96923 0.56273 0.0468632 1.86919 
1.00313 0.485922 0.101667 1.91505 
1.00156 0.480018 0.119485 1.91141 
1.00077 0.497433 0.105607 1.90892 
0.992571 0.500129 0.127099 1.89577 
0.967001 0.539687 0.137768 1.86103 
0.97221 0.527215 0.112558 1.87167 
0.991857 0.510543 0.0993316 1.89974 
0.984016 0.511591 0.115459 1.88544 
0.974761 0.52833 0.097782 1.87248 
0.787529 0.550241 -0.0231197 1.54047 
0.803525 0.566925 -0.0229564 1.5662 
0.832879 0.620045 -0.0215605 1.63042 
0.814047 0.616133 -0.00959573 1.59061 
0.781457 0.569753 -0.00696783 1.52816 
0.799296 0.588797 -0.00990943 1.55899 
0.801211 0.606145 -0.00696579 1.56439 
0.805162 0.59128 -0.0121791 1.56891 
0.813008 0.638883 -0.00533424 1.59971 
0.778122 0.566032 -0.0129394 1.52205 
0.78217 0.563196 -0.0216128 1.52839 
0.788808 0.565224 -0.0149799 1.54199 
0.774198 0.567832 -0.00443091 1.51424 
0.784245 0.573753 0.0176402 1.53232 
0.504611 0.609846 -0.00207775 1.04095 
0.813865 0.561439 -0.00487911 1.58622 
0.707648 0.599294 -0.0364397 1.39437 
0.794488 0.598789 -0.00755414 1.55104 
0.708761 0.654265 0.0192792 1.40973 
0.431402 0.549137 0.0255576 0.910749 
0.428778 0.541571 0.0231562 0.907085 
0.439761 0.549498 0.0382921 0.929141 
0.436771 0.547679 0.026825 0.922342 
0.443516 0.552753 0.0317588 0.933539 
0.713225 0.557092 0.0174882 1.40923 
0.600738 0.587172 -6.80897e-05 1.21064 
0.787519 0.539449 0.0108461 1.53445 
0.766756 0.57321 0.00369451 1.49852 
0.786322 0.545013 0.00356186 1.53965 
0.427646 0.54676 0.0205794 0.903422 
0.762739 0.569603 0.0285987 1.43634 
0.453134 0.561424 0.0369364 0.95233 
0.562819 0.579259 0.00791927 1.13333 
0.660247 0.570646 0.0326783 1.29327 
0.426589 0.547308 0.0314652 0.901108 
0.422403 0.544555 0.0180607 0.893707 
0.493604 0.587066 0.05772 1.02248 
0.49445 0.584393 0.0632665 1.02014 
0.463403 0.568002 0.0442482 0.97028 
0.427332 0.546451 0.0586276 0.903588 
0.45798 0.55815 0.0694512 0.961461 
0.824089 0.562887 0.282769 1.61694 
0.673916 0.590336 0.255619 1.35369 
0.788642 0.584191 0.271888 1.55531 
0.663371 0.635905 0.179157 1.33405 
0.800684 0.586767 0.266138 1.57705 
0.764526 0.616134 0.237968 1.51192 
0.729195 0.609461 0.248701 1.45462 
0.722922 0.623255 0.224473 1.44129 
0.84637 0.599514 0.233984 1.65777 
0.471324 0.564512 0.1143 0.988194 
0.711944 0.608769 0.254634 1.42341 
0.590634 0.587698 0.233833 1.20806 
0.555134 0.57827 0.193129 1.14229 
0.612607 0.580149 0.229815 1.24686 
0.856171 0.553718 0.226858 1.67725 
0.89498 0.431676 0.185245 1.72508 
0.844853 0.564952 0.238681 1.65519 
0.453554 0.555502 0.0641426 0.953672 
0.44279 0.555909 0.0819948 0.934501 
0.44688 0.557832 0.0704957 0.941616 
0.468857 0.559746 0.0901084 0.982479 
0.878688 0.462368 0.120382 1.69563 
0.831062 0.558677 0.295177 1.63224 
0.576343 0.588605 0.191254 1.17792 
0.584238 0.574562 0.21022 1.19477 
0.531461 0.572139 0.173055 1.09917 
0.50683 0.579089 0.171858 1.05417 
0.485201 0.568244 0.1478 1.01392 
0.489883 0.570142 0.137823 1.02306 
0.544224 0.583985 0.193949 1.12313 
0.830511 0.581934 0.239805 1.6256 
0.954709 0.494641 0.267589 1.83735 
0.719302 0.378079 0.508654 1.43476 
0.96782 0.443223 0.282187 1.85947 
0.864916 0.530649 0.321886 1.68813 
0.945571 0.51349 0.254627 1.82247 
0.924738 0.509506 0.293746 1.78655 
0.910255 0.505511 0.315439 1.76238 
0.906296 0.529949 0.285956 1.75446 
0.908329 0.539638 0.270965 1.76077 
1.00758 0.346713 0.303975 1.9242 
0.987182 0.387849 0.294332 1.8908 
0.92149 0.424305 0.382117 1.78063 
0.934527 0.364943 0.429617 1.79842 
0.958011 0.33114 0.431549 1.84096 
0.857292 0.374833 0.505695 1.67878 
0.896941 0.443992 0.406507 1.74133 
0.91597 0.48325 0.325625 1.7715 
0.958404 0.375036 0.387375 1.8402 
0.860971 0.4776 0.391479 1.68047 
1.00057 0.374108 0.273521 1.91508 
1.00719 0.360478 0.277194 1.92587 
1.02248 0.328178 0.283632 1.95068 
1.01636 0.309885 0.328732 1.93932 
0.982548 0.37888 0.322481 1.88272 
0.990227 0.41219 0.262626 1.88822 
0.968842 0.424565 0.295226 1.85521 
0.961954 0.39928 0.340196 1.84782 
0.949864 0.467239 0.291973 1.82986 
0.984875 0.432443 0.254247 1.88513 
1.01751 0.422225 0.173302 1.93679 
1.03816 0.380474 0.168168 1.97156 
1.02423 0.384165 0.205386 1.95377 
1.03167 0.378441 0.183181 1.96691 
1.02566 0.405453 0.182822 1.95322 
1.03112 0.402518 0.169621 1.95764 
1.0465 0.352817 0.178369 1.99133 
1.04414 0.371049 0.167521 1.98107 
1.04768 0.366771 0.156385 1.98727 
1.02764 0.371876 0.217607 1.96046 
1.00607 0.405655 0.21105 1.91981 
1.00754 0.40626 0.222169 1.92372 
0.984841 0.407453 0.287021 1.88188 
0.993798 0.433124 0.238296 1.90025 
0.997462 0.473104 0.193334 1.90085 
0.989386 0.442516 0.226813 1.89312 
0.985301 0.461624 0.226803 1.88548 
0.93774 0.362815 0.0816272 1.78369 
0.821065 0.57141 0.207933 1.64301 
0.844344 0.502752 0.16611 1.64658 
0.83418 0.573626 0.221509 1.64279 
0.848144 0.568148 0.224417 1.66896 
0.868105 0.547909 0.249872 1.69878 
0.853426 0.551246 0.257798 1.67265 
0.837095 0.573426 0.248299 1.63347 
0.833389 0.518398 0.164425 1.62846 
0.861734 0.251103 0.520198 1.6745 
0.812131 0.389487 0.485232 1.5908 
1.02195 0.331926 0.306025 1.94567 
1.01798 0.298569 0.352674 1.93756 
0.934813 0.352171 0.334961 1.79206 
0.622056 0.577598 0.278563 1.26389 
0.545262 0.582095 0.208667 1.12553 
0.649907 0.570822 0.254086 1.31316 
0.61923 0.520242 0.365279 1.2538 
0.854337 0.411127 0.313516 1.6473 
0.836705 0.453323 0.423818 1.63805 
0.782055 0.484825 0.32969 1.53574 
0.800976 0.530769 0.309225 1.57481 
0.809954 0.491564 0.297961 1.58274 
0.748793 0.567566 0.291711 1.48801 
0.67961 0.580509 0.254587 1.37092 
0.731695 0.593153 0.275574 1.45782 
0.79968 0.573923 0.283398 1.57415 
0.854975 0.527053 0.286496 1.67161 
0.856362 0.449062 0.27571 1.66405 
0.795221 0.483079 0.367067 1.56061 
0.787941 0.476947 0.435027 1.56055 
0.755458 0.514392 0.390056 1.50138 
0.848237 0.44435 0.37103 1.6482 
0.901775 0.385645 0.294939 1.73955 
0.754524 0.519976 0.413474 1.50678 
0.892643 0.409692 0.431901 1.73719 
0.909691 0.391213 0.466259 1.76602 
0.667595 0.464699 0.434006 1.3344 
0.614618 0.564602 0.300943 1.25056 
0.823205 0.586363 0.258507 1.61464 
0.769791 0.598437 0.256466 1.52397 
0.812537 0.596642 0.251496 1.59441 
0.816997 0.582192 0.260171 1.60176 
0.823167 0.607061 0.236528 1.61515 
0.837512 0.587855 0.256657 1.63713 
0.827705 0.597674 0.249195 1.62048 
0.872375 0.561119 0.284054 1.6968 
0.858342 0.585934 0.252784 1.67523 
0.877517 0.572618 0.257781 1.70871 
0.834554 0.572884 0.257751 1.62644 
0.825423 0.58139 0.250363 1.61788 
0.813912 0.578179 0.245913 1.62014 
0.749611 0.600047 0.254646 1.48966 
0.784558 0.570571 0.31391 1.54702 
0.728894 0.613143 0.257365 1.461 
0.696007 0.576665 0.332338 1.40015 
0.754264 0.57294 0.32755 1.49647 
0.788691 0.466354 0.462181 1.56349 
0.503255 0.508663 0.312054 1.04866 
0.696329 0.564352 0.359284 1.40172 
0.783777 0.49259 0.441877 1.5511 
0.647483 0.558164 0.356711 1.31412 
0.741246 0.539969 0.391684 1.47781 
0.827653 0.577135 0.261248 1.61952 
0.835789 0.586872 0.235382 1.62686 
0.836065 0.562554 0.267043 1.63644 
0.891529 0.381662 0.220249 1.71062 
0.850696 0.431383 0.301011 1.65178 
0.66458 0.545622 0.350689 1.3431 
0.710824 0.542267 0.306923 1.41896 
0.754286 0.550188 0.305532 1.49705 
0.800662 0.463368 0.304716 1.56453 
0.745497 0.517034 0.340516 1.47865 
0.880011 0.529348 0.260334 1.71485 
0.907734 0.376569 0.192873 1.74032 
0.891284 0.478042 0.230589 1.73061 
0.889912 0.464467 0.207103 1.72204 
0.900476 0.415694 0.130204 1.73097 
0.880637 0.441649 0.239628 1.70404 
0.926702 0.31357 0.149133 1.76468 
0.968349 0.260906 0.465414 1.85404 
0.916293 0.306573 0.488816 1.77157 
0.941396 0.355901 0.425342 1.81397 
0.762459 0.331397 0.498985 1.49448 
0.918116 0.377262 0.338567 1.76681 
0.57518 0.576368 0.258523 1.17971 
0.656184 0.562285 0.274223 1.32187 
0.769173 0.574317 0.289494 1.52237 
0.602 0.590061 0.215037 1.22517 
0.63979 0.612627 0.217104 1.29511 
0.83986 0.489055 0.289789 1.64072 
0.566094 0.540418 0.312041 1.15707 
0.67151 0.565332 0.335882 1.35567 
0.704071 0.533255 0.321977 1.40619 
0.721757 0.533439 0.375192 1.44438 
0.629895 0.540988 0.342146 1.27584 
0.699224 0.512306 0.397772 1.39913 
0.973012 0.32604 0.278758 1.85846 
0.750054 0.450835 0.458913 1.48951 
1.06385 0.307104 0.217382 2.01518 
1.06177 0.193071 0.293562 2.00077 
1.03253 0.164246 0.382784 1.94968 
0.886983 0.371023 0.489627 1.72237 
0.987015 0.318294 0.422713 1.89397 
1.0497 0.21537 0.344846 1.98868 
1.08416 0.148601 0.240095 2.04399 
1.00396 0.18254 0.446195 1.9143 
1.07038 0.10354 0.287569 2.02092 
0.968071 0.0166255 0.477273 1.8363 
0.781689 0.308583 0.531875 1.54034 
1.04575 0.297062 0.263361 1.98494 
1.0832 0.254009 0.17777 2.04682 
1.07397 0.221408 0.261595 2.03054 
1.08887 0.178873 0.223196 2.06011 
1.0887 0.179749 0.198582 2.0576 
1.10279 0.133591 0.160701 2.08243 
0.877618 0.144869 0.541679 1.68445 
1.08006 0.197728 0.228552 2.03527 
0.95058 0.11469 0.493586 1.81895 
1.08587 0.227076 0.178227 2.05228 
1.06943 0.0967913 0.348229 2.03422 
1.08275 0.21369 0.212865 2.0455 
1.07367 0.25302 0.224267 2.0323 
1.08478 0.209192 0.187273 2.04817 
1.08859 0.222904 0.163011 2.05686 
1.09041 0.212034 0.162266 2.06102 
1.0983 0.117272 0.213518 2.07531 
1.09814 0.0597824 0.247766 2.07829 
1.08106 0.149241 0.277788 2.04449 
1.09493 0.189633 0.162851 2.06904 
1.09655 0.200934 0.151378 2.0694 
1.02712 0.0137279 0.397869 1.95441 
1.11795 0.0384606 0.131532 2.10129 
1.06769 -0.0955485 0.299998 2.01417 
1.10985 0.0583847 0.170933 2.08593 
1.0954 0.0743931 0.209747 2.06399 
1.08609 -0.0273821 0.229673 2.02071 
1.04585 -0.0873528 0.326687 1.96892 
1.09586 0.139701 0.184785 2.06807 
1.09799 0.199576 0.153075 2.07246 
1.09668 0.193609 0.155669 2.06889 
1.09436 0.201081 0.155476 2.06866 
1.08991 0.204085 0.166007 2.05999 
1.09453 0.200128 0.15314 2.06774 
1.09413 0.186167 0.170313 2.06794 
1.09135 0.193843 0.183645 2.06212 
1.09191 0.209896 0.157008 2.06393 
1.0936 0.213668 0.165935 2.06181 
1.09855 0.205252 0.153681 2.07045 
1.1019 0.195054 0.123251 2.07554 
1.103 0.192072 0.0826767 2.07691 
1.10451 0.158135 0.111913 2.08269 
1.09746 0.20308 0.151905 2.06902 
1.10113 0.189883 0.146993 2.07699 
1.09182 0.195746 0.161964 2.06324 
1.10054 0.149068 0.145835 2.07689 
1.08764 0.20179 0.180896 2.05465 
1.09477 0.170627 0.170739 2.06763 
1.09602 0.162111 0.186352 2.07224 
1.09951 0.19702 0.140343 2.07121 
1.09735 0.212882 0.145514 2.06812 
1.09766 0.216815 0.15332 2.06843 
1.09159 0.218567 0.133424 2.06503 
1.09623 0.212323 0.104876 2.07003 
1.09545 0.211046 0.133559 2.06904 
1.08741 0.235903 0.130959 2.05993 
1.10584 0.152922 0.0759338 2.08713 
1.10012 0.210448 0.0892943 2.07498 
1.10238 0.161948 0.0571024 2.07858 
1.11992 0.0795053 0.0754087 2.10653 
1.12059 -0.0357184 0.0334497 2.10664 
1.10232 -0.0845974 0.146204 2.0724 
1.09729 0.201027 0.154314 2.06791 
1.08578 0.283195 0.124809 2.04767 
1.09741 0.203928 0.118873 2.07025 
1.0847 0.250402 0.157881 2.05107 
1.08452 0.249952 0.148599 2.05057 
1.08659 0.238635 0.146794 2.05745 
1.08956 0.224357 0.143462 2.06313 
1.08679 0.230606 0.158717 2.05831 
1.08912 0.224111 0.152049 2.06042 
1.09359 0.220935 0.1566 2.06406 
1.10037 0.20542 0.146788 2.07287 
1.09715 0.210587 0.154952 2.06603 
1.09736 0.200041 0.15287 2.06887 
1.09694 0.206462 0.155998 2.0652 
1.09732 0.206873 0.161463 2.06537 
1.09213 0.211409 0.172659 2.06148 
1.08018 0.231131 0.188198 2.04033 
1.09338 0.224552 0.166484 2.06393 
1.08549 0.219771 0.184948 2.0512 
1.1067 0.132874 0.10851 2.08633 
1.10483 0.159298 0.0949 2.08289 
1.10377 0.172011 0.124971 2.08249 
1.1044 0.176052 0.0940643 2.07903 
1.114 0.144439 -0.0197564 2.09904 
1.11572 0.102388 -0.00472766 2.09695 
1.11124 0.124711 0.0173644 2.08934 
1.11251 0.120628 0.072558 2.09378 
1.11203 0.139932 0.0363 2.09408 
1.10637 0.152732 0.0183368 2.08219 
1.10019 0.189433 0.036452 2.07494 
1.10403 0.189682 -0.0129831 2.08001 
1.10428 0.145005 0.121214 2.0864 
1.09945 0.177167 0.143176 2.07376 
1.1025 0.183373 0.112784 2.07529 
1.10833 0.138393 0.0647768 2.08786 
1.10006 0.166684 0.154318 2.07695 
1.115 0.108887 0.109541 2.0965 
1.10769 0.110364 0.148147 2.08499 
1.10831 0.118977 0.123421 2.08688 
1.112 -0.03116 0.121703 2.08859 
1.08285 0.245297 0.178665 2.054 
1.08579 0.233796 0.175356 2.05661 
1.08125 0.256437 0.180272 2.05033 
1.08383 0.251726 0.176437 2.0498 
1.11373 0.0838121 0.104924 2.09123 
1.10997 0.121245 0.0923379 2.08876 
1.11841 0.0392124 0.0506877 2.10055 
1.11293 0.0986879 0.0534967 2.09055 
1.1174 0.102764 0.0251869 2.10222 
1.11905 0.0671862 -0.0103399 2.10396 
1.07985 0.293155 0.14467 2.03843 
1.09789 0.221726 -0.0181552 2.07061 
1.09253 0.245375 -0.0174856 2.06185 
1.09465 0.235709 -0.0272208 2.06288 
1.0974 0.222436 -0.00185428 2.07236 
1.10063 0.203847 -0.0300269 2.07333 
1.095 0.248838 0.0261293 2.0656 
1.10214 0.205685 0.0559248 2.07782 
1.10316 0.187278 0.0648955 2.07884 
1.0973 0.231281 0.0800658 2.07054 
1.09161 0.249673 0.0836753 2.06712 
1.08588 0.278874 0.0930205 2.05193 
1.08665 0.277947 0.0752747 2.05629 
1.08897 0.264621 0.00240657 2.0565 
1.07553 0.263495 0.172009 2.03451 
1.10192 0.197106 0.0169095 2.07875 
1.10617 0.162852 0.03546 2.08805 
1.10876 0.161325 -0.0346728 2.08556 
1.11333 0.122178 -0.0333243 2.09456 
1.08299 0.301908 0.0893731 2.04018 
1.08454 0.293126 0.0549409 2.052 
1.08908 0.253711 0.0988562 2.06247 
1.08775 0.26901 0.10357 2.05704 
1.09543 0.248301 0.0484043 2.06528 
1.08598 0.278691 0.0216077 2.05265 
1.08265 0.29394 0.0206738 2.04815 
1.08512 0.279925 0.0103382 2.05155 
1.09947 0.226519 0.0611209 2.07285 
1.10801 0.167331 -0.0220983 2.08582 
1.08898 0.27037 0.0235345 2.05656 
1.09103 0.263975 0.0576398 2.06354 
1.09088 0.243157 0.10908 2.06596 
1.09306 0.225577 0.104456 2.068 
1.09019 0.223857 0.124421 2.06361 
1.08479 0.271969 0.148889 2.04682 
1.08829 0.247196 0.123813 2.05969 
1.08679 0.23433 0.139927 2.05886 
1.08454 0.294613 0.114272 2.0429 
1.08376 0.283901 0.1395 2.04438 
1.08719 0.271683 0.11984 2.0528 
1.08758 0.260709 0.129741 2.05479 
1.08022 0.30441 0.121664 2.03592 
1.08945 0.256821 -0.0121709 2.0552 
1.1084 0.23676 0.105949 2.09247 
1.07347 0.218798 0.243926 2.0178 
1.0879 0.230572 0.166984 2.06035 
1.08791 0.218643 0.176583 2.05517 
1.08454 0.240906 0.162981 2.05319 
1.08217 0.243723 0.171124 2.04853 
1.08093 0.249886 0.1886 2.04978 
1.08253 0.249922 0.171541 2.04782 
1.08218 0.253335 0.179522 2.04268 
1.08082 0.260395 0.175929 2.04117 
1.08553 0.235055 0.157892 2.05619 
1.07473 0.296079 0.15922 2.03199 
1.06216 0.316075 0.181068 2.01432 
1.0777 0.302611 0.135673 2.03249 
1.07598 0.319641 0.00904973 2.03696 
1.07351 0.324336 0.00743416 2.03253 
1.07491 0.319591 0.00530874 2.03512 
1.08393 0.272248 -0.0190729 2.04679 
1.07727 0.327855 0.0589964 2.03607 
1.08394 0.29888 0.0737736 2.04675 
1.08888 0.264167 0.0713038 2.06217 
1.08549 0.292684 0.0995881 2.04561 
1.07612 0.325615 0.0783217 2.03348 
1.0734 0.323309 0.102617 2.02919 
1.07388 0.319837 0.117279 2.02922 
1.05801 0.352868 0.103706 2.00306 
1.05889 0.353622 0.0860703 2.00517 
1.06607 0.338751 0.084891 2.01982 
1.06185 0.343907 0.10975 2.01187 
1.06787 0.328911 0.129317 2.02046 
1.05108 0.372499 0.112735 1.98777 
1.07553 0.322156 0.012198 2.0362 
1.0938 0.250118 0.012079 2.06474 
1.09722 0.213953 0.015248 2.07139 
1.09817 0.232158 0.0312325 2.0721 
1.08248 0.309649 0.0267373 2.04533 
1.07898 0.319953 0.0321644 2.03984 
1.07593 0.326541 0.0227377 2.03741 
1.09282 0.237386 -0.00245678 2.06282 
1.09365 0.255112 0.0356071 2.06232 
1.09758 0.235181 0.0492249 2.06736 
1.08461 0.288446 0.0274567 2.0501 
1.08753 0.280082 0.0491448 2.05781 
1.08608 0.289869 0.0467818 2.05306 
1.08909 0.262862 0.0120842 2.05696 
1.09038 0.268948 0.0347427 2.05755 
1.08874 0.266186 -0.0211243 2.05538 
1.08595 0.274548 0.00171177 2.05125 
1.08481 0.278706 -0.00965649 2.04978 
1.0811 0.291477 0.00521696 2.04655 
1.07905 0.301036 0.00218427 2.04276 
1.07877 0.30428 0.0139834 2.04275 
1.07797 0.310059 0.00712595 2.04042 
1.08008 0.292689 -0.00972929 2.04142 
1.08144 0.288348 -0.00541042 2.04469 
1.07796 0.302307 -0.00558817 2.03772 
1.07911 0.298651 0.00738211 2.04301 
1.07783 0.3065 -0.00134156 2.03843 
1.07809 0.306504 0.00287653 2.04025 
1.0769 0.314365 0.00636769 2.03849 
1.07636 0.31354 0.00221097 2.0371 
1.07618 0.309445 -0.0019876 2.03579 
1.0744 0.32524 0.0114116 2.03398 
1.07465 0.316182 0.00130769 2.03418 
1.06794 0.331069 0.00827838 2.02251 
1.06775 0.339502 0.0188981 2.02369 
1.07102 0.331913 0.0137493 2.02835 
1.06926 0.338611 0.0206041 2.02643 
1.0642 0.34727 0.0174927 2.01588 
1.06291 0.342459 0.0131426 2.01317 
1.06421 0.343369 0.015541 2.0155 
1.06351 0.340197 0.012266 2.01363 
1.06698 0.344355 0.022095 2.02211 
1.06617 0.346481 0.0216766 2.02028 
1.06567 0.34374 0.017601 2.01844 
1.06824 0.344501 0.0246506 2.02382 
1.06816 0.336795 0.0163291 2.02387 
1.07029 0.341633 0.0250488 2.02654 
1.06482 0.351679 0.0207892 2.01752 
0.984902 0.238606 0.464405 1.89449 
1.06168 0.349576 0.022488 2.01079 
1.06263 0.350347 0.0224641 2.01327 
1.06217 0.35172 0.0216513 2.01299 
1.06538 0.336391 0.0117997 2.01786 
1.06707 0.333364 0.0104808 2.0214 
1.06785 0.334473 0.0123805 2.02326 
1.06753 0.352144 0.0276958 2.02178 
1.06488 0.350512 0.0199554 2.01717 
1.064 0.351759 0.0200554 2.01745 
1.06389 0.348677 0.0182258 2.01654 
1.06348 0.34177 0.0136914 2.01402 
1.06507 0.36299 0.0158345 2.01785 
1.0619 0.354665 0.0196369 2.0131 
1.06451 0.361597 0.0189298 2.01659 
1.06269 0.354712 0.0219942 2.01691 
1.06353 0.350844 0.0223876 2.0159 
1.06329 0.352679 0.0225792 2.01852 
1.06503 0.36417 0.0221088 2.01749 
1.0646 0.361651 0.0221117 2.01744 
1.06446 0.361811 0.022957 2.01721 
1.06673 0.355812 0.0270147 2.02032 
1.06477 0.364748 0.0235659 2.01701 
1.06454 0.364756 0.0186213 2.01682 
1.06474 0.363756 0.0198303 2.01701 
1.06766 0.352677 0.0308533 2.02185 
1.06586 0.354095 0.0394657 2.01998 
1.06584 0.357806 0.0265476 2.01865 
1.06672 0.357041 0.0316408 2.02007 
1.06442 0.357354 0.0369539 2.0159 
1.06288 0.361448 0.0304725 2.01456 
1.06452 0.363963 0.0266554 2.01649 
1.06187 0.349802 0.0182921 2.01467 
1.06174 0.351023 0.0190138 2.01456 
1.06266 0.350755 0.0190368 2.01639 
1.0627 0.352235 0.0199287 2.01632 
1.06343 0.348747 0.017955 2.01663 
1.06413 0.353507 0.021132 2.01763 
1.06123 0.356232 0.0213796 2.01333 
1.06246 0.346708 0.0158995 2.01535 
1.06371 0.355533 0.0220488 2.01697 
1.06219 0.348404 0.0173851 2.01554 
1.06484 0.36347 0.0214551 2.01733 
1.03496 0.41675 0.0171526 1.96515 
1.05481 0.373416 0.0289952 1.99819 
1.03933 0.407508 0.0525498 1.9709 
1.04677 0.391295 0.0212907 1.98274 
1.04276 0.394848 0.0591323 1.97653 
1.07487 0.316349 0.00739274 2.03277 
1.07089 0.327278 0.0150143 2.02681 
1.07045 0.335268 0.0127759 2.02701 
1.07214 0.336633 -0.0034445 2.02971 
1.02063 0.451914 -0.0350982 1.94717 
1.02711 0.442823 -0.0566054 1.95914 
1.02807 0.438561 -0.0886699 1.9604 
1.03386 0.421297 -0.0828683 1.96976 
1.03082 0.429941 -0.0875994 1.96476 
1.02458 0.446425 -0.0981273 1.95566 
1.02704 0.425876 -0.10294 1.95576 
1.04364 0.401534 -0.0738504 1.98367 
1.03468 0.425274 -0.0484523 1.96871 
1.03378 0.425624 -0.0691395 1.96986 
1.03218 0.432777 -0.0551089 1.9669 
1.02956 0.436511 -0.070433 1.96384 
1.03753 0.416341 -0.0356612 1.97229 
1.04098 0.415653 -0.0525669 1.98071 
1.04587 0.404583 -0.049793 1.98757 
1.06036 0.370192 0.00361943 2.01328 
1.06489 0.358634 0.0167504 2.01777 
1.06812 0.355018 0.00735997 2.0239 
1.06856 0.34176 0.0169492 2.02469 
1.06826 0.347176 0.0135112 2.02407 
1.06997 0.339286 0.0123454 2.02715 
1.06922 0.344012 0.0104071 2.02573 
1.0726 0.330734 0.00238241 2.02998 
1.07036 0.343009 0.00521181 2.02751 
1.07098 0.343165 -0.000965185 2.02851 
1.06072 0.368899 0.0098948 2.01328 
1.06276 0.365847 0.0153447 2.01565 
1.06137 0.367028 0.0174605 2.01362 
1.06616 0.341855 0.0173366 2.01993 
1.06469 0.342666 0.015736 2.01666 
1.0657 0.339898 0.0151434 2.01898 
1.06443 0.337164 0.0111151 2.01511 
1.06581 0.334495 0.0100737 2.01826 
1.06649 0.348774 0.0230501 2.02038 
1.06569 0.348583 0.0200552 2.01793 
1.06696 0.341892 0.0194604 2.02197 
1.06539 0.34688 0.0189179 2.01759 
1.06412 0.339145 0.0127373 2.01526 
1.06404 0.3614 0.0235443 2.01677 
1.065 0.362805 0.0235309 2.01747 
1.06475 0.363099 0.0228664 2.01702 
1.06397 0.361447 0.0238344 2.01639 
1.06213 0.358741 0.0226405 2.01395 
1.06402 0.360888 0.0235941 2.01623 
1.06313 0.360158 0.0230983 2.0153 
1.0626 0.360196 0.0231821 2.01419 
1.06141 0.358794 0.0222676 2.01232 
1.06122 0.35794 0.0219814 2.01218 
1.06036 0.356557 0.0215627 2.00986 
1.06037 0.353693 0.0203935 2.01076 
1.06056 0.355627 0.0210327 2.01142 
1.05953 0.354467 0.0203427 2.00829 
1.06 0.353476 0.019841 2.00948 
1.06526 0.357516 0.0244424 2.01826 
1.06621 0.355305 0.0252352 2.01925 
1.06205 0.357968 0.0224508 2.01398 
1.06452 0.345247 0.0168681 2.01597 
1.06518 0.349014 0.0192813 2.01728 
1.06391 0.345589 0.0163022 2.0152 
1.06994 0.347429 0.0301831 2.02401 
1.06994 0.346415 0.0372805 2.02603 
1.06867 0.350619 0.0320813 2.02348 
1.06722 0.354446 0.0298927 2.02107 
1.06537 0.362105 0.026116 2.01745 
1.06599 0.359635 0.0274365 2.01866 
1.06446 0.362117 0.0286455 2.01662 
1.06596 0.359992 0.0295162 2.01796 
1.06122 0.364205 0.0276239 2.0122 
1.0605 0.36608 0.0232863 2.01193 
1.06502 0.363055 0.0240482 2.01711 
1.06491 0.359861 0.0248866 2.01735 
1.06688 0.355283 0.0260284 2.02046 
1.0667 0.352409 0.02365 2.01993 
1.06763 0.349655 0.0258562 2.02197 
1.06703 0.353689 0.0260255 2.02062 
1.06533 0.358359 0.0252755 2.01814 
1.06434 0.359942 0.0238619 2.01688 
1.06408 0.358815 0.023289 2.01669 
1.06552 0.356087 0.0242057 2.01862 
1.06612 0.353778 0.0236311 2.01901 
1.0649 0.3542 0.022347 2.01805 
1.06622 0.350639 0.0218781 2.019 
1.06525 0.353092 0.0223459 2.01813 
1.0662 0.349772 0.0219649 2.01907 
1.06545 0.350404 0.0205861 2.01784 
1.06239 0.346478 0.015107 2.01466 
1.06319 0.343768 0.0145126 2.01394 
1.06367 0.347332 0.0173094 2.01582 
1.06263 0.344432 0.0139517 2.01356 
1.06332 0.350501 0.0190324 2.01692 
1.06262 0.347723 0.0171174 2.01611 
1.06296 0.345618 0.0156348 2.01467 
1.06231 0.349456 0.0182859 2.01589 
1.06006 0.355708 0.0210349 2.00952 
1.06095 0.352166 0.0193317 2.01208 
1.06046 0.356433 0.0211979 2.0108 
1.06105 0.352963 0.0202615 2.01272 
1.0614 0.354458 0.0206654 2.01379 
1.0621 0.352382 0.0197901 2.01546 
1.06311 0.357996 0.022654 2.01589 
1.06281 0.355824 0.0217039 2.01586 
1.0621 0.354328 0.0207042 2.0152 
1.06347 0.353846 0.0210155 2.01688 
1.06442 0.357504 0.0233642 2.01727 
1.06112 0.351649 0.0195304 2.01279 
1.06013 0.352533 0.0194493 2.00948 
1.06023 0.355756 0.0215902 2.00958 
1.06217 0.357632 0.0229107 2.01345 
1.06021 0.353952 0.0218193 2.01017 
1.0593 0.354193 0.0205204 2.00765 
1.05944 0.35417 0.0212385 2.00826 
1.03551 0.392591 -0.125645 1.96572 
1.03104 0.382012 -0.147537 1.9627 
1.03732 0.383585 -0.131369 1.96917 
1.03808 0.364725 -0.142852 1.97139 
1.04654 0.350071 -0.133664 1.98551 
1.06287 0.359999 0.0236326 2.01489 
1.06157 0.352876 0.0221431 2.01401 
1.06053 0.353365 0.021598 2.01115 
1.05954 0.354452 0.0210772 2.00822 
1.06191 0.355074 0.0228092 2.01403 
1.06199 0.358531 0.0230605 2.01346 
1.06371 0.360264 0.0234641 2.01648 
1.05023 0.35241 -0.125228 1.99073 
1.06337 0.351386 0.0224634 2.01811 
1.06181 0.352467 0.0217976 2.01488 
1.06357 0.357123 0.0228993 2.01733 
1.06218 0.353993 0.0226454 2.01521 
1.06098 0.356145 0.0221355 2.01111 
1.06257 0.357094 0.0231984 2.01491 
1.06084 0.35493 0.0222969 2.01139 
1.05266 0.337724 -0.130484 1.99874 
1.05519 0.332534 -0.122649 2.00208 
1.05451 0.343239 -0.119118 1.999 
1.06461 0.362004 0.0195136 2.01694 
1.06351 0.359315 0.0193848 2.01566 
1.06377 0.357821 0.0182341 2.01626 
1.06126 0.354361 0.0208287 2.01228 
1.06311 0.354377 0.0224322 2.01812 
1.0629 0.357896 0.0204471 2.01527 
1.06275 0.353136 0.021964 2.01682 
1.06256 0.356065 0.0213607 2.01593 
1.06204 0.352969 0.0215191 2.01395 
1.0621 0.355965 0.021098 2.01483 
1.0624 0.357709 0.0199992 2.01413 
1.06171 0.355353 0.0201576 2.01293 
1.06214 0.353212 0.019731 2.0128 
1.0612 0.351635 0.0211295 2.01025 
1.06265 0.352594 0.0220115 2.01544 
1.06155 0.3512 0.0215535 2.01113 
1.06445 0.360686 0.0220318 2.01723 
1.06309 0.355414 0.0225295 2.01767 
1.06309 0.355259 0.0228016 2.0175 
1.06393 0.358256 0.0226256 2.0173 
1.06425 0.359734 0.0226218 2.01721 
1.06186 0.354681 0.0210411 2.01381 
1.06313 0.357792 0.0216049 2.01647 
1.06351 0.358882 0.0209053 2.01618 
1.06268 0.353855 0.0226404 2.01691 
1.06378 0.357597 0.0223252 2.01759 
1.06421 0.360424 0.0208892 2.01655 
1.06327 0.351943 0.0221116 2.01735 
1.06307 0.352554 0.0224066 2.01789 
1.06409 0.350916 0.0226149 2.01882 
1.06282 0.351773 0.0225335 2.01705 
1.07327 0.314881 -0.097908 2.03049 
1.05935 0.323573 -0.12176 2.00963 
1.0661 0.307277 -0.116775 2.02103 
1.08099 0.266371 -0.0972175 2.04732 
1.0811 0.296553 -0.0200005 2.04277 
1.08082 0.28288 -0.0803036 2.04177 
1.08037 0.299026 -0.0728818 2.04407 
1.07657 0.310517 -0.0838466 2.03721 
1.05787 0.34842 -0.113983 2.00417 
1.05179 0.383611 -0.0727781 1.99788 
1.04099 0.374017 -0.128792 1.97454 
1.06356 0.31859 -0.115344 2.01616 
1.06604 0.328226 -0.11057 2.01809 
1.06898 0.325072 -0.101864 2.0229 
1.06535 0.349933 -0.0847897 2.01972 
1.06264 0.34496 -0.0999217 2.01398 
1.06789 0.338793 -0.0862556 2.02363 
1.07305 0.330465 -0.0739761 2.03323 
1.06071 0.353486 -0.0932361 2.01135 
1.06387 0.366278 -0.0322036 2.01706 
1.06352 0.364264 -0.0106208 2.01794 
1.06101 0.370879 -0.0252427 2.01367 
1.07684 0.31605 -0.0256281 2.03692 
1.0767 0.314041 -0.0440005 2.03685 
1.07805 0.300786 -0.044198 2.03824 
1.08794 0.269333 -0.00604118 2.05185 
1.05422 0.389106 -0.056295 2.00171 
1.05671 0.383805 -0.0634782 2.00715 
1.04487 0.407262 -0.0659889 1.98688 
1.04726 0.391341 -0.0766579 1.99057 
1.05593 0.371488 -0.0803944 2.00455 
1.04678 0.339851 -0.136918 1.98703 
1.05457 0.360213 -0.109422 1.9994 
1.06144 0.341449 -0.10918 2.01062 
1.05726 0.361773 -0.0970136 2.00596 
1.04142 0.361409 -0.135882 1.97632 
1.04777 0.364757 -0.122349 1.98614 
1.0442 0.375506 -0.121946 1.97969 
1.06371 0.350789 0.0224944 2.01678 
1.06423 0.350945 0.0225661 2.01868 
1.06366 0.352033 0.0223529 2.01849 
1.07839 0.289029 -0.0974638 2.03967 
1.06862 0.353358 -0.00554837 2.0241 
1.07019 0.301302 -0.111153 2.02876 
1.07092 0.292715 -0.113788 2.0339 
1.07382 0.29952 -0.101898 2.02806 
1.07765 0.28862 -0.088043 2.03563 
1.07443 0.320048 -0.0896357 2.03363 
1.06432 0.350607 0.0227472 2.01794 
1.07515 0.27556 -0.106245 2.04027 
1.06322 0.350308 0.0230329 2.01494 
1.07862 0.256853 -0.100196 2.04546 
1.06663 0.357922 0.0124807 2.02097 
1.06516 0.361132 0.0172115 2.01766 
1.06571 0.361459 0.0119313 2.01911 
1.06262 0.348656 0.0208082 2.0131 
1.06347 0.353174 0.0187637 2.01569 
1.06386 0.348113 0.0202134 2.01579 
1.06669 0.340458 0.0221976 2.02086 
1.0609 0.346475 0.0226015 2.00896 
1.06105 0.348492 0.0224186 2.00916 
1.06088 0.346962 0.0231024 2.00891 
1.06136 0.348866 0.0230315 2.00993 
1.08399 0.227922 -0.098375 2.05517 
1.06142 0.348101 0.0217862 2.00998 
1.09542 0.186491 -0.0861058 2.07978 
1.09327 0.194157 -0.0340903 2.05379 
1.08725 0.282955 -0.0430572 2.05223 
1.08401 0.291512 -0.0335678 2.048 
1.08172 0.295684 -0.0627165 2.04475 
1.08575 0.256065 -0.0653988 2.04666 
1.08707 0.241238 -0.0904919 2.05914 
1.08901 0.229118 -0.0636166 2.05187 
1.08304 0.263813 -0.0805181 2.04151 
1.06121 0.349884 0.0211415 2.00974 
1.06338 0.342334 0.0232209 2.01366 
1.09215 0.190571 0.0361117 2.05455 
1.08963 0.264179 -0.0326127 2.05613 
1.10189 0.171966 0.00965884 2.07456 
1.08834 0.213688 -0.0897746 2.06047 
1.09337 0.167007 -0.0201323 2.0685 
1.06716 0.340143 0.0214855 2.02202 
1.06916 0.334769 0.0219063 2.02471 
1.06948 0.333954 0.0237926 2.02412 
1.06468 0.341095 0.0228062 2.01629 
1.06463 0.364753 0.016667 2.01715 
1.06129 0.350786 0.0205682 2.0102 
1.06194 0.350851 0.020246 2.01182 
1.06484 0.345445 0.0206135 2.0177 
1.06295 0.345293 0.0222533 2.01322 
1.06129 0.344926 0.0231739 2.00973 
1.06234 0.347488 0.021503 2.01209 
1.06231 0.344001 0.022994 2.01176 
1.06229 0.349523 0.0231177 2.01218 
1.06131 0.352411 0.0211157 2.01105 
1.06104 0.350341 0.0218362 2.0095 
1.06893 0.335787 0.0205056 2.02522 
1.06923 0.333959 0.0232809 2.02434 
1.06809 0.337995 0.0220536 2.02346 
1.06851 0.337063 0.0216925 2.02445 
1.06921 0.334795 0.0232874 2.02417 
1.06601 0.344393 0.0196082 2.02013 
1.06864 0.337379 0.0200664 2.02501 
1.06907 0.335506 0.0224157 2.02457 
1.06802 0.336258 0.0238112 2.02214 
1.06524 0.342016 0.022208 2.01798 
1.06717 0.338017 0.0228186 2.02082 
1.06598 0.339088 0.0233713 2.01856 
1.05655 0.203445 0.161035 1.97334 
1.07863 0.294075 0.016528 2.03621 
1.08558 0.27974 0.0443277 2.04575 
1.07258 0.315143 0.0272971 2.02721 
1.09092 0.22179 -0.0375144 2.05175 
1.11504 0.125676 0.00038632 2.1263 
1.06986 0.0121505 0.337343 2.02738 
1.0651 0.315897 0.110131 2.01812 
1.06867 0.336002 0.0234018 2.02366 
1.05893 0.370387 0.0330346 2.00765 
1.06493 0.343939 0.0506671 2.01881 
1.06525 0.337819 0.0277542 2.01556 
1.06685 0.33514 0.0271149 2.0188 
1.08029 0.299674 -0.00581545 2.04146 
1.0825 0.292888 0.00302431 2.04768 
1.08677 0.24548 0.0895579 2.04816 
1.07704 0.30767 0.064648 2.03737 
1.07336 0.325275 0.0070878 2.03287 
1.07881 0.308635 0.0188387 2.03953 
1.06998 0.332662 0.0188763 2.02594 
1.07276 0.324199 0.0221473 2.02924 
1.06966 0.329962 0.0274008 2.02429 
1.02263 0.194854 0.416635 1.95794 
0.845481 0.363193 0.39124 1.62047 
1.07726 0.31211 0.106196 2.03857 
1.0682 0.336005 0.0293387 2.0225 
1.06718 0.315972 0.109777 2.01891 
1.06699 0.33577 0.0684668 2.02157 
1.07308 0.316539 0.0406882 2.02797 
1.06883 0.333163 0.0245227 2.0227 
1.06129 0.347163 0.0413656 2.00973 
1.04006 0.37034 0.0903635 1.97363 
0.312949 0.452036 0.19829 0.695052 
0.926792 0.45504 0.356601 1.78821 
0.941431 0.439715 0.24796 1.80886 
0.91169 0.376446 0.0292419 1.71665 
0.96588 0.299212 0.0171235 1.84454 
1.02571 0.398144 0.137705 1.9507 
1.07216 0.265472 0.213313 2.03963 
0.948996 0.436792 0.304519 1.82529 
0.758859 0.52826 -0.056118 1.46573 
0.869346 0.474597 0.207934 1.68514 
0.771664 0.587036 -0.124989 1.50455 
0.646802 0.629865 0.0223076 1.27917 
0.790794 0.592296 -0.0709581 1.54718 
0.779837 0.520343 0.141106 1.51313 
0.693035 0.564904 -0.0284713 1.36354 
0.832728 0.534116 -0.0752011 1.63159 
0.913433 0.454177 -0.0403039 1.74507 
0.912134 0.452649 -0.0254092 1.74371 
0.906727 0.513314 -0.0409455 1.74335 
0.535697 0.648669 0.0970767 1.11158 
0.902976 0.429771 -0.00293167 1.72671 
0.910958 0.438301 -0.0194773 1.7429 
0.939475 0.303285 -0.0447443 1.78749 
0.923296 0.392081 -0.0354056 1.7618 
0.917977 0.403485 -0.0578551 1.75465 
1.00823 0.372889 0.251245 1.92552 
0.977618 0.380848 0.122677 1.86293 
0.914283 0.412953 -0.00595334 1.75243 
0.9212 0.396456 -0.0124171 1.76162 
0.935508 0.373859 -0.0294597 1.79013 
1.07211 0.326871 0.00877315 2.03003 
1.06956 0.330094 0.00880282 2.02585 
1.07085 0.328167 0.00705494 2.02777 
1.07237 0.329465 0.0131645 2.03049 
1.07586 0.329487 0.0264934 2.03575 
1.07546 0.320815 0.0160023 2.03619 
1.07754 0.316222 0.0165648 2.03955 
1.06595 0.338004 0.0140282 2.01962 
1.06734 0.336711 0.0143854 2.02259 
0.999596 0.495451 0.0700759 1.90993 
0.835264 0.499407 0.136858 1.61024 
0.878049 0.476417 0.10107 1.67748 
0.859904 0.508169 0.195947 1.67871 
0.788917 0.59483 0.237443 1.55088 
0.800054 0.541634 0.197081 1.57231 
0.798956 0.537018 0.17008 1.56202 
0.800835 0.588087 0.205655 1.55018 
0.653877 0.598556 0.23112 1.32257 
0.704893 0.529228 0.237982 1.39766 
0.875555 0.485797 0.373598 1.70102 
0.998356 0.497303 0.0696488 1.90835 
0.999786 0.495484 0.0708636 1.91052 
1.00413 0.486016 0.076718 1.915 
1.00037 0.492675 0.0804823 1.91206 
1.00189 0.491009 0.07575 1.91431 
0.998601 0.497171 0.0727974 1.90871 
1.00171 0.4923 0.0700669 1.91358 
1.00043 0.494322 0.072189 1.912 
1.00019 0.494691 0.0703762 1.911 
0.99333 0.502355 0.0728966 1.89906 
0.999831 0.49505 0.0702554 1.91021 
1.00077 0.493944 0.0693232 1.91202 
1.00028 0.495003 0.0700092 1.91135 
1.00032 0.494812 0.0698258 1.91133 
0.887263 0.561406 0.267973 1.72492 
0.850233 0.587881 0.261311 1.66034 
0.922909 0.536521 0.258176 1.78266 
0.835759 0.565004 0.290022 1.6365 
0.886107 0.543085 0.29816 1.72002 
0.885397 0.533073 0.30892 1.72032 
0.827128 0.580656 0.263477 1.61911 
0.944824 0.551215 0.167596 1.81594 
0.95534 0.526195 0.196672 1.83711 
0.899839 0.575465 0.208694 1.744 
0.873953 0.595758 0.189309 1.7006 
0.902259 0.598604 0.158728 1.74532 
0.876255 0.605517 0.166348 1.7015 
0.851189 0.606923 0.20612 1.66331 
0.589138 0.634902 0.0808987 1.20245 
0.716706 0.638252 -0.00158898 1.41925 
0.695453 0.660547 0.106378 1.39384 
0.682569 0.663977 0.0471932 1.36908 
0.742175 0.667616 0.0299468 1.4734 
0.772456 0.652756 0.129274 1.54469 
0.665635 0.645831 0.141257 1.33937 
0.654853 0.651391 0.111749 1.32129 
0.774097 0.629394 0.212507 1.5315 
0.705055 0.630668 0.201187 1.41047 
0.788268 0.634974 0.196217 1.55741 
0.97064 0.541107 0.0601928 1.86722 
0.82509 0.581295 0.281619 1.62352 
0.86041 0.597195 0.224604 1.67833 
0.887941 0.579915 0.229451 1.72389 
1.03344 0.422914 0.0570668 1.96442 
1.04098 0.396439 0.0733307 1.97383 
1.0323 0.421113 0.0788022 1.9606 
1.01003 0.482326 0.0631763 1.92713 
1.01525 0.470652 0.0837961 1.92944 
1.02266 0.453989 0.0892276 1.93386 
1.0109 0.464053 0.0968484 1.92305 
1.0015 0.475927 0.108589 1.91177 
1.00324 0.477863 0.0949031 1.91491 
0.999934 0.483989 0.0883959 1.90882 
1.00032 0.490465 0.0900441 1.91206 
0.998209 0.49671 0.0748931 1.90613 
0.995876 0.503065 0.0759484 1.90536 
0.999525 0.495516 0.0723456 1.90884 
0.994658 0.504068 0.0813307 1.90014 
1.00127 0.49409 0.0686877 1.91299 
1.00135 0.49373 0.0683289 1.91321 
1.00267 0.490974 0.0717714 1.91683 
1.00612 0.485438 0.0733255 1.92205 
1.00101 0.493895 0.0699797 1.91336 
0.99934 0.497619 0.0889566 1.911 
1.00502 0.480964 0.0826555 1.9185 
1.01744 0.467551 0.0640805 1.93431 
1.01507 0.456697 0.0837516 1.92644 
1.01499 0.479792 0.0748561 1.93263 
0.820413 0.53332 0.354249 1.60812 
0.780072 0.526887 0.38245 1.5411 
0.802282 0.578179 0.292466 1.57629 
0.764132 0.574429 0.313425 1.5147 
0.762257 0.58844 0.283439 1.50653 
0.815674 0.55276 0.332184 1.60185 
0.824822 0.586086 0.254196 1.60514 
0.834681 0.582712 0.258736 1.63351 
0.850595 0.573987 0.275807 1.66035 
1.02922 0.435389 0.0481978 1.95504 
1.03709 0.418723 0.0300533 1.96508 
1.04033 0.405954 0.0377978 1.97216 
1.06015 0.353446 0.0567985 2.00984 
1.05719 0.364719 0.0445295 2.0033 
1.04858 0.384498 0.0542413 1.98469 
1.05179 0.382129 0.017926 1.99207 
1.05026 0.382266 0.042426 1.98833 
1.04574 0.393189 0.0341122 1.981 
1.05765 0.371353 0.0284713 2.00526 
1.0535 0.376254 0.0220125 1.99562 
1.05274 0.38283 0.006537 1.9946 
1.0565 0.377262 0.00526726 2.00412 
1.06409 0.365798 0.0196385 2.01629 
1.05889 0.370383 0.0237074 2.00874 
1.0607 0.369443 0.0151005 2.01255 
1.04014 0.396946 0.118445 1.96999 
1.00398 0.424832 0.210982 1.9193 
1.01918 0.412712 0.184211 1.94291 
1.01415 0.442518 0.151674 1.93084 
1.02942 0.415954 0.157219 1.95375 
1.00716 0.391407 0.232454 1.92331 
1.03437 0.35794 0.214406 1.97102 
1.04532 0.336683 0.200151 1.99168 
1.06162 0.327714 0.161318 2.01293 
1.09906 0.215303 0.189174 2.07889 
1.05827 0.304329 0.200029 2.01069 
1.08118 0.273264 0.161225 2.04098 
1.05755 0.263533 0.281242 2.00082 
0.977036 0.476559 0.236479 1.87439 
1.05678 0.328895 0.182682 2.00746 
1.03725 0.352474 0.199502 1.97835 
1.03509 0.364333 0.187324 1.97502 
1.01936 0.387466 0.208668 1.94448 
1.02136 0.369572 0.22999 1.94983 
1.01682 0.378213 0.225394 1.94214 
1.02142 0.354048 0.245742 1.95117 
1.04549 0.333308 0.233829 1.9868 
0.987679 0.340251 0.361916 1.8892 
0.995494 0.357151 0.326035 1.90353 
1.01773 0.331364 0.305637 1.9418 
1.02967 0.309683 0.279725 1.97033 
1.00396 0.314197 0.359753 1.91661 
1.02779 0.281074 0.321459 1.96473 
1.06081 0.209586 0.358185 2.01604 
1.03492 0.282037 0.292609 1.97219 
1.03601 0.330458 0.246256 1.97954 
1.03008 0.340605 0.240023 1.9689 
1.03747 0.343614 0.227633 1.9768 
1.06336 0.303274 0.186029 2.01698 
1.0718 0.288089 0.176184 2.028 
1.07615 0.286899 0.165429 2.03411 
1.08164 0.261531 0.1672 2.04175 
1.07846 0.256322 0.208112 2.03422 
1.06251 0.291211 0.206139 2.01384 
1.05142 0.320917 0.223697 1.99693 
1.03714 0.313209 0.258732 1.97865 
1.04789 0.32319 0.206459 1.99347 
0.99279 0.0653291 0.465332 1.89281 
1.05622 0.210433 0.307158 1.99944 
1.09159 0.192584 0.279362 2.06179 
1.00237 0.391392 0.25523 1.91558 
1.0514 0.363096 0.134452 1.99686 
1.05133 0.348962 0.168189 1.99838 
1.04526 0.37282 0.144937 1.98415 
1.02619 0.391687 0.193705 1.95623 
1.0379 0.394749 0.147739 1.96923 
1.04019 0.39113 0.161136 1.96962 
1.03398 0.408467 0.144222 1.96467 
0.855928 0.510315 0.359397 1.6697 
0.820695 0.498293 0.402886 1.6107 
0.79002 0.536681 0.366322 1.55698 
0.797811 0.589286 0.265034 1.5686 
0.823449 0.484094 0.422771 1.6099 
0.725739 0.44934 0.468038 1.45785 
0.617458 0.510661 0.380099 1.25671 
0.724617 0.523321 0.412386 1.44744 
0.583139 0.565088 0.231357 1.18708 
0.6509 0.613887 0.265693 1.31982 
0.572015 0.557136 0.290066 1.17674 
0.808574 0.343729 0.530384 1.59088 
0.622201 0.472371 0.421919 1.26139 
0.850302 0.417527 0.48077 1.66613 
0.88111 0.443631 0.431217 1.71263 
0.667288 0.528553 0.386276 1.34627 
0.455647 0.511108 0.23448 0.96002 
0.594267 0.57925 0.282009 1.21797 
0.517696 0.528703 0.280286 1.07623 
0.950672 0.425943 0.33533 1.82541 
0.950813 0.396163 0.375481 1.83087 
0.926934 0.443554 0.358448 1.78819 
1.0008 0.49463 0.0684228 1.91227 
1.00032 0.495433 0.0674225 1.91133 
1.00133 0.493908 0.0630082 1.91234 
1.01197 0.450357 0.138769 1.92788 
1.00332 0.466395 0.139705 1.91391 
1.01047 0.458083 0.119564 1.93105 
1.02484 0.425949 0.130458 1.95045 
1.00118 0.478136 0.147217 1.91051 
1.04178 0.385637 0.139598 1.97656 
1.04268 0.361717 0.17831 1.98561 
1.00094 0.493465 0.06776 1.91267 
1.00476 0.488497 0.0712817 1.91851 
1.00157 0.491644 0.0734738 1.91278 
0.837085 0.255423 0.544708 1.61841 
0.957381 0.433606 0.319091 1.83624 
0.899709 0.468311 0.358688 1.74225 
0.90081 0.482589 0.340443 1.75043 
0.946405 0.19006 0.501126 1.82753 
1.00592 0.252368 0.400196 1.92005 
1.04176 0.100487 0.340303 1.91864 
0.962735 0.0820526 0.493908 1.83646 
0.888507 0.411556 0.445023 1.72289 
1.02069 0.350848 0.26523 1.94383 
