1.00062 0.494691 0.0692417 1.91194 
0.978997 0.500468 0.173833 1.87687 
0.99014 0.490721 0.15596 1.89513 
0.977251 0.518986 0.145791 1.87781 
0.982208 0.502453 0.144236 1.8807 
0.993292 0.495229 0.135855 1.90186 
1.01819 0.450509 0.122871 1.93843 
0.994384 0.494335 0.115104 1.90135 
1.0278 0.442488 0.0902654 1.95483 
1.01348 0.461975 0.109582 1.9307 
1.02591 0.455253 0.0661027 1.95394 
1.01657 0.464435 0.0965446 1.93794 
1.01108 0.476393 0.0840172 1.92925 
1.03472 0.435422 0.0683069 1.96702 
1.05018 0.397502 0.0932681 1.99182 
1.02455 0.447168 0.107992 1.95067 
1.03477 0.427323 0.105131 1.96691 
1.03935 0.419197 0.0979477 1.97406 
1.03988 0.420384 0.0842113 1.97471 
1.04992 0.400219 0.0796588 1.99114 
1.03402 0.419307 0.118292 1.96318 
1.0458 0.391453 0.120187 1.98154 
1.03292 0.42259 0.126666 1.96277 
1.02741 0.440642 0.101945 1.95416 
1.0228 0.442566 0.118057 1.94544 
1.02281 0.429597 0.154082 1.94482 
1.00777 0.468528 0.125223 1.92187 
1.02214 0.434316 0.146229 1.94408 
1.00912 0.453933 0.158404 1.92308 
1.00901 0.476564 0.0917202 1.925 
1.01843 0.456811 0.103907 1.93972 
1.00894 0.470359 0.103778 1.92306 
1.03736 0.237648 0.347988 1.96562 
0.939609 0.318779 0.46557 1.80779 
1.00148 0.306375 0.37826 1.90868 
0.990392 0.475987 0.179358 1.89246 
1.0159 0.471365 0.0549226 1.93655 
1.03678 0.434478 -0.0205603 1.96977 
1.02211 0.463756 0.00459043 1.94654 
1.0172 0.47033 0.000227079 1.93778 
1.01676 0.474821 0.0229444 1.93893 
1.00991 0.488767 0.0168501 1.92794 
1.00812 0.474744 -0.00269889 1.92158 
1.01967 0.477623 -0.0313558 1.94436 
1.01036 0.479139 0.0693958 1.9277 
1.0103 0.481579 0.0581938 1.92803 
1.02038 0.462289 0.0706877 1.94408 
1.02606 0.456085 0.054234 1.95403 
1.02572 0.453277 0.0839201 1.9539 
1.07052 0.351184 0.0172541 2.02229 
1.06964 0.354868 0.0173556 2.02126 
1.07096 0.351552 0.0109623 2.0234 
1.06974 0.355072 0.0138491 2.0215 
1.06894 0.357831 0.0123143 2.02042 
1.07432 0.339782 0.0213012 2.02831 
1.07079 0.342492 0.0240581 2.02064 
1.07007 0.342696 0.0276398 2.019 
1.06986 0.344703 0.0285116 2.01915 
1.06927 0.343308 0.0261204 2.0172 
1.07038 0.34095 0.0250481 2.01924 
1.07227 0.343643 0.0210518 2.02442 
1.07094 0.347283 0.0198402 2.02227 
1.07111 0.347972 0.0203574 2.02299 
1.07058 0.352202 0.018049 2.02281 
1.07106 0.34806 0.0213192 2.02299 
1.06988 0.355274 0.0185671 2.02207 
1.07148 0.346816 0.0183183 2.02332 
1.06935 0.356071 0.0157566 2.02089 
1.06917 0.357206 0.0187082 2.02089 
1.07084 0.353632 0.00777677 2.02376 
1.06835 0.359079 0.015612 2.01937 
1.06681 0.361725 0.00863758 2.01643 
1.06746 0.359242 0.00626014 2.01718 
1.0655 0.363819 0.00972082 2.01387 
1.06611 0.365287 -0.000204946 2.01588 
1.06132 0.377193 0.00339323 2.00803 
1.06858 0.356464 -0.0251947 2.01938 
1.06011 0.378622 -0.0051463 2.00556 
1.06497 0.362573 -0.0710959 2.01444 
1.07303 0.33666 -0.0949499 2.0277 
1.07514 0.331204 -0.079807 2.0304 
1.08336 0.306153 -0.0708534 2.04363 
1.07815 0.33046 -0.0513081 2.03601 
1.06827 0.351856 -0.0722905 2.01916 
1.07158 0.346865 -0.0402299 2.0242 
1.07468 0.336442 -0.0623318 2.0297 
1.07674 0.335272 -0.0422626 2.03358 
1.08083 0.316799 -0.0525274 2.03876 
1.08207 0.31514 -0.0660803 2.04231 
1.09315 0.274794 -0.0539073 2.05882 
1.07868 0.329908 -0.030191 2.0364 
1.08083 0.325015 -0.00698999 2.03993 
1.08285 0.313051 0.00386162 2.04161 
1.07463 0.340047 0.0133286 2.02896 
1.06371 0.370713 -0.0116536 2.01179 
1.07435 0.340899 -0.0111653 2.02849 
1.06746 0.358005 0.00100945 2.01677 
1.0505 0.397849 -0.0550557 1.99016 
1.07145 0.346333 -0.0617318 2.02468 
1.0589 0.38252 -0.0420569 2.00474 
1.06393 0.368877 -0.0406756 2.01243 
1.06631 0.362992 -0.0493242 2.01669 
1.07202 0.34789 -0.0296544 2.02528 
1.06885 0.351353 -0.0502132 2.01923 
1.07091 0.350676 0.00166615 2.02296 
1.07069 0.350118 -0.00865972 2.02228 
1.0688 0.357035 -0.0135264 2.01986 
1.07508 0.338444 -0.0216598 2.02978 
1.07646 0.335909 -0.00474311 2.03224 
1.05884 0.382046 -0.0224683 2.00385 
1.08065 0.320291 -0.0294858 2.03847 
1.07059 0.341267 0.0246199 2.01986 
1.0723 0.340428 0.0263061 2.02367 
1.06727 0.34769 0.0469127 2.01424 
1.08299 0.312084 0.053923 2.04294 
1.08756 0.295555 0.0672467 2.05053 
1.0809 0.312488 0.0655673 2.03843 
1.07342 0.336886 0.0736948 2.02741 
1.06608 0.355535 0.0657911 2.01455 
1.06902 0.353286 0.046446 2.02014 
1.05501 0.390407 0.0660853 1.99913 
1.06556 0.364308 0.023149 2.01441 
1.07526 0.341168 0.023036 2.03104 
1.07746 0.330121 0.0181175 2.03326 
1.07552 0.33931 0.025895 2.03112 
1.0782 0.331711 0.0298874 2.03559 
1.07965 0.323933 0.0403482 2.03737 
1.07724 0.330803 0.0395269 2.03333 
1.07992 0.321503 0.0482175 2.03768 
1.08478 0.308589 0.0486498 2.04608 
1.08419 0.313767 0.0383795 2.04572 
1.08827 0.296807 0.0343815 2.05139 
1.07952 0.324307 0.0673911 2.03852 
1.07315 0.343248 0.0550381 2.02763 
1.07668 0.33352 0.0346352 2.03256 
1.06763 0.359226 0.022296 2.01795 
1.06785 0.362716 0.0229961 2.0195 
1.06776 0.363675 0.0235614 2.01957 
1.06796 0.362202 0.0228513 2.01963 
1.0678 0.360089 0.0228626 2.01864 
1.06896 0.32966 0.137602 2.0201 
1.05992 0.350852 0.143004 2.00501 
1.06561 0.346014 0.1222 2.01516 
1.05919 0.37326 0.0820976 2.00446 
1.05662 0.368223 0.114082 1.99933 
1.05461 0.382303 0.0954011 1.99745 
1.07911 0.319645 0.0888772 2.03763 
1.07457 0.338792 0.033052 2.02883 
1.07563 0.336197 0.0448952 2.0312 
1.07321 0.343907 0.0421821 2.02744 
1.07494 0.340064 0.0287311 2.03001 
1.07072 0.351602 0.0349146 2.02341 
1.0732 0.343864 0.0275807 2.02678 
1.07143 0.352021 0.0250921 2.02491 
1.07107 0.348072 0.0182755 2.02283 
1.08034 0.322792 0.0201326 2.03834 
1.07537 0.336712 0.0190202 2.03002 
1.07346 0.345045 0.021913 2.02774 
1.07407 0.337405 0.015167 2.02703 
1.07598 0.323374 0.00435568 2.0277 
1.07609 0.332051 0.0132226 2.03042 
1.0759 0.332844 0.0166018 2.03014 
1.07403 0.33858 0.0176802 2.02723 
1.07384 0.334883 0.0116724 2.02574 
1.08898 0.29019 0.0100167 2.05108 
1.0849 0.307418 0.0182296 2.04547 
1.08123 0.319765 0.0239416 2.03972 
1.08538 0.307578 0.0315081 2.04687 
1.08096 0.322224 0.0354159 2.03988 
1.08491 0.298193 -0.00528173 2.04311 
1.08096 0.316651 0.0123401 2.03812 
1.07982 0.31891 0.00878712 2.03592 
1.08197 0.313155 0.0117832 2.03967 
1.07119 0.342127 0.0140599 2.02138 
1.04554 0.406623 0.101521 1.98468 
1.05834 0.382359 0.0409495 2.00331 
1.07073 0.339976 0.0979065 2.02354 
1.06741 0.353388 0.0766527 2.01788 
1.05912 0.37706 0.0661594 2.00456 
1.063 0.369359 0.0568161 2.011 
1.07132 0.344877 0.0616224 2.02395 
1.06108 0.355259 0.131463 2.008 
1.06567 0.33835 0.14468 2.01558 
1.07233 0.319371 0.141307 2.02605 
1.0723 0.316209 0.157346 2.02717 
1.05689 0.359656 0.152375 2.00173 
1.01947 0.412432 0.194787 1.93679 
1.05465 0.346015 0.184543 1.99678 
1.06066 0.343593 0.166012 2.00782 
1.06849 0.323302 0.164253 2.02079 
1.07514 0.280145 0.177269 2.0276 
1.08724 0.265987 0.141129 2.04935 
1.08481 0.260357 0.161261 2.04465 
1.09415 -0.00727679 0.183883 2.0589 
1.05962 0.306582 0.22068 2.00394 
1.07146 0.266176 0.228517 2.02449 
1.05687 0.300616 0.239818 1.9997 
1.09183 0.184953 0.193223 2.05097 
1.08089 0.259326 0.181313 2.03792 
1.0599 0.280657 0.243098 2.00259 
1.07344 0.281912 0.189464 2.02576 
1.07019 0.273919 0.211961 2.01973 
1.06639 0.294026 0.210884 2.01527 
1.09064 0.264677 0.144969 2.05647 
0.974263 0.498597 0.192999 1.86828 
0.978044 0.483972 0.198392 1.87092 
0.965502 0.524656 0.158171 1.85593 
1.01308 0.439097 0.179346 1.92954 
0.994105 0.46539 0.197817 1.8997 
1.00585 0.452377 0.172503 1.91693 
0.994596 0.477452 0.159177 1.89942 
1.00345 0.466178 0.151031 1.91402 
1.00705 0.443101 0.196194 1.92002 
1.00219 0.492546 0.067194 1.91448 
1.00075 0.494655 0.0671397 1.91214 
1.00077 0.494767 0.065983 1.91232 
1.00052 0.495537 0.0679014 1.91202 
1.04775 0.376518 -0.141405 1.9874 
1.04236 0.430602 -0.145894 1.98431 
1.07998 0.285543 -0.103858 2.0394 
1.0473 0.404971 -0.0880987 1.98735 
1.04065 0.41926 -0.103543 1.9775 
1.03522 0.430491 -0.0991579 1.96816 
1.03926 0.410625 -0.119724 1.97301 
1.04793 0.400647 -0.108001 1.98845 
1.05201 0.385666 -0.113965 1.99346 
1.05736 0.38009 -0.106277 2.00392 
1.05292 0.395343 0.000735867 1.99383 
1.05528 0.392322 -0.0100345 1.99856 
1.06066 0.377324 0.0162875 2.0066 
1.06589 0.368158 0.0395515 2.01704 
1.06252 0.371854 0.0338222 2.00973 
1.06192 0.373383 0.0196034 2.00839 
1.06658 0.365653 0.0226979 2.01737 
1.06598 0.364988 0.0255644 2.01573 
1.06528 0.36523 0.0204309 2.01396 
1.06766 0.362762 0.0251099 2.01911 
1.05222 0.397415 -0.0309813 1.99329 
1.05032 0.3996 -0.019121 1.98914 
1.05633 0.387325 -0.0328141 1.9998 
1.05766 0.383948 -0.0122805 2.00144 
1.02839 0.455753 0.0199546 1.95832 
1.02959 0.450914 -0.00576604 1.95903 
1.02339 0.459035 -0.0121913 1.94779 
1.0413 0.421599 -0.0242665 1.97562 
1.03138 0.443067 -0.0259974 1.96024 
1.03366 0.438748 -0.0371818 1.96434 
1.03497 0.437574 0.0121554 1.96647 
1.0488 0.411305 0.00482254 1.98969 
1.04657 0.416475 0.0149426 1.98628 
1.07433 0.336321 0.0534522 2.02834 
1.07034 0.347835 0.0482866 2.02173 
1.0729 0.34467 0.0380319 2.02673 
1.06616 0.36034 0.0376939 2.01497 
1.07274 0.346814 0.0301644 2.02671 
1.03234 0.445288 0.0373672 1.9639 
1.01619 0.472455 0.0307537 1.93665 
1.01407 0.476854 0.0102843 1.93329 
1.02598 0.455887 0.0289508 1.95278 
0.994085 0.448494 4.87003e-05 1.88894 
0.991952 0.505006 -0.0220794 1.89473 
0.970017 0.533716 -0.0273981 1.85952 
0.974166 0.5238 -0.0362421 1.86413 
0.98214 0.520708 -0.016441 1.88049 
0.983013 0.522036 0.00592566 1.88296 
0.975335 0.530687 0.0086113 1.86952 
0.946196 0.559755 -0.0329194 1.81988 
0.956025 0.55234 -0.0190415 1.8375 
0.945037 0.564773 -0.0160047 1.81973 
0.985636 0.362955 -0.0502209 1.85969 
0.994271 0.425896 -0.0441776 1.88472 
0.991116 0.40383 -0.0417068 1.87531 
0.98992 0.396804 -0.0102806 1.87652 
0.994314 0.494326 -0.031341 1.89602 
0.990637 0.491275 -0.0421068 1.88987 
0.987656 0.473981 -0.0639563 1.88081 
0.94688 0.379562 -0.183793 1.78721 
0.970663 0.450488 -0.102546 1.84447 
0.975205 0.376059 -0.10128 1.8356 
0.97601 0.434627 -0.0910413 1.8505 
0.925188 0.424355 -0.177599 1.7537 
0.938176 0.416763 -0.157145 1.77421 
0.959395 0.426289 -0.124631 1.81848 
0.948514 0.447466 -0.126318 1.80235 
0.934766 0.440109 -0.144533 1.77399 
0.971956 0.392324 -0.10952 1.83304 
0.851779 0.540913 -0.121515 1.64582 
0.936034 0.562508 -0.0587191 1.80073 
0.920466 0.554917 -0.0865344 1.77206 
0.935476 0.542842 -0.090267 1.79806 
0.917981 0.488488 -0.130281 1.75421 
0.945427 0.540777 -0.0826133 1.81476 
0.937785 0.529016 -0.101614 1.80016 
0.929111 0.524799 -0.109976 1.78373 
0.955389 0.491633 -0.107389 1.82553 
0.965868 0.51681 -0.0798239 1.84858 
0.930806 0.569336 -0.0514704 1.79301 
0.923049 0.571574 -0.0479832 1.77977 
0.935777 0.55859 -0.0686041 1.80056 
1.04939 0.39408 -0.114984 1.99014 
1.05633 0.380142 -0.0971333 2.00107 
1.05351 0.389035 -0.0913388 1.99691 
1.0589 0.369045 -0.111638 2.00424 
1.0611 0.371279 -0.0906801 2.00932 
1.06237 0.368917 -0.0589301 2.00941 
1.03927 0.423013 -0.06619 1.97295 
1.04002 0.418847 -0.0779578 1.97405 
1.04202 0.415072 -0.0917775 1.97856 
1.04507 0.40834 -0.0755327 1.9821 
1.04365 0.4132 -0.0640209 1.97974 
1.0235 0.459291 -0.0514922 1.94791 
1.03328 0.421832 -0.115025 1.96318 
1.02588 0.442169 -0.114171 1.9527 
1.01501 0.441045 -0.0952996 1.9306 
1.00793 0.382733 -0.0853623 1.90934 
1.00454 0.322046 -0.0857247 1.8923 
1.02131 0.407379 -0.128306 1.9405 
1.00256 0.375531 -0.0868574 1.89639 
1.00027 0.343091 -0.0727354 1.8885 
0.99148 0.290193 -0.0988938 1.86346 
0.98595 0.32129 -0.0930748 1.85742 
0.982389 0.309032 -0.135701 1.84694 
1.0226 0.429369 -0.128237 1.94673 
1.02436 0.443658 -0.117902 1.95222 
0.997026 0.252091 -0.109482 1.86854 
1.04759 0.405535 -0.0385615 1.98519 
1.03715 0.428737 -0.0411355 1.96894 
1.04027 0.407301 -0.129038 1.97506 
1.04884 0.397181 -0.0953944 1.98869 
1.04236 0.410574 -0.112209 1.97889 
1.00979 0.492332 0.0256266 1.92847 
0.994441 0.47557 0.0321751 1.89572 
1.01241 0.47835 0.022182 1.93058 
1.01134 0.494324 0.0140554 1.93127 
1.00805 0.484955 0.00698655 1.92389 
1.00905 0.465328 -0.0240825 1.9214 
0.994513 0.505792 -0.00388546 1.90026 
0.989749 0.449543 -0.0289137 1.87996 
0.992844 0.486918 0.00116091 1.89215 
0.997613 0.450156 0.0197249 1.89836 
0.992405 0.450927 0.0334885 1.88919 
0.998093 0.499573 0.0306057 1.90563 
0.995488 0.499496 0.00851307 1.90122 
0.988103 0.466044 -0.0465287 1.87885 
0.995024 0.437235 -0.0148224 1.88988 
0.991609 0.393501 -0.0224702 1.87692 
0.99747 0.390677 -0.0134031 1.89044 
0.974796 0.530992 -0.0146584 1.86875 
0.99002 0.494468 -0.0135902 1.88704 
0.984467 0.515875 -0.00342106 1.88343 
0.996903 0.4424 0.0163991 1.89512 
0.996487 0.48792 0.0166645 1.9015 
0.995391 0.487306 0.0371198 1.89981 
0.99496 0.509614 0.0435116 1.90338 
0.977394 0.52637 0.0305991 1.87213 
0.991445 0.507397 0.0341864 1.89576 
0.989602 0.511066 0.0433185 1.89292 
0.970066 0.537063 -0.00699478 1.86087 
1.02592 0.45354 -0.0229382 1.9518 
1.02213 0.458311 -0.0261725 1.9458 
1.01784 0.47041 -0.00861785 1.93953 
1.01254 0.478749 -0.0135885 1.93108 
0.99531 0.462098 -0.0160518 1.89302 
0.993398 0.413614 0.00128196 1.88557 
0.991501 0.417688 0.00252131 1.88245 
1.01645 0.483363 -0.0399414 1.9408 
1.02887 0.446178 -0.0407235 1.95639 
1.02149 0.461877 -0.0410188 1.94434 
1.01733 0.474211 -0.0408792 1.93868 
1.00848 0.463013 -0.0539583 1.92327 
1.02464 0.455799 -0.0828929 1.95182 
1.01959 0.461 -0.0654798 1.94223 
1.03041 0.443578 -0.0657203 1.96001 
1.02177 0.469498 -0.0538367 1.94774 
1.0049 0.430878 -0.0561082 1.90995 
0.993479 0.35621 -0.0399523 1.87595 
0.984165 0.317877 -0.0462133 1.85506 
0.993214 0.325558 -0.0610675 1.87227 
1.03027 0.446359 0.0124846 1.95868 
1.02032 0.466368 0.0151564 1.94354 
1.02784 0.452702 0.00293685 1.95554 
1.00534 0.425077 -0.0572708 1.91004 
1.02207 0.465015 0.0338855 1.94757 
1.0396 0.431741 -0.00136974 1.97528 
1.03443 0.439299 -0.00943932 1.96587 
1.04714 0.412675 -0.0159534 1.98628 
1.04363 0.418845 -0.00406544 1.97996 
1.02605 0.449181 0.0717172 1.95203 
1.02101 0.463672 0.0443086 1.94474 
0.999622 0.495154 0.0677577 1.90986 
0.998839 0.497015 0.0683842 1.9088 
0.999301 0.495404 0.0671108 1.90931 
1.00967 0.484534 0.0455043 1.9273 
1.00496 0.488085 0.0652853 1.91878 
1.00476 0.490259 0.0551572 1.91874 
1.00292 0.492556 0.0623081 1.91582 
0.999204 0.494692 0.0657908 1.909 
0.99843 0.495697 0.0627492 1.90754 
0.998567 0.493886 0.0547168 1.90744 
0.998008 0.49825 0.0674243 1.90738 
0.99888 0.488363 0.0504881 1.90676 
0.999992 0.49506 0.0672326 1.9107 
1.00327 0.48549 0.03781 1.91531 
1.01433 0.478969 0.0324232 1.93541 
1.00421 0.488379 0.0442766 1.91722 
1.00362 0.491241 0.0650158 1.91714 
0.998822 0.492586 0.0593829 1.90794 
1.00467 0.492301 0.0525522 1.91898 
0.993468 0.501087 0.0939527 1.90025 
0.937961 0.560943 0.13745 1.81109 
0.951019 0.534161 0.168349 1.8298 
0.913797 0.588781 0.099704 1.76999 
0.984272 0.517927 0.0886223 1.88686 
0.978972 0.524403 0.0394826 1.87506 
0.997589 0.497907 0.0711865 1.90649 
0.986812 0.513904 0.0807673 1.88998 
0.991375 0.510254 0.0517135 1.89717 
0.999149 0.496346 0.0684079 1.90916 
0.99868 0.496748 0.0684063 1.9083 
0.998957 0.496822 0.0694304 1.90906 
0.999208 0.495869 0.0691818 1.90917 
0.999984 0.495104 0.0700009 1.91069 
0.969798 0.537767 0.0276984 1.86071 
0.977528 0.530751 0.0545889 1.87562 
0.992233 0.506061 0.067492 1.89771 
0.995623 0.503649 0.0564624 1.9036 
0.995591 0.502578 0.063375 1.90363 
0.996711 0.499262 0.0703051 1.90503 
0.985682 0.515954 0.0679742 1.8875 
0.997286 0.499981 0.0646255 1.90612 
0.948952 0.55549 0.0897796 1.82672 
0.914407 0.580944 0.132388 1.76985 
0.93354 0.570752 0.0789176 1.8001 
0.892494 0.606632 0.0758841 1.73317 
0.900162 0.606243 0.0244439 1.74662 
0.921533 0.464766 -0.143466 1.75518 
0.945602 0.477987 -0.118875 1.80432 
0.933924 0.496658 -0.121758 1.78733 
0.95076 0.517375 -0.099567 1.82166 
0.901276 0.552307 -0.0317481 1.73696 
0.910034 0.566965 -0.0600921 1.7558 
0.921482 0.562144 -0.0474046 1.77584 
0.921169 0.523202 -0.0501143 1.76804 
0.919912 0.529711 -0.0370474 1.76732 
0.920983 0.541313 -0.0502653 1.77083 
0.920532 0.565561 -0.0500843 1.77441 
0.922731 0.518569 -0.0436664 1.7702 
0.884143 0.513016 0.058543 1.70224 
0.999555 0.494894 0.067137 1.90969 
0.999005 0.496932 0.0677932 1.90904 
0.982253 0.520001 0.059532 1.88098 
0.980721 0.339129 -0.0331075 1.85088 
0.997331 0.408668 -0.0168495 1.89237 
0.989149 0.475473 -0.0364491 1.88331 
0.985479 0.402387 -0.056029 1.86377 
0.980769 0.341794 -0.0434127 1.85033 
0.98643 0.385217 -0.0493044 1.86395 
0.966718 0.523468 -0.0687061 1.85086 
0.981933 0.512215 -0.0365861 1.87641 
0.946361 0.546874 -0.0748057 1.81818 
0.956274 0.524318 -0.0882179 1.83302 
0.956362 0.538381 -0.0649744 1.8339 
0.969737 0.526848 -0.0481263 1.8562 
0.984023 0.509381 -0.0266441 1.87978 
0.961827 0.544993 -0.0268674 1.84687 
0.953851 0.544059 -0.0554013 1.82951 
0.973271 0.518837 -0.057819 1.86189 
0.971909 0.498878 -0.0839449 1.85733 
0.965684 0.480768 -0.0990774 1.84245 
0.981436 0.456116 -0.0792735 1.86497 
0.979889 0.507077 -0.0579446 1.87235 
0.986634 0.435833 -0.0687684 1.86976 
0.984011 0.504377 -0.046063 1.87899 
0.909997 0.551695 -0.0940806 1.75394 
0.963535 0.421116 -0.111457 1.82296 
0.979682 0.495847 -0.0657079 1.87023 
1.01821 0.471078 0.0471498 1.94148 
1.00701 0.485964 0.0554586 1.92213 
1.01228 0.478328 0.0415047 1.93054 
0.982585 0.332051 -0.100546 1.85134 
0.979601 0.356482 -0.105707 1.84428 
0.983513 0.375361 -0.0841869 1.8532 
0.952611 0.379068 -0.168323 1.7966 
0.965968 0.377981 -0.138118 1.82057 
0.956085 0.397322 -0.140254 1.8036 
0.982076 0.325339 -0.123456 1.84916 
0.989794 0.303659 -0.105143 1.86155 
0.991851 0.284795 -0.118856 1.86343 
0.983945 0.322104 -0.108831 1.85283 
0.987592 0.29185 -0.135281 1.85579 
0.974984 0.321112 -0.151937 1.8332 
0.980735 0.292154 -0.168793 1.84379 
0.962393 0.338803 -0.179877 1.81169 
0.984164 0.268572 -0.187819 1.85018 
0.997508 0.230272 -0.149743 1.8686 
0.987275 0.276918 -0.150422 1.85341 
0.995324 0.230126 -0.185069 1.86826 
0.984449 0.426646 -0.0740199 1.8647 
0.977478 0.488912 -0.0762471 1.86534 
0.980461 0.392485 -0.0887379 1.84986 
0.974898 0.355333 -0.120934 1.83513 
0.985276 0.329599 -0.0635501 1.85718 
0.98489 0.346591 -0.0792718 1.85724 
0.982016 0.346211 -0.099034 1.84954 
0.985608 0.330051 -0.081238 1.85816 
0.988522 0.308491 -0.0773136 1.86063 
0.990674 0.253086 -0.0908355 1.85579 
0.993404 0.405366 -0.0161856 1.88402 
0.95011 0.395923 -0.155038 1.79358 
0.931553 0.413561 -0.174718 1.76199 
0.973629 0.345729 -0.145188 1.83389 
0.983202 0.349337 -0.0690642 1.85474 
0.982901 0.38189 -0.0710009 1.85244 
0.982227 0.353501 -0.0891404 1.85012 
0.991535 0.280884 -0.100156 1.86191 
0.974713 0.311259 -0.168978 1.8332 
1.01963 0.412197 -0.14077 1.93793 
1.01794 0.351942 -0.133704 1.93058 
1.04193 0.39662 -0.145935 1.97944 
0.984557 0.342877 -0.0459465 1.85542 
0.985299 0.360165 -0.0619669 1.85667 
0.983659 0.330024 -0.0522015 1.85443 
0.985228 0.311961 -0.0639477 1.8535 
0.989999 0.294537 -0.0763674 1.86047 
0.989321 0.293853 -0.0924171 1.85864 
0.99504 0.309726 -0.0884215 1.87283 
0.997583 0.358494 -0.0737581 1.8853 
1.03065 0.443685 -0.0833688 1.96154 
1.02804 0.44704 -0.0531625 1.95523 
1.00881 0.432691 -0.0771183 1.91786 
1.02429 0.457419 -0.0708399 1.95043 
1.01344 0.454692 -0.0674123 1.93021 
0.991593 0.339611 -0.0535207 1.87041 
1.02181 0.458562 -0.0863995 1.94683 
0.944453 0.55593 -0.0512035 1.8147 
0.915819 0.585335 -0.0421023 1.76872 
0.913002 0.591348 -0.016371 1.76494 
0.869732 0.621987 -0.0110497 1.69165 
0.892332 0.605864 -0.0215189 1.72888 
0.876354 0.616171 -0.00693443 1.70186 
0.937272 0.395723 -0.185106 1.77087 
0.91699 0.406011 -0.210344 1.73567 
0.911374 0.392646 -0.243021 1.72777 
0.932413 0.37254 -0.213558 1.75945 
0.947552 0.363427 -0.196426 1.78726 
0.953443 0.344387 -0.199909 1.79638 
0.958994 0.31562 -0.224622 1.80858 
0.967759 0.305141 -0.205244 1.8225 
0.961204 0.359478 -0.166695 1.81114 
0.974888 0.345861 -0.128886 1.83614 
0.96787 0.374184 -0.126733 1.82141 
0.965733 0.359336 -0.152385 1.819 
1.00396 0.249532 -0.121472 1.88598 
0.923146 0.5636 -0.073044 1.77883 
0.880298 0.440052 -0.249422 1.68057 
0.900395 0.434789 -0.197174 1.70749 
0.864292 0.463121 -0.234333 1.6519 
0.969194 0.319482 -0.180919 1.82375 
0.977082 0.278479 -0.208553 1.83899 
0.889751 0.437512 -0.211106 1.68837 
0.894153 0.427228 -0.23388 1.70086 
0.913603 0.416609 -0.195953 1.728 
0.937293 0.35263 -0.23769 1.77202 
0.950303 0.338421 -0.221211 1.79364 
0.928527 0.391538 -0.204994 1.75458 
0.725814 0.582993 -0.0757262 1.41364 
0.904475 0.5143 -0.122642 1.73513 
0.891054 0.493482 -0.145212 1.704 
0.853698 0.511703 -0.14773 1.63735 
0.900107 0.453152 -0.178579 1.71203 
0.909991 0.466534 -0.155164 1.73394 
0.887362 0.560235 -0.0503203 1.71221 
0.907973 0.526786 -0.0196049 1.74475 
0.869486 0.552619 -0.0529014 1.67696 
0.824528 0.566514 -0.0226371 1.59962 
0.785271 0.553964 -0.105006 1.51565 
0.82349 0.528116 -0.134469 1.58306 
0.912023 0.537247 -0.106524 1.75403 
0.87997 0.541312 -0.0929971 1.69246 
0.86354 0.550029 -0.0758824 1.66523 
0.880014 0.530718 -0.114877 1.6939 
0.891671 0.514367 -0.126146 1.71174 
0.928684 0.374305 -0.232986 1.75793 
0.907031 0.412321 -0.231726 1.72268 
0.836866 0.487281 -0.230598 1.60419 
0.829213 0.515166 -0.197909 1.59554 
0.791496 0.537499 -0.183104 1.52722 
0.897539 0.55582 -0.0851279 1.73062 
0.899815 0.565703 -0.0647004 1.73729 
0.84646 0.553941 -0.0911271 1.63905 
0.842608 0.525443 -0.135654 1.62004 
0.797565 0.554288 -0.145987 1.54472 
0.865682 0.480335 -0.18896 1.65198 
0.911889 0.447649 -0.16701 1.7317 
0.882501 0.474367 -0.172572 1.68292 
0.876752 0.492625 -0.15444 1.67702 
0.840446 0.505605 -0.17763 1.60936 
0.867453 0.46311 -0.208621 1.65106 
0.900002 0.482594 0.0253626 1.72069 
0.814826 0.565929 0.00774245 1.58262 
0.854143 0.54386 -0.0252692 1.64584 
0.983683 0.454771 0.255652 1.88336 
0.94659 0.470661 0.308832 1.82142 
0.88899 0.518191 0.330062 1.7269 
0.857372 0.555159 0.303211 1.67324 
0.972537 0.48315 0.215693 1.86143 
0.947157 0.492696 0.273852 1.82309 
0.957121 0.50131 0.223908 1.83687 
0.926116 0.346067 -0.060823 1.75425 
0.913022 0.446857 -0.0584536 1.7428 
0.911509 0.375028 -0.0645701 1.73468 
0.916956 0.370137 -0.0598503 1.74251 
0.924818 0.443915 -0.0211575 1.76247 
0.915517 0.514945 -0.0261266 1.75509 
0.890463 0.52035 0.00361768 1.71066 
0.921182 0.551151 -0.0473213 1.77297 
0.9231 0.476371 -0.0447315 1.76391 
0.913443 0.555995 -0.042773 1.76033 
0.919575 0.505519 -0.0551308 1.76215 
0.921136 0.431642 -0.0550286 1.75655 
0.927285 0.453944 -0.0430772 1.77037 
0.919953 0.479883 -0.0556838 1.7592 
0.78929 0.586707 -0.0111781 1.53818 
0.91055 0.44049 -0.0620738 1.73819 
0.917146 0.562314 -0.0532118 1.7678 
0.907447 0.558198 -0.0595484 1.74853 
0.912597 0.537488 -0.0608962 1.754 
0.902307 0.588516 -0.048946 1.74447 
0.899218 0.574721 -0.0579714 1.73622 
0.909085 0.582919 -0.0506264 1.75636 
0.91528 0.56977 -0.053761 1.76538 
0.920569 0.580972 -0.039959 1.77582 
0.918323 0.576267 -0.048226 1.77181 
0.921058 0.573867 -0.0473072 1.77659 
0.922322 0.575001 -0.046926 1.77818 
0.908475 0.573589 -0.0553546 1.75324 
0.913789 0.582432 -0.0474305 1.76424 
0.892346 0.592568 -0.04945 1.72735 
0.902347 0.593491 -0.0435395 1.74537 
0.894874 0.599997 -0.0388578 1.7327 
0.892197 0.569235 -0.0603434 1.72224 
0.904647 0.396188 -0.063027 1.72355 
0.916157 0.509715 -0.0591989 1.75627 
0.917133 0.531976 -0.0581592 1.76162 
0.919308 0.544382 -0.0538998 1.76829 
0.912933 0.552811 -0.0587793 1.75806 
0.907838 0.505382 -0.0646066 1.7399 
0.887676 0.408045 -0.0718413 1.69471 
0.897691 0.445509 -0.0668941 1.71555 
0.911006 0.492963 -0.0617278 1.74398 
0.888098 0.451514 -0.0674059 1.69914 
0.900716 0.491096 -0.066886 1.72474 
0.898542 0.500245 -0.0673555 1.72154 
0.889254 0.474549 -0.0678806 1.70199 
0.88188 0.427321 -0.0657193 1.68682 
0.908654 0.527487 -0.0628795 1.7443 
0.916492 0.555398 -0.0548414 1.76506 
0.895879 0.553637 -0.062511 1.72548 
0.889245 0.54209 -0.0659866 1.71016 
0.889159 0.513726 -0.0675378 1.70453 
0.902864 0.548596 -0.062586 1.7375 
0.894017 0.525762 -0.0674788 1.71588 
0.89951 0.519764 -0.0667455 1.72526 
0.908801 0.462326 -0.0639562 1.73769 
0.894513 0.411731 -0.0684798 1.7065 
0.899853 0.395339 -0.0700982 1.71567 
0.886066 0.470963 -0.0677206 1.69563 
0.884325 0.418261 -0.0665404 1.68909 
0.897159 0.463987 -0.0669623 1.71724 
0.871904 0.447172 -0.0665565 1.66677 
0.866348 0.441762 -0.0677251 1.65463 
0.872203 0.437081 -0.0680982 1.6677 
0.863788 0.461094 -0.0648152 1.64889 
0.876682 0.480386 -0.0680265 1.67631 
0.878714 0.500998 -0.0680592 1.68255 
0.866867 0.454065 -0.0670778 1.65523 
0.865755 0.495189 -0.065977 1.65657 
0.864671 0.454664 -0.0660482 1.65025 
0.875266 0.505739 -0.0679705 1.67681 
0.866988 0.54223 -0.0619859 1.67001 
0.865539 0.526241 -0.0631389 1.66376 
0.88074 0.55373 -0.0630558 1.6977 
0.885858 0.556862 -0.0640199 1.70735 
0.886843 0.5221 -0.0679812 1.70146 
0.895628 0.567098 -0.0606496 1.72809 
0.866647 0.584991 -0.0533614 1.67829 
0.859809 0.56221 -0.0533413 1.66239 
0.877323 0.576276 -0.056077 1.69626 
0.888223 0.577688 -0.0565209 1.7166 
0.898797 0.587194 -0.0525661 1.73839 
0.858776 0.541925 -0.0590629 1.6551 
0.875116 0.537719 -0.0655712 1.68337 
0.874448 0.583685 -0.0546772 1.69216 
0.870944 0.553957 -0.0613837 1.68012 
0.881576 0.571856 -0.059259 1.7029 
0.905895 0.569359 -0.0580349 1.74805 
0.878108 0.605338 -0.0435142 1.70402 
0.853169 0.574629 -0.0475822 1.6506 
0.839063 0.562873 -0.0437068 1.62337 
0.831969 0.552332 -0.0421816 1.6126 
0.869916 0.565114 -0.0586223 1.68103 
0.871053 0.611344 -0.0377061 1.69208 
0.858612 0.453574 -0.0644347 1.63744 
0.879755 0.532023 -0.0671165 1.69053 
0.886315 0.545673 -0.0651154 1.70591 
0.878311 0.559266 -0.0614027 1.69459 
0.854572 0.470702 -0.0648602 1.63108 
0.8692 0.523703 -0.0645502 1.66961 
0.857396 0.503621 -0.0615151 1.64391 
0.857844 0.46655 -0.0649993 1.63693 
0.847334 0.464781 -0.0570259 1.61373 
0.847811 0.453408 -0.0619355 1.61351 
0.847994 0.523815 -0.0579765 1.63201 
0.853797 0.52531 -0.0585475 1.64312 
0.899547 0.547346 -0.0636469 1.73124 
0.868549 0.485937 -0.066376 1.6607 
0.905041 0.534285 -0.0637163 1.73878 
0.885017 0.487461 -0.0674532 1.69381 
0.876723 0.439282 -0.06736 1.67727 
0.876838 0.471768 -0.0680158 1.67687 
0.878194 0.427147 -0.0676875 1.67971 
0.837279 0.523846 -0.0499421 1.61207 
0.844252 0.475059 -0.0554452 1.61095 
0.852321 0.550842 -0.0549225 1.64829 
0.853759 0.504195 -0.0591119 1.63763 
0.842224 0.487912 -0.0557962 1.61078 
0.845752 0.473582 -0.05617 1.61379 
0.84689 0.548184 -0.0515862 1.63744 
0.812973 0.560761 -0.0271997 1.57332 
0.815731 0.556969 -0.0318448 1.5789 
0.826702 0.588791 -0.0301546 1.60432 
0.815453 0.55629 -0.033074 1.57929 
0.840097 0.614476 -0.0301348 1.63648 
0.848728 0.559438 -0.0515062 1.64358 
0.831064 0.506764 -0.0501893 1.59113 
0.826602 0.516425 -0.0448356 1.57758 
0.824809 0.499093 -0.0502108 1.56927 
0.822984 0.554252 -0.0374203 1.59387 
0.825363 0.550507 -0.0424147 1.59812 
0.862772 0.625937 -0.00829989 1.68017 
0.871352 0.619307 -0.0166682 1.69362 
0.852395 0.627221 -0.0151354 1.66145 
0.864425 0.61917 -0.0250432 1.68135 
0.856605 0.6233 -0.0249972 1.66914 
0.845977 0.606012 -0.0354774 1.64497 
0.859831 0.612225 -0.0400528 1.67197 
0.887171 0.588177 -0.0539123 1.71717 
0.888228 0.604636 -0.0395439 1.72223 
0.880527 0.593159 -0.0508591 1.70591 
0.874953 0.60108 -0.0470638 1.69738 
0.86248 0.615017 -0.0364462 1.67767 
0.862109 0.601057 -0.0438949 1.67374 
0.860307 0.570197 -0.0529977 1.66332 
0.869071 0.598623 -0.0475061 1.68642 
0.854256 0.589675 -0.0460438 1.65657 
0.853041 0.606617 -0.0389576 1.65868 
0.836175 0.583929 -0.0371512 1.62064 
0.83175 0.552868 -0.0438948 1.61053 
0.836265 0.572591 -0.0387942 1.61943 
0.826815 0.556222 -0.0393807 1.60115 
0.863965 0.55977 -0.055609 1.66932 
0.889696 0.606368 -0.0155346 1.72383 
0.881938 0.609906 -0.0329883 1.71141 
0.873118 0.612772 -0.0322477 1.69617 
0.886348 0.60168 -0.0444191 1.71783 
0.899926 0.599783 -0.0272917 1.74171 
0.912919 0.588692 -0.0261712 1.76281 
0.908987 0.590962 -0.038385 1.75679 
0.922886 0.581549 -0.0319675 1.78061 
0.925516 0.576886 -0.0429898 1.78484 
0.923216 0.571017 -0.0547987 1.77932 
0.919094 0.566062 -0.0487701 1.77175 
0.919206 0.568257 -0.0622483 1.77268 
0.928622 0.572463 -0.0450908 1.78864 
0.939942 0.56159 -0.0413677 1.8069 
0.932309 0.577922 0.00564356 1.79881 
0.907874 0.594438 -0.0317014 1.75538 
0.934223 0.569749 -0.0380242 1.79891 
0.915043 0.564856 -0.0465693 1.76468 
0.940668 0.568678 -0.0227686 1.81244 
0.927514 0.57541 -0.0311826 1.78696 
0.956138 0.547925 -0.0365394 1.83581 
0.83142 0.578653 -0.0360432 1.6113 
0.824749 0.579612 -0.0331075 1.59914 
0.817806 0.55362 -0.0348172 1.58357 
0.819296 0.556417 -0.0396825 1.58627 
0.814043 0.563676 -0.0389137 1.57891 
0.82 0.548517 -0.0459366 1.57191 
0.823324 0.547676 -0.0414646 1.59147 
0.816805 0.561753 -0.0380016 1.58588 
0.824509 0.532858 -0.0472556 1.57623 
0.822425 0.556743 -0.0371137 1.59178 
0.812662 0.565331 -0.036616 1.57953 
0.809771 0.567266 -0.0356802 1.57268 
0.815936 0.560686 -0.0433449 1.5683 
0.822095 0.544373 -0.0435281 1.57707 
0.810611 0.569408 -0.0397271 1.56317 
0.809244 0.572201 -0.0352698 1.56468 
0.812254 0.562844 -0.0244002 1.5737 
0.811557 0.569667 -0.0246412 1.57102 
0.798438 0.571922 -0.0213783 1.55673 
0.794735 0.54974 -0.0162931 1.54088 
0.800949 0.581069 -0.0340682 1.55224 
0.797329 0.597623 -0.020168 1.56157 
0.797117 0.578654 -0.0275742 1.54497 
0.801723 0.576982 -0.0327858 1.5536 
0.807182 0.574322 -0.0356114 1.56029 
0.806284 0.56821 -0.0289299 1.57031 
0.799606 0.582956 -0.0311288 1.55316 
0.80106 0.572016 -0.0256995 1.55971 
0.801444 0.599195 -0.0280308 1.56993 
0.45703 0.56615 0.0662441 0.957044 
0.833825 0.631901 0.000764589 1.6339 
0.452357 0.56374 0.0494158 0.948043 
0.401362 0.523942 0.0155872 0.854779 
0.460259 0.562147 0.0523081 0.96194 
0.466467 0.565866 0.0441764 0.973093 
0.424063 0.539444 0.0510606 0.893487 
0.483796 0.58225 0.046436 1.0053 
0.488375 0.579431 0.0681086 1.01367 
0.554028 0.624227 0.0808406 1.13905 
0.486483 0.572606 0.0841423 1.01043 
0.520925 0.594875 0.100458 1.0743 
0.501165 0.587048 0.0785475 1.03764 
0.535703 0.608803 0.0979922 1.10332 
0.530558 0.610733 0.0768988 1.09452 
0.601671 0.63093 0.150471 1.22679 
0.505699 0.578443 0.108648 1.04602 
0.605355 0.636467 0.132651 1.23386 
0.555373 0.608675 0.134114 1.1388 
0.581808 0.630376 0.11579 1.19004 
0.525193 0.584936 0.160375 1.08331 
0.534703 0.583858 0.149494 1.09925 
0.554914 0.587355 0.165971 1.13596 
0.463285 0.575469 0.0303908 0.969532 
0.858218 0.629483 0.00739148 1.67314 
0.837204 0.627845 -0.0102103 1.63648 
0.827749 0.645117 -0.00995684 1.62375 
0.82588 0.632161 -0.0141273 1.61595 
0.838262 0.621742 -0.0262792 1.63522 
0.830469 0.590702 -0.0341376 1.61166 
0.810046 0.556931 -0.0295843 1.56914 
0.813479 0.566277 -0.0393261 1.56863 
0.807283 0.567325 -0.0333591 1.5714 
0.792703 0.538506 -0.0206738 1.53314 
0.805828 0.569953 -0.0327577 1.56759 
0.817774 0.557548 -0.041829 1.57302 
0.673377 0.63103 0.20749 1.35469 
0.660751 0.60726 0.234239 1.32654 
0.609956 0.614549 0.188002 1.23754 
0.493381 0.58498 0.0583972 1.02318 
0.446401 0.560335 0.0421938 0.936757 
0.521298 0.591685 0.111702 1.07502 
0.502198 0.584246 0.0869121 1.03928 
0.568283 0.618569 0.132011 1.16379 
0.654507 0.63622 0.184559 1.32193 
0.607184 0.62165 0.172464 1.23336 
0.535543 0.62234 0.0607775 1.10742 
0.704413 0.534538 -0.0329297 1.37134 
0.841248 0.633392 -0.0169822 1.65262 
0.851094 0.626116 -0.0199377 1.65957 
0.85605 0.630272 0.000326758 1.66852 
0.829959 0.632784 -0.00314106 1.62446 
0.848225 0.634839 -0.0015155 1.65603 
0.832552 0.639078 0.00500599 1.62887 
0.843633 0.637622 0.019351 1.64915 
0.821964 0.632666 -0.000668272 1.60987 
0.811366 0.59587 -0.0136128 1.57935 
0.788663 0.550953 -0.00379318 1.5308 
0.793802 0.551786 -0.00378181 1.54325 
0.790062 0.601673 -0.0129061 1.54951 
0.793617 0.594191 -0.0165623 1.55471 
0.865756 0.623794 0.022496 1.68571 
0.854144 0.628809 0.0625677 1.66633 
0.838374 0.638371 0.0371966 1.63993 
0.803868 0.647331 0.0811014 1.58163 
0.824735 0.630449 0.13518 1.61684 
0.805507 0.612436 0.22229 1.58315 
0.661317 0.660188 0.0580401 1.33311 
0.646537 0.643435 0.152027 1.30867 
0.724042 0.644047 0.164411 1.44284 
0.74216 0.635432 0.192789 1.47473 
0.758434 0.644276 0.162343 1.50394 
0.802938 0.607231 0.245921 1.58092 
0.594274 0.650453 0.0483147 1.21665 
0.581335 0.637528 -0.0081527 1.18763 
0.481253 0.578319 0.0483196 1.00043 
0.551421 0.638116 0.0195649 1.13915 
0.835194 0.643587 0.00778495 1.63874 
0.727483 0.638402 -0.0118782 1.43863 
0.825117 0.642966 0.0240693 1.61611 
0.758543 0.659268 0.0627336 1.50244 
0.829879 0.643682 0.0109203 1.6255 
0.830448 0.648023 0.00166288 1.63104 
0.814023 0.626363 0.0155408 1.59465 
0.799465 0.646419 0.00311027 1.57136 
0.846459 0.630734 -0.00894284 1.65252 
0.853075 0.62033 -0.0299283 1.66131 
0.842115 0.627757 -0.0219888 1.64492 
0.847064 0.617774 -0.0319201 1.65038 
0.831144 0.609093 -0.0273201 1.61783 
0.830357 0.490536 -0.0534941 1.58539 
0.833429 0.493208 -0.0526699 1.59306 
0.832403 0.474511 -0.0567948 1.58626 
0.842055 0.5271 -0.0508318 1.6223 
0.828721 0.547741 -0.0431275 1.60439 
0.834364 0.534277 -0.0487235 1.60961 
0.836494 0.553399 -0.0464189 1.62236 
0.839804 0.491077 -0.0570195 1.6067 
0.842715 0.556477 -0.0475646 1.63208 
0.827957 0.513372 -0.0503231 1.58592 
0.85618 0.568569 -0.0507013 1.65618 
0.840315 0.573927 -0.0413726 1.62679 
0.84435 0.56098 -0.0469782 1.63237 
0.849267 0.592448 -0.0429283 1.64801 
0.822874 0.557506 -0.039964 1.5959 
0.824983 0.527475 -0.0429699 1.5783 
0.827792 0.552608 -0.0410469 1.60284 
0.938744 0.570745 0.0611144 1.81072 
0.857198 0.619038 0.129198 1.67302 
0.932474 0.576712 -0.0208149 1.79889 
0.946689 0.567228 -0.00132065 1.8247 
0.922348 0.585986 -0.0122169 1.78193 
0.920897 0.589823 -0.00306465 1.78098 
0.929796 0.581477 0.0217302 1.79547 
0.940477 0.567406 0.0275631 1.81076 
0.911809 0.593867 0.0511002 1.76497 
0.911585 0.594803 0.031807 1.76406 
0.893778 0.607591 0.00231441 1.73352 
0.883729 0.61252 -0.0255132 1.71518 
0.948827 0.564938 0.0452278 1.82896 
0.904143 0.602139 0.0100831 1.75224 
0.952394 0.556618 0.000886986 1.83117 
0.944065 0.52795 0.204691 1.81761 
0.974643 0.471884 0.245716 1.86817 
0.900586 0.554761 0.230467 1.74273 
0.579047 0.633354 0.096241 1.18578 
0.649925 0.649442 0.130181 1.31524 
0.757736 0.651972 0.134843 1.50339 
0.567587 0.608464 0.147695 1.16039 
0.621457 0.631778 0.167528 1.26173 
0.7583 0.606309 0.266743 1.50195 
0.680384 0.617745 0.234551 1.36448 
0.71527 0.628434 0.223443 1.42889 
0.53715 0.587983 0.136534 1.10371 
0.488688 0.574907 0.12601 1.0158 
0.556083 0.617629 0.110309 1.14094 
0.478017 0.574129 0.0932327 0.995903 
0.513206 0.581384 0.117974 1.05987 
0.478309 0.573614 0.103262 0.996511 
0.523371 0.603272 0.086439 1.08024 
0.873658 0.620434 0.0133784 1.69955 
0.900197 0.600999 -0.00770247 1.74305 
0.883714 0.617322 0.0387067 1.71973 
0.924162 0.562301 0.175034 1.7865 
0.835574 0.640062 0.0607552 1.63708 
0.870935 0.623112 0.0866633 1.69995 
0.829475 0.619474 0.179144 1.62514 
0.559422 0.630426 0.0593034 1.151 
0.695725 0.662274 0.0138051 1.39162 
0.614869 0.645473 0.103326 1.25155 
0.88319 0.615428 0.00691227 1.71625 
0.773066 0.544121 0.00173189 1.50512 
0.812655 0.639303 -0.0032111 1.60108 
0.787156 0.544758 -0.00739891 1.52707 
0.801598 0.595182 0.00455916 1.57115 
0.799144 0.596402 -0.00116155 1.56742 
0.787235 0.584956 -0.0147448 1.53232 
0.793378 0.544837 -0.0129574 1.53642 
0.796179 0.583435 -0.0229448 1.54805 
0.83141 0.635898 -0.0189861 1.62713 
0.816325 0.603899 -0.0159444 1.58886 
0.824156 0.609412 -0.025183 1.60515 
0.960501 0.539348 -0.046439 1.84142 
0.957882 0.55325 0.0137538 1.84191 
0.961996 0.547935 -0.00631757 1.84841 
0.966638 0.539165 0.0148546 1.85395 
0.985411 0.515351 0.0116679 1.88514 
0.985874 0.516327 0.0260919 1.88664 
0.9295 0.540026 0.211477 1.79306 
0.924902 0.538209 0.232352 1.78665 
0.921975 0.558172 0.19517 1.78354 
0.96539 0.537969 0.0827581 1.8534 
0.949194 0.549655 0.122982 1.82722 
0.957416 0.548695 0.0429048 1.8388 
1.00098 0.484022 0.0987931 1.91007 
1.00332 0.476289 0.118752 1.91417 
0.999147 0.495593 0.102128 1.91166 
0.991334 0.499254 0.123422 1.89752 
0.965542 0.531372 0.126 1.85491 
0.974987 0.522306 0.113297 1.86997 
0.988278 0.506095 0.0999184 1.89109 
0.985632 0.507162 0.115248 1.88717 
0.971868 0.528513 0.0911688 1.86395 
0.797428 0.59099 -0.022214 1.56123 
0.809017 0.569691 -0.0236767 1.56776 
0.835328 0.630778 -0.0157599 1.63318 
0.82196 0.643556 -0.00531639 1.61275 
0.781294 0.525534 -0.00170297 1.51866 
0.811206 0.613382 -0.00759905 1.58426 
0.829057 0.644802 0.00173443 1.62403 
0.815106 0.625295 -0.00923115 1.59274 
0.826067 0.635734 -0.00187518 1.62072 
0.786634 0.588224 -0.013063 1.53374 
0.792747 0.580751 -0.0206651 1.53953 
0.789009 0.551478 -0.0084767 1.53166 
0.798272 0.590665 -0.00590424 1.55747 
0.793307 0.586372 -0.000352062 1.54781 
0.679281 0.639813 0.0359729 1.35088 
0.806246 0.522507 0.0149762 1.5686 
0.853926 0.634556 -0.0112483 1.67344 
0.816805 0.628111 0.00372223 1.59841 
0.845939 0.620527 0.0183496 1.65611 
0.384156 0.540621 0.0806748 0.823568 
0.80228 0.614696 0.01506 1.58944 
0.460615 0.564942 0.039077 0.962838 
0.526126 0.615492 -0.0194858 1.07566 
0.551398 0.603538 -0.0480431 1.12561 
0.849788 0.613632 0.00228319 1.66733 
0.828733 0.58034 0.0316399 1.62151 
0.7961 0.632768 0.00134338 1.56897 
0.798815 0.569258 0.00394106 1.55195 
0.790834 0.626035 0.00112694 1.55842 
0.644338 0.611999 0.0571679 1.29793 
0.789432 0.576592 -0.00398957 1.53922 
0.463362 0.57434 0.0629023 0.967853 
0.862835 0.589415 0.00822203 1.68664 
0.836219 0.478644 0.0264229 1.61857 
0.434521 0.543672 0.0311447 0.913104 
0.72094 0.596863 0.067872 1.41831 
0.503894 0.599911 0.0600924 1.0463 
0.513869 0.600885 0.0653132 1.06252 
0.477613 0.574875 0.0426088 0.993868 
0.444869 0.559135 0.0580216 0.933692 
0.474045 0.568257 0.0718897 0.987621 
0.835897 0.573665 0.280592 1.63345 
0.694002 0.599817 0.257023 1.38556 
0.804559 0.596644 0.270954 1.5831 
0.66862 0.640955 0.17649 1.34755 
0.814526 0.59445 0.265028 1.60018 
0.783947 0.618928 0.22957 1.54848 
0.74672 0.618707 0.246517 1.4837 
0.7367 0.629113 0.2206 1.46655 
0.850229 0.591741 0.221665 1.65793 
0.494129 0.579381 0.113648 1.02575 
0.73175 0.617643 0.252915 1.45726 
0.601707 0.59236 0.237279 1.22294 
0.56705 0.582295 0.190704 1.1577 
0.621122 0.579532 0.232692 1.25444 
0.87851 0.558147 0.222379 1.70149 
0.904783 0.429206 0.181844 1.73121 
0.861153 0.57166 0.240854 1.67361 
0.472704 0.567893 0.0641083 0.984857 
0.46396 0.568516 0.0839426 0.96995 
0.465356 0.569534 0.0723649 0.97212 
0.487927 0.572699 0.0945412 1.01339 
0.889832 0.455073 0.122311 1.70363 
0.847001 0.56694 0.294079 1.65271 
0.592245 0.602618 0.187516 1.20418 
0.601577 0.58143 0.211382 1.21957 
0.547309 0.578901 0.171212 1.12207 
0.526537 0.58907 0.174837 1.08715 
0.506914 0.580638 0.148428 1.04985 
0.508465 0.581655 0.137988 1.05226 
0.557636 0.592432 0.195194 1.14327 
0.842249 0.58863 0.242975 1.64538 
0.95564 0.489862 0.257385 1.83635 
0.764413 0.397645 0.502216 1.50559 
0.97528 0.455524 0.274308 1.86934 
0.877926 0.537952 0.308423 1.70766 
0.947507 0.504394 0.243253 1.82146 
0.928133 0.506407 0.28169 1.78983 
0.920165 0.50703 0.302933 1.77917 
0.919635 0.524093 0.274298 1.77859 
0.916328 0.530745 0.257682 1.77009 
1.01472 0.361952 0.292688 1.9295 
1.00029 0.40198 0.290122 1.90937 
0.932672 0.433713 0.373564 1.79582 
0.944839 0.381386 0.412994 1.81712 
0.965777 0.339244 0.420014 1.85197 
0.874058 0.37266 0.485754 1.69617 
0.905062 0.451882 0.394517 1.75129 
0.925268 0.489137 0.315796 1.78518 
0.968134 0.38436 0.374029 1.85486 
0.87578 0.490373 0.380923 1.70375 
1.01579 0.386661 0.268159 1.93438 
1.02126 0.373029 0.268359 1.94205 
1.03304 0.337408 0.270436 1.96001 
1.02346 0.318525 0.31626 1.94378 
0.99085 0.39712 0.313061 1.89216 
1.00025 0.423689 0.256986 1.90909 
0.978961 0.436107 0.289831 1.87355 
0.973806 0.412729 0.331383 1.86444 
0.957625 0.474039 0.286756 1.8409 
0.991202 0.442622 0.247292 1.8936 
1.01847 0.427881 0.17014 1.93623 
1.04193 0.38906 0.162975 1.97682 
1.03066 0.389316 0.194822 1.95463 
1.03961 0.385713 0.178492 1.97241 
1.02865 0.408439 0.173048 1.95329 
1.03214 0.408927 0.159989 1.95995 
1.05416 0.360429 0.174038 1.9985 
1.04709 0.380523 0.162761 1.98626 
1.04872 0.373784 0.150738 1.98614 
1.03709 0.373695 0.206505 1.96707 
1.01456 0.419424 0.205154 1.92953 
1.01397 0.415812 0.224045 1.93077 
0.991037 0.4206 0.280564 1.89253 
0.998603 0.440598 0.23427 1.90706 
0.99765 0.465591 0.185035 1.90566 
0.998984 0.448785 0.222684 1.90891 
0.984902 0.466401 0.214619 1.8822 
0.940162 0.365379 0.0860164 1.77881 
0.836026 0.587149 0.200533 1.63114 
0.856555 0.487125 0.165269 1.65117 
0.841729 0.586488 0.218243 1.63966 
0.868386 0.574791 0.220125 1.68704 
0.883398 0.554914 0.253775 1.7112 
0.86847 0.559497 0.2603 1.68671 
0.847452 0.582139 0.248437 1.6531 
0.846285 0.511765 0.164326 1.63937 
0.877868 0.275649 0.535177 1.70702 
0.814482 0.399352 0.499834 1.59605 
1.0254 0.331398 0.313643 1.94797 
1.01929 0.30506 0.359945 1.9399 
0.93628 0.352627 0.337995 1.78975 
0.64183 0.581049 0.281979 1.29438 
0.559848 0.588934 0.211663 1.14737 
0.661363 0.572171 0.254209 1.32484 
0.655794 0.538316 0.367038 1.31784 
0.854436 0.411445 0.311052 1.64517 
0.84282 0.449556 0.424643 1.6417 
0.787857 0.489018 0.318217 1.54066 
0.808167 0.546069 0.297027 1.58014 
0.817356 0.492207 0.294473 1.58928 
0.755247 0.572644 0.291432 1.49133 
0.694671 0.584337 0.262168 1.38333 
0.742649 0.602351 0.270128 1.47339 
0.81195 0.581562 0.283937 1.59219 
0.864095 0.538153 0.283325 1.6763 
0.861786 0.450359 0.27147 1.66041 
0.792742 0.48204 0.366429 1.55105 
0.793479 0.480068 0.442176 1.56383 
0.755594 0.522574 0.380481 1.49455 
0.840783 0.44564 0.373937 1.63409 
0.900015 0.383171 0.293295 1.72648 
0.743122 0.526185 0.407981 1.47932 
0.885662 0.410099 0.423974 1.71554 
0.911208 0.394445 0.466844 1.76326 
0.64952 0.48334 0.426933 1.30463 
0.66207 0.578056 0.307296 1.3308 
0.837109 0.589992 0.257248 1.63986 
0.790197 0.607147 0.252117 1.55862 
0.825406 0.598515 0.245239 1.6189 
0.82995 0.58889 0.258535 1.62533 
0.831889 0.601911 0.226506 1.62909 
0.845329 0.585592 0.250035 1.6516 
0.840188 0.594194 0.243966 1.64527 
0.877608 0.556581 0.267602 1.70531 
0.864205 0.578167 0.240916 1.68281 
0.885934 0.562335 0.238273 1.71794 
0.84554 0.58138 0.259789 1.65134 
0.843968 0.5865 0.250216 1.64979 
0.836925 0.585208 0.248784 1.63411 
0.790286 0.598288 0.2575 1.55287 
0.807724 0.573652 0.306534 1.5866 
0.779276 0.610563 0.248288 1.53968 
0.717826 0.587178 0.318309 1.43427 
0.76833 0.577943 0.320483 1.5203 
0.797507 0.468309 0.451492 1.56813 
0.549437 0.525931 0.327954 1.12927 
0.716371 0.571611 0.346655 1.43163 
0.789644 0.496727 0.431771 1.55692 
0.663211 0.565619 0.343865 1.33528 
0.752471 0.548121 0.375239 1.49263 
0.840412 0.584235 0.259626 1.64355 
0.835155 0.594628 0.241338 1.63549 
0.849275 0.5725 0.264676 1.65596 
0.897542 0.381306 0.231779 1.71188 
0.851059 0.437555 0.297089 1.64471 
0.704819 0.557111 0.349144 1.40694 
0.732464 0.542842 0.29782 1.44895 
0.768765 0.554956 0.300356 1.51231 
0.807162 0.468808 0.296269 1.56769 
0.75058 0.513263 0.327191 1.47873 
0.888113 0.535463 0.26173 1.7188 
0.912131 0.374549 0.197237 1.73537 
0.891665 0.479599 0.236283 1.71823 
0.895821 0.471571 0.202496 1.7226 
0.914873 0.414909 0.128358 1.74634 
0.889891 0.440642 0.246442 1.70973 
0.943066 0.315263 0.157094 1.78762 
0.976325 0.264057 0.461996 1.86982 
0.916234 0.308068 0.496804 1.76796 
0.94493 0.353407 0.429454 1.81663 
0.789679 0.365024 0.5132 1.55075 
0.915783 0.38381 0.338152 1.75987 
0.598719 0.584258 0.261874 1.21783 
0.673906 0.558039 0.279489 1.34707 
0.779582 0.585739 0.286267 1.53654 
0.620427 0.600489 0.213762 1.25453 
0.657776 0.624335 0.214985 1.32581 
0.85887 0.498272 0.285481 1.66324 
0.630625 0.566014 0.310255 1.27175 
0.701396 0.567281 0.32068 1.40042 
0.732883 0.529464 0.314278 1.44937 
0.741926 0.535625 0.362284 1.47069 
0.669452 0.556529 0.346846 1.34409 
0.675137 0.527551 0.387363 1.35398 
0.974985 0.323617 0.269597 1.85764 
0.75597 0.452683 0.47466 1.49838 
1.06239 0.301405 0.219731 2.0071 
1.0654 0.198463 0.300967 2.01171 
1.03624 0.165012 0.392184 1.96379 
0.88827 0.381394 0.483369 1.72232 
0.981037 0.319679 0.426592 1.87802 
1.04613 0.215391 0.354097 1.98249 
1.08811 0.153375 0.244821 2.04821 
0.997521 0.188025 0.453212 1.90059 
1.07806 0.0994274 0.297634 2.02965 
0.962904 0.0222675 0.498184 1.82958 
0.808617 0.324694 0.544794 1.58693 
1.04676 0.297246 0.268009 1.9826 
1.08405 0.249592 0.177895 2.04074 
1.07452 0.225267 0.270595 2.0306 
1.09099 0.184196 0.223853 2.05518 
1.09272 0.18329 0.199355 2.05487 
1.10863 0.131828 0.166564 2.08345 
0.880159 0.175041 0.562682 1.70043 
1.08099 0.205795 0.230776 2.03497 
0.969152 0.135807 0.509555 1.86334 
1.08974 0.229417 0.172637 2.05079 
1.06273 0.0901361 0.365667 2.01127 
1.08639 0.221786 0.218533 2.04886 
1.07418 0.249826 0.217967 2.02442 
1.08861 0.21672 0.187525 2.0477 
1.09265 0.22385 0.163305 2.0554 
1.09533 0.213688 0.162585 2.06016 
1.10169 0.121138 0.219056 2.07315 
1.10101 0.0493641 0.254063 2.07324 
1.08182 0.151621 0.28476 2.04149 
1.09913 0.192958 0.161694 2.06651 
1.09958 0.203307 0.152037 2.06754 
1.04286 0.00775508 0.419918 1.98771 
1.1207 0.0431718 0.147722 2.10425 
1.0715 -0.0751896 0.312291 2.02272 
1.11172 0.0706953 0.175485 2.08753 
1.10247 0.0803647 0.211924 2.06991 
1.10095 -0.0229665 0.258694 2.07376 
1.05419 -0.0895943 0.344109 1.9819 
1.10227 0.140297 0.189197 2.07122 
1.10069 0.19974 0.150705 2.07018 
1.09989 0.194003 0.155325 2.06791 
1.09829 0.203614 0.155893 2.06489 
1.09543 0.206829 0.168101 2.06 
1.09863 0.202397 0.153395 2.06526 
1.09986 0.188482 0.168491 2.06878 
1.09639 0.197248 0.184917 2.06375 
1.09739 0.21026 0.155502 2.06373 
1.09448 0.214528 0.165279 2.05869 
1.09919 0.205602 0.152027 2.06751 
1.10368 0.196688 0.120614 2.07458 
1.10665 0.196534 0.0848336 2.07891 
1.10998 0.158884 0.11523 2.08413 
1.09879 0.203228 0.148741 2.0658 
1.10332 0.190344 0.14657 2.07519 
1.09783 0.19993 0.162613 2.06416 
1.10879 0.150957 0.147612 2.08334 
1.09356 0.205359 0.182318 2.05733 
1.10073 0.17319 0.167418 2.06841 
1.10191 0.163761 0.186251 2.07314 
1.10094 0.200046 0.138434 2.06981 
1.09743 0.215129 0.144108 2.06438 
1.09752 0.218874 0.151033 2.0661 
1.0967 0.22294 0.13287 2.06302 
1.1013 0.217315 0.104212 2.07059 
1.0989 0.214876 0.133542 2.06709 
1.09176 0.241412 0.129078 2.05376 
1.1133 0.155714 0.0752465 2.08916 
1.10206 0.214573 0.0891028 2.07074 
1.11148 0.169051 0.0609897 2.08542 
1.12474 0.059531 0.0707296 2.1104 
1.12348 -0.0275634 0.0562912 2.10409 
1.10106 -0.0813818 0.17745 2.06113 
1.09861 0.203493 0.155616 2.06556 
1.08429 0.290931 0.12235 2.04583 
1.10021 0.208813 0.117879 2.06757 
1.08587 0.256606 0.156255 2.04569 
1.0861 0.255386 0.146503 2.04457 
1.09086 0.244696 0.145659 2.05428 
1.0941 0.229569 0.142247 2.05889 
1.09123 0.234013 0.159451 2.05468 
1.09318 0.227759 0.151036 2.05731 
1.0957 0.223206 0.153455 2.06266 
1.10048 0.207939 0.144594 2.07081 
1.09652 0.211812 0.153407 2.06213 
1.0988 0.202147 0.153749 2.06566 
1.09701 0.208943 0.156747 2.0628 
1.0968 0.209317 0.162621 2.06314 
1.09431 0.213856 0.170814 2.05887 
1.08356 0.233358 0.191412 2.0389 
1.0941 0.22356 0.164021 2.05963 
1.09027 0.222214 0.185744 2.05257 
1.11681 0.13667 0.113159 2.09861 
1.11193 0.16165 0.093646 2.08773 
1.10667 0.175326 0.126779 2.07931 
1.10561 0.182455 0.0963431 2.07484 
1.1171 0.138899 -0.0112484 2.09434 
1.12282 0.0851777 -0.00163532 2.10425 
1.12125 0.130213 0.020951 2.10347 
1.11706 0.124189 0.0758395 2.09453 
1.11643 0.139525 0.0366304 2.09313 
1.11572 0.15631 0.023232 2.09276 
1.10908 0.19305 0.0396348 2.08203 
1.1101 0.190036 -0.0108322 2.08379 
1.11123 0.14516 0.122468 2.08626 
1.10493 0.17956 0.143548 2.07716 
1.10664 0.187162 0.114927 2.07991 
1.11594 0.140754 0.0641868 2.09306 
1.10517 0.168953 0.154361 2.07761 
1.12104 0.103224 0.104883 2.10543 
1.11314 0.109165 0.154109 2.09044 
1.1122 0.112482 0.125879 2.08563 
1.11646 -0.0233467 0.149401 2.09569 
1.08672 0.244901 0.177889 2.04777 
1.09021 0.234112 0.174613 2.0536 
1.08371 0.258414 0.182855 2.04362 
1.0828 0.259421 0.175893 2.04145 
1.11785 0.0664776 0.106129 2.09506 
1.11389 0.131448 0.0992334 2.08872 
1.12371 0.031801 0.0420165 2.10484 
1.12066 0.0951923 0.0575025 2.10011 
1.12181 0.0996839 0.0290839 2.10239 
1.12342 0.0477139 -0.00283498 2.10431 
1.07917 0.302008 0.141287 2.03819 
1.10462 0.220641 -0.0185609 2.07544 
1.09792 0.24616 -0.0163772 2.06354 
1.1004 0.237376 -0.0273068 2.06825 
1.10494 0.222522 -0.000253222 2.07641 
1.10689 0.202188 -0.0289637 2.07791 
1.09968 0.247743 0.0252702 2.06841 
1.10613 0.20632 0.0557579 2.07758 
1.10787 0.192729 0.0688494 2.08033 
1.1009 0.231516 0.0770072 2.07029 
1.09694 0.252663 0.0811262 2.06499 
1.08877 0.286893 0.0913636 2.05308 
1.09046 0.285001 0.0760454 2.05578 
1.09551 0.263775 -0.000319879 2.06122 
1.07659 0.26795 0.176315 2.0265 
1.10826 0.199967 0.0181465 2.08084 
1.11362 0.169778 0.0392144 2.09025 
1.11563 0.156361 -0.0342333 2.09321 
1.12048 0.106905 -0.0282283 2.10009 
1.08164 0.305711 0.0876361 2.0399 
1.08852 0.298012 0.053822 2.05296 
1.09524 0.25669 0.0963022 2.06274 
1.09003 0.27623 0.101628 2.05453 
1.09806 0.254549 0.0525323 2.06648 
1.09074 0.281848 0.02064 2.05346 
1.08692 0.298984 0.0202145 2.04832 
1.09175 0.280415 0.00966931 2.05565 
1.10284 0.226492 0.0620019 2.0733 
1.11282 0.166951 -0.017665 2.08713 
1.09368 0.274471 0.0231459 2.05921 
1.09604 0.270073 0.0582382 2.06528 
1.09379 0.246778 0.106855 2.05777 
1.09899 0.229754 0.105427 2.06732 
1.0963 0.227346 0.122744 2.06157 
1.08335 0.277833 0.145329 2.043 
1.09347 0.252803 0.121207 2.05979 
1.09229 0.240865 0.13923 2.05619 
1.08283 0.300238 0.111692 2.04354 
1.08287 0.290914 0.137721 2.04403 
1.08878 0.278857 0.117629 2.05358 
1.08853 0.26514 0.126422 2.05067 
1.07806 0.310238 0.117359 2.03498 
1.09575 0.256083 -0.0129192 2.06014 
1.09559 0.244452 0.106877 2.0556 
1.07703 0.230579 0.222758 2.02903 
1.09147 0.232076 0.167742 2.05552 
1.09056 0.221857 0.176204 2.05183 
1.08781 0.247292 0.162442 2.04949 
1.08501 0.248678 0.171082 2.04392 
1.08329 0.250252 0.18864 2.04141 
1.08365 0.256768 0.171572 2.04242 
1.07996 0.2633 0.177342 2.03564 
1.08093 0.269104 0.173067 2.03872 
1.08958 0.240935 0.157656 2.05193 
1.07506 0.304679 0.155746 2.03052 
1.06493 0.324283 0.176313 2.01413 
1.07663 0.31002 0.133553 2.03305 
1.07834 0.322225 0.00821407 2.03317 
1.07586 0.326203 0.00704187 2.02821 
1.07761 0.321005 0.00475298 2.0311 
1.09107 0.273094 -0.019022 2.05242 
1.07614 0.330577 0.057534 2.03137 
1.0848 0.303794 0.0732757 2.04633 
1.09415 0.268869 0.0705187 2.06086 
1.08355 0.298646 0.0977517 2.04361 
1.07623 0.327167 0.0756365 2.03166 
1.07496 0.325984 0.100168 2.03009 
1.07461 0.322839 0.114494 2.02961 
1.06216 0.358042 0.104038 2.00852 
1.06258 0.359862 0.0846106 2.0086 
1.06903 0.343443 0.0838184 2.01923 
1.0658 0.347738 0.108254 2.01469 
1.07057 0.332633 0.124095 2.02357 
1.05294 0.378523 0.110644 1.99336 
1.07782 0.326127 0.0114905 2.03301 
1.09888 0.250838 0.0122415 2.06687 
1.10475 0.214782 0.0162884 2.07432 
1.10415 0.229489 0.0289726 2.0761 
1.08353 0.312062 0.0235147 2.04335 
1.08051 0.324897 0.0298594 2.03941 
1.07834 0.329163 0.0208014 2.03517 
1.10042 0.24014 -0.00109557 2.06833 
1.09686 0.259765 0.0383969 2.06421 
1.09976 0.235179 0.0492712 2.06658 
1.09046 0.292542 0.0261724 2.0556 
1.09062 0.279915 0.0459201 2.05338 
1.09011 0.290237 0.0461817 2.05462 
1.09559 0.263065 0.0107719 2.0612 
1.09417 0.272921 0.0340471 2.06025 
1.09477 0.264531 -0.0211387 2.05985 
1.09226 0.27401 0.000463859 2.05535 
1.09069 0.2791 -0.00997464 2.05283 
1.08824 0.292119 0.00450588 2.04978 
1.08576 0.301232 0.000772336 2.04596 
1.08461 0.307631 0.0131373 2.04478 
1.08262 0.31159 0.00596614 2.04088 
1.08637 0.292157 -0.0100865 2.04522 
1.08765 0.288024 -0.00583409 2.04734 
1.08278 0.302114 -0.00581595 2.03883 
1.08543 0.299419 0.00549927 2.04457 
1.08211 0.306402 -0.00207447 2.03828 
1.08278 0.306729 0.00178098 2.03995 
1.0806 0.315767 0.00535928 2.037 
1.07983 0.314078 0.00184025 2.03468 
1.08022 0.309751 -0.0020728 2.03446 
1.07637 0.328508 0.010773 2.03009 
1.078 0.31712 0.00135718 2.03095 
1.07257 0.332799 0.00836453 2.02199 
1.07234 0.343132 0.0182223 2.02445 
1.0741 0.334827 0.0131134 2.02631 
1.07343 0.342799 0.0194735 2.02701 
1.06935 0.349551 0.0168823 2.01912 
1.06973 0.343385 0.0132733 2.01821 
1.07036 0.345026 0.0150546 2.02021 
1.07033 0.340841 0.012409 2.01891 
1.0718 0.348535 0.0209252 2.02475 
1.07079 0.350159 0.0202766 2.02275 
1.07096 0.345572 0.0168417 2.02182 
1.07186 0.349945 0.0231372 2.02528 
1.07282 0.340186 0.0154342 2.02476 
1.07297 0.346938 0.023874 2.02712 
1.06838 0.354767 0.0196806 2.0183 
0.994515 0.248905 0.447978 1.90264 
1.07047 0.3502 0.0229136 2.02239 
1.0698 0.351195 0.0231018 2.02104 
1.07001 0.353251 0.0227772 2.0221 
1.07164 0.337585 0.0113775 2.02113 
1.07234 0.335136 0.0102909 2.02211 
1.07264 0.337018 0.0120389 2.02339 
1.0702 0.355924 0.0260366 2.02316 
1.06867 0.353577 0.0191077 2.01866 
1.06798 0.354987 0.0196378 2.0174 
1.06837 0.351715 0.0177806 2.01739 
1.07022 0.34269 0.0137076 2.01921 
1.06698 0.364287 0.0166709 2.01779 
1.06948 0.357564 0.0204864 2.02186 
1.06774 0.362503 0.0192787 2.01908 
1.06863 0.357497 0.0227673 2.01992 
1.06922 0.352287 0.0230803 2.01994 
1.06809 0.355712 0.0229027 2.01812 
1.06729 0.36465 0.0222744 2.01877 
1.06772 0.363637 0.0220425 2.01943 
1.06773 0.363671 0.0225199 2.01949 
1.06888 0.358549 0.0266171 2.02076 
1.06704 0.364831 0.0242547 2.01828 
1.06667 0.365049 0.0191553 2.01732 
1.06711 0.364226 0.0199961 2.01811 
1.06947 0.35476 0.0298131 2.02112 
1.06833 0.355342 0.0405575 2.01883 
1.06818 0.360237 0.0264139 2.01957 
1.0689 0.357695 0.0317907 2.02074 
1.067 0.35765 0.0372188 2.01615 
1.06609 0.360287 0.031963 2.01459 
1.06664 0.363907 0.0280855 2.01707 
1.06642 0.351808 0.018479 2.0127 
1.06664 0.353055 0.0192987 2.01362 
1.06705 0.353956 0.0189774 2.01487 
1.06721 0.355679 0.019883 2.01576 
1.06781 0.351988 0.0178027 2.01613 
1.0679 0.357231 0.0206838 2.0179 
1.06731 0.358572 0.0215567 2.01692 
1.06749 0.348667 0.0158129 2.01433 
1.06768 0.359 0.0218232 2.01791 
1.06673 0.350855 0.0175028 2.01316 
1.06733 0.36446 0.0218342 2.01878 
1.04063 0.429306 0.0201411 1.97691 
1.05943 0.382706 0.0327373 2.00583 
1.04307 0.419652 0.0510216 1.98006 
1.05145 0.405944 0.0244816 1.99441 
1.04429 0.412711 0.0616262 1.98092 
1.081 0.318076 0.0150798 2.03843 
1.07512 0.333218 0.0235598 2.02831 
1.07343 0.341276 0.01749 2.02641 
1.07572 0.339126 0.00269507 2.03133 
1.02518 0.454477 -0.0358786 1.9504 
1.03043 0.441519 -0.0581752 1.95866 
1.03227 0.440344 -0.091973 1.96425 
1.03898 0.423896 -0.0844978 1.97417 
1.03376 0.431503 -0.0883817 1.9647 
1.02945 0.45478 -0.102512 1.96205 
1.03206 0.430457 -0.104038 1.96144 
1.04919 0.400846 -0.0720821 1.98905 
1.03937 0.428237 -0.0498338 1.97452 
1.03752 0.424785 -0.0725716 1.96991 
1.03486 0.432903 -0.0549471 1.96568 
1.03279 0.434957 -0.0736343 1.96253 
1.04366 0.418163 -0.0351048 1.98033 
1.0425 0.416854 -0.0526779 1.97775 
1.04965 0.406234 -0.0476565 1.9909 
1.06303 0.371112 0.00534492 2.01022 
1.06831 0.360308 0.0170721 2.01971 
1.0692 0.356675 0.00806053 2.02068 
1.07135 0.348967 0.0182337 2.02372 
1.07066 0.352296 0.0149527 2.02291 
1.07254 0.345728 0.0152871 2.02555 
1.071 0.349918 0.0128242 2.02296 
1.07638 0.333998 0.00752563 2.03142 
1.07237 0.346735 0.0096805 2.02532 
1.07362 0.345073 0.00263923 2.02797 
1.06326 0.370678 0.0116569 2.01067 
1.06573 0.363613 0.0158371 2.01443 
1.06445 0.365724 0.0179127 2.012 
1.07185 0.344159 0.0166097 2.02359 
1.07085 0.344626 0.0152111 2.02129 
1.07158 0.34192 0.0145841 2.02226 
1.07104 0.338056 0.011113 2.0198 
1.07168 0.335953 0.0100951 2.02072 
1.0706 0.352802 0.0217249 2.0231 
1.07006 0.350958 0.0190711 2.02124 
1.07187 0.344736 0.0183329 2.02376 
1.07029 0.348721 0.0177796 2.02114 
1.07096 0.33998 0.0126505 2.0202 
1.06778 0.363684 0.023006 2.0196 
1.06769 0.363697 0.0235732 2.01946 
1.06737 0.363985 0.0228617 2.01871 
1.06784 0.363633 0.0232227 2.01975 
1.06755 0.361133 0.0225532 2.01827 
1.06774 0.363303 0.0235514 2.0194 
1.06785 0.362555 0.0230531 2.01945 
1.06774 0.362184 0.0229187 2.01907 
1.06766 0.36029 0.0223958 2.01831 
1.06745 0.35961 0.0222 2.01759 
1.0674 0.357133 0.0218993 2.01679 
1.0668 0.354965 0.0206155 2.01463 
1.06706 0.357208 0.0214313 2.01594 
1.06694 0.354031 0.0208181 2.01474 
1.0668 0.353652 0.0203791 2.01425 
1.06818 0.36121 0.0237264 2.01981 
1.06883 0.359639 0.0240331 2.0209 
1.06749 0.360637 0.0223653 2.01798 
1.07022 0.347121 0.0161325 2.02052 
1.06948 0.351341 0.0183461 2.01996 
1.06963 0.347331 0.0158311 2.01914 
1.07126 0.350676 0.0284395 2.02418 
1.07126 0.347816 0.0356643 2.02354 
1.07023 0.352751 0.0316689 2.0224 
1.06911 0.355965 0.0296578 2.02061 
1.06752 0.362411 0.0262174 2.01869 
1.06816 0.360455 0.0273802 2.01967 
1.06737 0.361397 0.0297239 2.01809 
1.06739 0.360089 0.0298322 2.01772 
1.06525 0.36415 0.0288119 2.01372 
1.06479 0.364926 0.02469 2.01273 
1.06734 0.363462 0.024356 2.01853 
1.06771 0.362588 0.0247295 2.01914 
1.06927 0.359091 0.0250887 2.02183 
1.06957 0.356177 0.0223486 2.02163 
1.07044 0.354024 0.0241049 2.02307 
1.06934 0.357549 0.0248941 2.0215 
1.0681 0.361473 0.0249861 2.01974 
1.06782 0.362921 0.0239064 2.01947 
1.06775 0.362225 0.023364 2.01907 
1.06816 0.360168 0.0231958 2.01942 
1.06893 0.357399 0.0220746 2.02043 
1.06828 0.358114 0.0214539 2.01907 
1.06954 0.354346 0.021021 2.02096 
1.06868 0.356473 0.0210281 2.01955 
1.07007 0.353395 0.0210156 2.02197 
1.06916 0.353344 0.0195337 2.01976 
1.06813 0.348224 0.0152482 2.01578 
1.06948 0.345056 0.0144645 2.01812 
1.06873 0.349635 0.0167309 2.01764 
1.06894 0.345752 0.0141366 2.017 
1.06766 0.35395 0.0187827 2.01634 
1.06749 0.350371 0.0170815 2.01487 
1.06856 0.347338 0.0154958 2.01656 
1.06684 0.351922 0.0183056 2.01375 
1.06723 0.356191 0.0214935 2.01609 
1.06651 0.353051 0.0192024 2.01332 
1.06725 0.35767 0.0216404 2.01654 
1.06679 0.354791 0.0204457 2.01454 
1.06699 0.357123 0.0208285 2.01569 
1.06693 0.355476 0.0199029 2.01504 
1.06761 0.360882 0.0227333 2.01832 
1.0674 0.358969 0.0217991 2.01723 
1.06714 0.357328 0.0208109 2.01611 
1.06752 0.357414 0.0207485 2.017 
1.06792 0.361313 0.0231812 2.0192 
1.06649 0.353105 0.0195736 2.01329 
1.06653 0.353078 0.0198721 2.01342 
1.0674 0.356143 0.0217592 2.01651 
1.06777 0.358967 0.0224698 2.01824 
1.06728 0.353945 0.0217031 2.01559 
1.06697 0.353506 0.0207146 2.01467 
1.06713 0.353528 0.0212866 2.01508 
1.0446 0.394638 -0.125802 1.98091 
1.04318 0.381578 -0.147915 1.98 
1.04857 0.382831 -0.13438 1.98823 
1.05168 0.364176 -0.143392 1.99485 
1.05792 0.352422 -0.132739 2.00403 
1.06783 0.361787 0.0228747 2.0192 
1.06734 0.353831 0.0220589 2.01572 
1.06724 0.353529 0.0217223 2.01538 
1.06716 0.354009 0.0212564 2.01531 
1.06759 0.356873 0.0222238 2.0172 
1.06774 0.360009 0.0225144 2.01845 
1.0679 0.362625 0.0228997 2.0196 
1.06095 0.355034 -0.125069 2.00809 
1.0677 0.353362 0.0225938 2.01649 
1.06741 0.353473 0.0219491 2.01578 
1.0679 0.359649 0.0228106 2.01875 
1.06758 0.355842 0.0223484 2.0169 
1.06742 0.356915 0.0221553 2.01679 
1.06764 0.358762 0.022518 2.01787 
1.06742 0.355778 0.0220632 2.01648 
1.06277 0.337507 -0.130961 2.0127 
1.06398 0.334714 -0.123695 2.01359 
1.06473 0.345597 -0.120401 2.01444 
1.06772 0.363101 0.0199963 2.01924 
1.06833 0.360735 0.0198279 2.01997 
1.06865 0.359326 0.0184308 2.02025 
1.06952 0.356533 0.0218032 2.02177 
1.06805 0.35739 0.0230418 2.0185 
1.06861 0.360426 0.0216738 2.02063 
1.06889 0.356005 0.0228394 2.02015 
1.06865 0.358951 0.0225634 2.02038 
1.0694 0.354873 0.0227678 2.02106 
1.06889 0.358808 0.0221264 2.0209 
1.06858 0.360069 0.0210517 2.0204 
1.06932 0.358165 0.0211903 2.02169 
1.06996 0.356204 0.0203044 2.02262 
1.07065 0.353047 0.0222751 2.02358 
1.06919 0.354653 0.0231057 2.02051 
1.07001 0.35264 0.0227684 2.02192 
1.06789 0.363037 0.0221859 2.01966 
1.06825 0.358271 0.023 2.01922 
1.06796 0.357942 0.0228669 2.01843 
1.06805 0.361169 0.0227617 2.01953 
1.06788 0.362545 0.0226861 2.01951 
1.06937 0.357014 0.0223463 2.02156 
1.06818 0.360734 0.0223723 2.01971 
1.06829 0.361373 0.0215659 2.02011 
1.06763 0.356189 0.0226459 2.01712 
1.06817 0.360623 0.0227573 2.01969 
1.06786 0.362601 0.0212977 2.01942 
1.06856 0.354574 0.0229859 2.01895 
1.06775 0.35494 0.0227003 2.01706 
1.06794 0.352757 0.0227339 2.01692 
1.06747 0.35316 0.0223361 2.01586 
1.07712 0.31947 -0.100143 2.03289 
1.06707 0.32677 -0.12221 2.01872 
1.0714 0.31077 -0.116615 2.02536 
1.08628 0.265533 -0.0918623 2.0492 
1.08843 0.295805 -0.016521 2.05109 
1.08681 0.289337 -0.0827388 2.04725 
1.08539 0.295264 -0.0680488 2.04525 
1.08114 0.308437 -0.082785 2.03868 
1.0661 0.34962 -0.115107 2.01582 
1.05593 0.383303 -0.0717297 1.99922 
1.0528 0.374338 -0.128499 1.99489 
1.07009 0.322212 -0.115151 2.02341 
1.07242 0.331517 -0.110922 2.02618 
1.07417 0.327945 -0.102694 2.02796 
1.07053 0.349857 -0.0815688 2.02491 
1.06913 0.346808 -0.101186 2.02173 
1.07217 0.338364 -0.0840256 2.02552 
1.07731 0.329637 -0.0706374 2.03478 
1.06537 0.3558 -0.0919416 2.01472 
1.06546 0.36524 -0.0294231 2.01461 
1.06529 0.365038 -0.0080975 2.01379 
1.06359 0.372367 -0.022876 2.01229 
1.08187 0.317098 -0.0188379 2.04044 
1.08349 0.311593 -0.041365 2.04356 
1.08643 0.298396 -0.0425548 2.0474 
1.09561 0.260007 0.00245916 2.06049 
1.05501 0.388904 -0.0534541 1.99797 
1.05881 0.381026 -0.062203 2.00497 
1.04883 0.402698 -0.0646104 1.98841 
1.05227 0.390584 -0.0781169 1.99326 
1.06096 0.371859 -0.0800834 2.00822 
1.05834 0.341876 -0.136039 2.00454 
1.06273 0.361438 -0.10829 2.011 
1.06791 0.343513 -0.109741 2.0182 
1.06334 0.362533 -0.0958151 2.01227 
1.05359 0.361543 -0.135068 1.99644 
1.05831 0.365897 -0.121071 2.00347 
1.05504 0.376007 -0.123029 1.99863 
1.06888 0.35241 0.0231928 2.01912 
1.06822 0.352818 0.0229017 2.01762 
1.06831 0.354718 0.0229136 2.01838 
1.08249 0.29985 -0.0992539 2.04221 
1.07033 0.352713 -0.00166031 2.02218 
1.07481 0.30568 -0.109108 2.03062 
1.07561 0.29044 -0.111998 2.03347 
1.07911 0.312275 -0.104762 2.03626 
1.08441 0.299098 -0.0898741 2.04352 
1.07815 0.318718 -0.0877703 2.03472 
1.06857 0.351838 0.0230762 2.01819 
1.08131 0.272956 -0.102823 2.04095 
1.06954 0.351333 0.0230293 2.02045 
1.08619 0.246525 -0.0928628 2.04883 
1.06835 0.36019 0.0128342 2.01975 
1.06741 0.362244 0.0174755 2.01814 
1.06676 0.363183 0.0128922 2.01681 
1.07062 0.351999 0.0208521 2.02307 
1.0699 0.356231 0.0190331 2.02241 
1.07054 0.352367 0.0195193 2.02289 
1.07113 0.345471 0.0222631 2.02239 
1.07126 0.347517 0.0228751 2.0235 
1.07091 0.34902 0.0230026 2.02313 
1.07119 0.347674 0.0233024 2.02342 
1.07078 0.34921 0.0232573 2.02287 
1.09243 0.20762 -0.0821345 2.05791 
1.07114 0.349732 0.0221175 2.0238 
1.10512 0.131501 -0.0523406 2.08143 
1.10197 0.215738 -0.0315199 2.06888 
1.09196 0.273624 -0.0338186 2.05463 
1.09057 0.28922 -0.0281815 2.05501 
1.08767 0.290737 -0.056865 2.04924 
1.09324 0.266945 -0.0688757 2.0569 
1.0936 0.23374 -0.0798328 2.06123 
1.09692 0.246826 -0.0651716 2.06232 
1.08994 0.275852 -0.0829017 2.05176 
1.07098 0.351292 0.0218227 2.02385 
1.07144 0.344845 0.0234589 2.02315 
1.10234 0.225876 0.0333228 2.07214 
1.0957 0.260919 -0.0240642 2.06096 
1.11079 0.19623 0.0174707 2.08868 
1.10069 0.188105 -0.065388 2.07227 
1.10298 0.133781 0.0134523 2.07104 
1.07097 0.34581 0.0217237 2.02203 
1.0711 0.343031 0.0240354 2.02152 
1.0707 0.341101 0.0244922 2.0201 
1.07127 0.344566 0.023125 2.02258 
1.06641 0.364715 0.0176149 2.01655 
1.0702 0.352843 0.0215419 2.02236 
1.07031 0.353685 0.0211094 2.02281 
1.07093 0.350219 0.0201144 2.02324 
1.07126 0.348186 0.0220189 2.0236 
1.07142 0.346245 0.0233424 2.02355 
1.07109 0.350034 0.0214765 2.0237 
1.07132 0.346035 0.022963 2.02318 
1.07012 0.349955 0.023282 2.02148 
1.07016 0.353775 0.0221931 2.02257 
1.07069 0.351271 0.0228471 2.02316 
1.07144 0.34401 0.0228184 2.02258 
1.07122 0.342567 0.0264271 2.02175 
1.07122 0.344447 0.0223165 2.02229 
1.07089 0.344426 0.022575 2.02142 
1.07088 0.341909 0.0238251 2.02076 
1.07067 0.350085 0.0195654 2.0225 
1.07143 0.345011 0.0214428 2.02286 
1.07092 0.343105 0.0232832 2.02115 
1.07108 0.342272 0.0239118 2.02142 
1.07138 0.346231 0.0219922 2.02324 
1.07119 0.343354 0.02322 2.022 
1.07128 0.343292 0.023752 2.02225 
1.09773 0.14491 0.186098 2.06608 
1.08485 0.294812 0.0361927 2.04221 
1.08823 0.287639 0.0673618 2.05069 
1.07731 0.322432 0.0369042 2.03103 
1.09891 0.241637 -0.0408934 2.06453 
1.10061 0.0780853 0.0370622 2.07566 
1.07888 0.00766049 0.312788 2.00715 
1.06628 0.345976 0.128564 2.0182 
1.07096 0.342482 0.0235713 2.02113 
1.0473 0.406704 0.0481137 1.9847 
1.06685 0.352924 0.0670638 2.01616 
1.06539 0.349598 0.027679 2.00921 
1.06793 0.344098 0.0277067 2.01425 
1.08652 0.294427 -0.00147916 2.04571 
1.09192 0.281108 0.0135453 2.05627 
1.0911 0.252799 0.0770802 2.05017 
1.07819 0.313283 0.0829583 2.03329 
1.07895 0.327296 0.01406 2.036 
1.08273 0.313748 0.0287946 2.04198 
1.07294 0.340824 0.0232036 2.02525 
1.07624 0.330648 0.0316245 2.03064 
1.07267 0.338108 0.0347168 2.02416 
1.01355 0.240297 0.43751 1.95097 
0.723015 0.366893 0.440987 1.40229 
1.06604 0.301299 0.166068 2.00668 
1.06961 0.348714 0.0352717 2.01995 
1.09482 0.248 0.138667 2.06125 
1.06449 0.335101 0.0911653 2.006 
1.0756 0.328237 0.049406 2.02862 
1.0701 0.341817 0.0261727 2.01885 
1.05862 0.360603 0.0558704 1.99775 
1.03213 0.405216 0.110062 1.95523 
0.562723 0.553852 0.236578 1.14114 
0.79892 0.536911 0.327622 1.56451 
0.932659 0.481597 0.223024 1.78473 
0.917655 0.363455 0.0371167 1.73604 
0.951959 0.279712 0.0440188 1.79098 
1.02063 0.411955 0.184756 1.93697 
1.04751 0.294789 0.280304 1.98219 
0.920473 0.502953 0.280294 1.76952 
0.754862 0.593121 0.0206225 1.47307 
0.893313 0.457082 0.163994 1.70454 
0.742067 0.580182 -0.111781 1.44409 
0.587845 0.598996 -0.00230633 1.17729 
0.692451 0.596487 -0.0845395 1.36218 
0.846315 0.505616 0.12586 1.62218 
0.764553 0.579588 0.0881028 1.4892 
0.809442 0.564934 -0.0673438 1.56995 
0.923459 0.496026 -0.0396081 1.76713 
0.921447 0.492851 -0.0231743 1.76346 
0.918757 0.546122 -0.0401282 1.76762 
0.685995 0.610356 0.124846 1.36513 
0.913281 0.459963 -0.000150602 1.74084 
0.922162 0.473517 -0.0169553 1.76335 
0.948948 0.260662 -0.0288341 1.7769 
0.932551 0.401306 -0.0259169 1.77227 
0.920501 0.394591 -0.0535811 1.74763 
1.01531 0.38228 0.293159 1.93445 
0.967037 0.38737 0.16058 1.83431 
0.925582 0.410944 0.00787279 1.75903 
0.930374 0.384361 -0.00621567 1.76313 
0.938804 0.335118 -0.0204035 1.77571 
1.07476 0.32876 0.00825689 2.02622 
1.07346 0.331939 0.00860944 2.02394 
1.07428 0.329591 0.00657895 2.02528 
1.07475 0.332706 0.0122881 2.0273 
1.07742 0.334284 0.025498 2.03438 
1.07837 0.326159 0.0149203 2.03439 
1.0807 0.321092 0.0154592 2.03875 
1.07182 0.34024 0.0134404 2.02234 
1.07261 0.339637 0.0138523 2.02408 
0.999578 0.495518 0.0699044 1.90992 
0.846221 0.500601 0.12823 1.62661 
0.88267 0.478312 0.097015 1.69177 
0.875743 0.508322 0.192467 1.68888 
0.821317 0.59759 0.242509 1.61161 
0.808565 0.544945 0.205465 1.58161 
0.788187 0.540172 0.173677 1.53167 
0.814873 0.593304 0.220479 1.59356 
0.699936 0.589157 0.253435 1.38555 
0.838197 0.493275 0.218969 1.62787 
0.886347 0.495565 0.363928 1.7214 
0.998681 0.497141 0.0702716 1.90863 
0.999489 0.495559 0.0710806 1.90982 
1.00518 0.486212 0.0782715 1.91931 
1.00017 0.493463 0.0794983 1.91101 
1.00129 0.491161 0.0766724 1.91234 
0.998691 0.496357 0.0734258 1.90848 
1.00194 0.492399 0.0698439 1.91399 
1.00042 0.494149 0.0720264 1.91141 
1.00045 0.494435 0.0706744 1.91151 
0.993878 0.502526 0.0716832 1.90005 
0.999625 0.495287 0.0702715 1.90995 
1.00085 0.493899 0.0693636 1.9121 
1.00036 0.494875 0.0701032 1.91148 
1.00031 0.494791 0.0697445 1.91129 
0.893309 0.549287 0.257192 1.73082 
0.858789 0.579505 0.252844 1.67609 
0.928023 0.521431 0.245694 1.78741 
0.855443 0.56947 0.279482 1.67069 
0.893656 0.541484 0.282664 1.73482 
0.893305 0.532827 0.297401 1.73372 
0.843499 0.584053 0.259359 1.64959 
0.943174 0.547395 0.164861 1.81882 
0.956553 0.523886 0.191551 1.8408 
0.900227 0.571462 0.195669 1.74437 
0.887116 0.590232 0.183482 1.72549 
0.904497 0.586399 0.147925 1.75416 
0.878882 0.602454 0.152717 1.71089 
0.859813 0.600029 0.190725 1.67642 
0.620353 0.651597 0.0667197 1.26335 
0.782566 0.653749 0.00655875 1.54369 
0.721886 0.661383 0.0926413 1.44125 
0.749762 0.658585 0.0255801 1.48522 
0.784627 0.656724 0.0316239 1.54806 
0.792194 0.645173 0.119105 1.56081 
0.679378 0.649561 0.135433 1.3645 
0.67811 0.656222 0.0976946 1.36334 
0.797889 0.621626 0.210643 1.57221 
0.714964 0.638204 0.19641 1.42919 
0.802238 0.630932 0.184205 1.58046 
0.970557 0.536303 0.0636001 1.86318 
0.841173 0.580959 0.270334 1.64611 
0.866808 0.586466 0.217067 1.6875 
0.898585 0.567979 0.219078 1.74375 
1.03734 0.431329 0.0546554 1.97096 
1.04593 0.413152 0.0759456 1.98598 
1.03531 0.430965 0.0821378 1.96759 
1.00926 0.48347 0.0622554 1.92665 
1.01294 0.472965 0.082119 1.93193 
1.01892 0.460971 0.0887452 1.94132 
1.01158 0.471967 0.0952553 1.92933 
1.0053 0.475674 0.105349 1.91701 
1.00456 0.482652 0.0918839 1.91727 
1.00321 0.48556 0.0873021 1.91505 
0.999919 0.492172 0.0854489 1.91029 
0.998233 0.497368 0.0765319 1.90815 
0.994461 0.502129 0.0770603 1.90165 
0.999565 0.49505 0.0722787 1.90983 
0.993273 0.504361 0.0804807 1.90029 
1.00132 0.494006 0.0684682 1.91323 
1.00134 0.493806 0.0682101 1.91315 
1.00283 0.490737 0.071323 1.9154 
1.00673 0.484251 0.0732717 1.92172 
1.00116 0.493693 0.0699701 1.9128 
0.996596 0.499164 0.0878003 1.90609 
1.0051 0.482977 0.0821505 1.91789 
1.01767 0.466875 0.0656149 1.93933 
1.01715 0.466354 0.0826089 1.93896 
1.01306 0.472531 0.071332 1.93129 
0.834301 0.539108 0.345963 1.63186 
0.794753 0.535748 0.375071 1.56484 
0.82921 0.581856 0.282085 1.62661 
0.78826 0.582526 0.303116 1.55353 
0.794769 0.594641 0.276638 1.56585 
0.837338 0.557279 0.322426 1.64063 
0.838214 0.588679 0.254232 1.64082 
0.846276 0.584675 0.256118 1.65465 
0.864434 0.568638 0.266475 1.68474 
1.03294 0.4446 0.0473027 1.96542 
1.03935 0.429714 0.0297156 1.97424 
1.04425 0.418016 0.0390609 1.98182 
1.06447 0.358099 0.0550255 2.0108 
1.06042 0.372328 0.0476204 2.00518 
1.05336 0.399901 0.055315 1.99799 
1.05537 0.391953 0.0198049 1.99881 
1.05389 0.397653 0.044785 1.99797 
1.05037 0.407754 0.0347191 1.99269 
1.06202 0.375683 0.0300537 2.0097 
1.05628 0.38513 0.0244007 1.99868 
1.05589 0.389342 0.0104112 1.999 
1.06024 0.380065 0.00789261 2.00642 
1.06631 0.365547 0.0202129 2.01662 
1.06321 0.372128 0.0258167 2.01131 
1.06445 0.37067 0.0161633 2.01371 
1.04268 0.404426 0.11465 1.97804 
1.00973 0.435872 0.20635 1.92525 
1.02466 0.417377 0.177683 1.9481 
1.01756 0.443214 0.146616 1.93693 
1.02909 0.419273 0.150855 1.95525 
1.01749 0.401845 0.233064 1.93565 
1.04187 0.362628 0.205246 1.97448 
1.05324 0.342907 0.19279 1.99368 
1.06393 0.335044 0.158501 2.01202 
1.08815 0.232614 0.1765 2.05078 
1.06435 0.310462 0.191692 2.01124 
1.08113 0.278854 0.156615 2.03922 
1.0595 0.26675 0.264041 2.0026 
0.978822 0.473376 0.223668 1.8731 
1.06087 0.335991 0.179776 2.00827 
1.04417 0.359734 0.194916 1.97733 
1.04357 0.37359 0.184266 1.97864 
1.02769 0.398229 0.202541 1.95254 
1.03082 0.377111 0.226671 1.95731 
1.02417 0.391009 0.223905 1.9459 
1.0304 0.365313 0.241724 1.95562 
1.05189 0.33615 0.221735 1.99392 
0.99406 0.357258 0.348976 1.89656 
1.00263 0.372332 0.316786 1.91102 
1.02517 0.339787 0.294911 1.94793 
1.04178 0.316474 0.263968 1.97277 
1.00903 0.325703 0.34778 1.9209 
1.03831 0.285404 0.307727 1.96685 
1.06303 0.201237 0.326572 2.01126 
1.04508 0.287905 0.276574 1.97627 
1.04536 0.334378 0.234685 1.98013 
1.03864 0.346287 0.232952 1.96738 
1.04228 0.35081 0.21414 1.97336 
1.06702 0.310646 0.179373 2.01592 
1.07406 0.295081 0.172563 2.0281 
1.0761 0.293639 0.160815 2.031 
1.08058 0.268481 0.162933 2.03611 
1.07736 0.267628 0.197307 2.03336 
1.06667 0.297661 0.195347 2.01412 
1.05406 0.326348 0.212975 1.99425 
1.04575 0.318107 0.245378 1.9787 
1.05627 0.326732 0.198283 1.99719 
1.00894 0.0810186 0.421395 1.91673 
1.06347 0.223703 0.272487 2.00603 
1.08272 0.21036 0.24941 2.04667 
1.01088 0.401212 0.249427 1.9233 
1.05546 0.368327 0.129413 1.99823 
1.05417 0.357232 0.164501 1.99584 
1.05046 0.378517 0.137852 1.99051 
1.034 0.39446 0.182369 1.96255 
1.04228 0.399002 0.141322 1.97838 
1.03949 0.397431 0.156635 1.97298 
1.03292 0.412908 0.136716 1.9602 
0.866325 0.518953 0.350576 1.68748 
0.828331 0.509545 0.391511 1.6218 
0.803716 0.548079 0.356569 1.58054 
0.820082 0.593169 0.262005 1.60994 
0.831009 0.489101 0.416319 1.62697 
0.745091 0.463668 0.460478 1.47803 
0.639701 0.523498 0.383017 1.29264 
0.733269 0.524749 0.406961 1.45778 
0.710405 0.557121 0.181528 1.39175 
0.698834 0.609506 0.271712 1.39941 
0.61137 0.573083 0.290944 1.23989 
0.832789 0.358759 0.507759 1.62651 
0.644942 0.488569 0.420566 1.29945 
0.860993 0.421477 0.463668 1.67656 
0.888002 0.447384 0.422267 1.72477 
0.677381 0.539096 0.380531 1.35886 
0.482453 0.580182 0.197268 1.011 
0.651006 0.604745 0.275341 1.31672 
0.535467 0.53365 0.281771 1.10063 
0.962682 0.440036 0.325468 1.84866 
0.961954 0.406695 0.364629 1.84624 
0.935493 0.454167 0.349181 1.80226 
1.00103 0.494628 0.0682583 1.91282 
1.00045 0.495212 0.067321 1.91164 
1.00089 0.493808 0.0630968 1.91212 
1.01397 0.450334 0.134999 1.92974 
1.00488 0.464718 0.134848 1.91446 
1.01233 0.459823 0.118546 1.92796 
1.0276 0.431496 0.127346 1.95365 
1.00212 0.471762 0.141403 1.91208 
1.0444 0.391296 0.134141 1.9797 
1.04789 0.370196 0.175093 1.98658 
1.00125 0.493797 0.0676059 1.91288 
1.00533 0.488036 0.0703873 1.91997 
1.00158 0.492456 0.0737868 1.91346 
0.840196 0.268783 0.537935 1.62989 
0.964901 0.445312 0.31109 1.85162 
0.913672 0.477942 0.350688 1.76634 
0.913934 0.493994 0.32956 1.7675 
0.959957 0.20676 0.489901 1.84649 
1.0104 0.250163 0.385855 1.91667 
1.05477 0.110387 0.33852 1.99492 
0.984856 0.0780467 0.455199 1.8643 
0.897222 0.417107 0.433208 1.73654 
1.02488 0.362736 0.256819 1.94474 
