0.980134 0.210871 -0.0881911 1.77147 
1.00008 0.247506 0.0347436 1.81715 
1.01326 0.210981 -0.0191247 1.8411 
0.974127 0.243902 0.127694 1.76783 
0.975908 0.242513 0.109931 1.76848 
0.97197 0.262785 0.117038 1.76609 
0.974306 0.249515 0.118062 1.76824 
1.01087 0.208752 0.0535196 1.83386 
0.999535 0.248917 0.0361717 1.81617 
1.02137 0.178821 0.0521009 1.85796 
0.9543 0.311072 0.11383 1.7403 
0.960921 0.306836 0.108507 1.75093 
0.954941 0.31752 0.098927 1.74059 
0.956172 0.311976 0.107368 1.74194 
1.01151 0.217717 -0.0138026 1.83782 
1.01611 0.0893333 0.0685588 1.8369 
1.0164 0.0888716 0.0673614 1.8374 
1.01614 0.0906574 0.0670776 1.83687 
1.01616 0.0893758 0.0676873 1.83693 
1.00319 0.240686 0.026467 1.82284 
1.024 0.139554 0.0682246 1.85714 
1.02021 0.163544 0.0905164 1.85074 
1.02588 0.127942 0.08435 1.86222 
1.02553 0.144272 0.0823429 1.86172 
1.0028 0.244298 0.0216913 1.82316 
0.993038 0.266504 0.0380983 1.80621 
1.023 0.165015 -0.0508435 1.85894 
1.00115 0.246614 0.0284892 1.8197 
1.01781 0.193112 0.0537373 1.84464 
1.01925 0.182331 -0.0200145 1.84933 
1.01382 0.210556 -0.0238453 1.84253 
1.02266 0.1592 -0.0424998 1.85697 
0.941688 0.288435 0.146899 1.7119 
0.943007 0.271471 0.16597 1.7148 
0.952229 0.28202 0.162643 1.73555 
0.94595 0.282292 0.15844 1.72232 
1.01606 0.127028 0.0635834 1.836 
1.01889 0.136386 0.0635406 1.84245 
1.0044 0.230223 0.0315767 1.82335 
1.00013 0.247709 0.0346793 1.81732 
1.02113 0.166016 -0.0454823 1.85414 
0.992984 0.261625 0.0162101 1.80276 
0.921239 0.340089 0.14701 1.67821 
0.92545 0.314508 0.192691 1.69044 
0.949348 0.327915 0.160717 1.74051 
0.931695 0.332781 0.167836 1.70487 
1.00006 0.247507 0.0347763 1.8171 
1.0012 0.243871 0.0342371 1.81899 
0.992665 0.267557 0.0291229 1.80509 
1.01953 0.18923 0.0531604 1.84848 
1.01558 0.0800256 0.0994025 1.83782 
1.01712 0.0841419 0.0885792 1.83981 
1.01478 0.0904385 0.0970576 1.8364 
1.0163 0.0852458 0.0949213 1.83915 
0.977881 0.241353 -0.0559544 1.77257 
1.0163 0.195298 0.0421449 1.84345 
1.01846 0.181718 0.0168145 1.84727 
1.01877 0.182461 0.0229866 1.84841 
1.01952 0.177606 0.0184592 1.84935 
1.01866 0.180646 0.0192888 1.84771 
1.01749 0.105847 0.0661555 1.83989 
1.0184 0.10172 0.0647883 1.84133 
1.0187 0.113491 0.0636188 1.84222 
1.01802 0.107225 0.0649284 1.84058 
0.968914 0.292995 -0.018207 1.76116 
0.967894 0.293619 -0.0483346 1.75778 
0.963879 0.310236 -0.0309897 1.75568 
0.967194 0.299421 -0.0324812 1.7581 
1.01432 0.199737 -0.0754614 1.84522 
1.01232 0.206548 0.0137485 1.8377 
1.01207 0.109224 0.0748534 1.82842 
1.02037 0.190737 0.0597442 1.85283 
1.00162 0.242477 0.0344675 1.8195 
0.99697 0.255503 0.0426064 1.81206 
0.985401 0.209042 -0.0706262 1.78211 
1.01756 0.189971 0.0115682 1.84563 
1.01131 0.210094 0.0230874 1.83589 
0.990278 0.264892 0.0652007 1.80244 
1.02277 0.0878996 -0.00632054 1.85256 
1.02383 0.104728 0.00777929 1.85435 
1.02433 0.0834156 0.00925054 1.85499 
1.02378 0.0922251 0.00369967 1.85424 
1.01611 0.192004 0.0099798 1.84297 
0.998902 0.245269 0.0297117 1.81445 
1.01771 0.187541 0.0138809 1.84549 
1.01701 0.188776 0.00879909 1.84461 
1.02431 0.151952 -0.0460846 1.86094 
0.972991 0.302355 0.0934108 1.77388 
1.00029 0.247378 0.0333612 1.81763 
1.01885 0.141688 -0.00125183 1.84534 
1.01946 0.132209 -0.00973092 1.84676 
0.999367 0.247244 0.0324836 1.81566 
1.00082 0.244799 0.0349644 1.81835 
1.01717 0.183678 0.0163651 1.84506 
1.01555 0.18894 0.0160889 1.84439 
1.01684 0.186626 0.022752 1.845 
1.01652 0.186181 0.0180187 1.84501 
1.02088 0.0954377 -0.0116234 1.84863 
1.01985 0.11351 -0.0102881 1.8469 
1.02319 0.111599 0.00344599 1.85346 
1.0223 0.1074 -0.00630469 1.85232 
1.00206 0.244818 0.0213871 1.82185 
1.01588 0.187451 0.00792364 1.84158 
1.00012 0.247655 0.0341605 1.81728 
1.01268 0.21211 -0.00675603 1.83964 
1.02132 0.177971 -0.0232365 1.85356 
1.00014 0.247673 0.0346389 1.81733 
0.980155 0.289586 0.0541008 1.78488 
0.980266 0.262752 -0.019541 1.77808 
1.01266 0.192942 0.0674361 1.83306 
1.00358 0.233753 0.058435 1.82151 
1.01801 0.182678 0.00631632 1.84628 
1.00878 0.231971 0.00821867 1.83431 
0.999759 0.247776 0.0345611 1.81642 
1.01622 0.18948 0.0643865 1.83813 
0.990918 0.160282 0.106828 1.79427 
0.995295 0.15554 0.0763198 1.80268 
0.989247 0.169229 0.0711264 1.78955 
0.988979 0.159563 0.0831856 1.78848 
0.988361 0.210837 -0.0422794 1.78875 
0.987778 0.214213 -0.0291924 1.78931 
0.983496 0.224667 -0.0186106 1.78101 
0.986846 0.214259 -0.0122619 1.78774 
0.985551 0.217238 -0.0204581 1.78476 
1.01095 0.189275 0.0745745 1.83006 
0.994366 0.262581 0.0234737 1.80721 
0.972085 0.281599 -0.0436118 1.76565 
0.972401 0.281234 -0.0189352 1.76681 
0.973515 0.268795 -0.0311061 1.76716 
0.971941 0.277189 -0.0296658 1.76486 
0.995461 0.255334 0.00968718 1.80798 
0.999927 0.247376 0.0341024 1.8169 
0.968512 0.292066 0.110761 1.76284 
0.970758 0.287704 0.11225 1.76577 
1.01306 0.208711 0.00144712 1.8393 
1.01857 0.146679 0.0634854 1.84195 
1.00068 0.245516 0.0345953 1.81815 
1.02963 0.0536846 -0.027439 1.87068 
1.02834 0.0715563 -0.0375278 1.8676 
1.03101 0.0807173 -0.0163204 1.87375 
1.0296 0.06812 -0.0285145 1.87075 
0.97486 0.177311 -0.116925 1.761 
1.02157 0.171707 -0.000329812 1.85305 
1.02256 0.165784 0.000151881 1.85466 
1.02246 0.169787 -0.0050427 1.85504 
1.02203 0.168825 -0.00191738 1.85373 
0.977861 0.227618 0.109295 1.77143 
0.976795 0.229018 0.129609 1.77225 
0.979733 0.207966 0.120507 1.77587 
0.977501 0.221252 0.118926 1.77156 
1.01427 0.2151 -0.0467809 1.8434 
1.01578 0.19396 0.00968426 1.84229 
1.0163 0.194882 -0.0164899 1.84464 
0.996113 0.258021 0.02659 1.81072 
0.977621 0.256014 -0.031099 1.77284 
0.999622 0.248646 0.0347238 1.81631 
1.01955 0.177899 0.00731468 1.84907 
1.01912 0.177434 0.00611987 1.84796 
1.01926 0.1776 0.00963527 1.84837 
1.01832 0.179866 0.0093874 1.84671 
1.01878 0.178191 0.0111241 1.84763 
1.01885 0.17823 0.0100118 1.84778 
0.948208 0.322347 0.0702068 1.72417 
1.00973 0.219819 0.000910738 1.83473 
1.02382 0.108764 0.0165603 1.85405 
1.02335 0.104075 0.0320869 1.85209 
1.02433 0.0867255 0.0191504 1.85474 
1.02433 0.100256 0.0231135 1.85492 
0.989226 0.192289 -0.0286602 1.78847 
0.989656 0.207332 -0.0325069 1.79253 
0.988386 0.20552 -0.0120913 1.78998 
0.989767 0.201217 -0.0279347 1.79187 
1.01156 0.21529 -0.0293258 1.83866 
1.01735 0.178394 0.058904 1.83973 
0.98899 0.224921 -0.0440995 1.79196 
0.98173 0.236468 -0.0219056 1.77867 
0.980341 0.23945 -0.0270809 1.77653 
0.97998 0.245935 -0.0232157 1.77643 
0.980752 0.240737 -0.0239479 1.77745 
0.982639 0.133311 -0.0815371 1.7711 
0.9799 0.242034 -0.000725573 1.77701 
0.98289 0.238873 0.0204019 1.78468 
0.985707 0.224129 0.00657388 1.78556 
0.98299 0.234162 0.00888094 1.78178 
1.01686 0.0865342 0.0771851 1.83855 
1.01722 0.0877284 0.0708956 1.83915 
1.01685 0.0893306 0.0729527 1.83851 
1.01732 0.0877944 0.0733654 1.8396 
0.978827 0.256635 -0.0387887 1.77619 
1.02261 0.0500204 -0.0102517 1.85091 
1.02119 0.0742352 -0.0116111 1.84825 
1.0249 0.0696277 0.00476946 1.85637 
1.02338 0.0658667 -0.00582073 1.85309 
1.00427 0.231675 0.0936511 1.82366 
0.94395 0.244766 0.191257 1.71623 
0.951064 0.206431 0.212639 1.73051 
0.96098 0.23569 0.201511 1.75206 
0.952553 0.230534 0.203627 1.73569 
1.0006 0.247206 0.0319763 1.81829 
0.980278 0.173895 -0.0879878 1.76839 
1.01722 0.187215 0.00266306 1.84513 
1.001 0.236579 0.00412594 1.81914 
1.00387 0.196311 -0.0548265 1.82337 
0.97577 0.260235 -0.0288276 1.76981 
1.00406 0.238442 0.0238286 1.82441 
1.01391 0.19996 0.025854 1.83969 
0.999239 0.249653 0.0348919 1.81573 
1.03114 0.00726145 0.0187335 1.87526 
1.03003 0.0316522 -0.00829007 1.87152 
1.03389 0.0470688 0.0224613 1.88163 
1.03145 0.0278984 0.0102721 1.87559 
1.00725 0.191201 0.074935 1.82756 
0.984912 0.279775 0.00723611 1.79053 
0.968877 0.267074 0.0961708 1.75799 
0.971821 0.256319 0.088595 1.763 
0.968568 0.259648 0.0856643 1.75474 
0.96985 0.26128 0.0900668 1.75868 
1.02354 0.134455 0.0265655 1.85413 
1.02418 0.117852 0.033627 1.85442 
1.02412 0.120182 0.0188931 1.85502 
1.02381 0.124256 0.0261435 1.8541 
1.01889 0.10211 0.0635089 1.84229 
1.01967 0.110198 0.060887 1.84336 
1.01912 0.1145 0.0617304 1.84305 
1.01929 0.108752 0.0619072 1.84328 
0.996036 0.238426 0.0187869 1.80814 
0.974825 0.252798 -0.0372782 1.76735 
1.00171 0.24244 0.0359166 1.81971 
0.961159 0.321384 0.0781559 1.75111 
1.00023 0.247575 0.0344727 1.81751 
1.00013 0.247438 0.034714 1.81723 
1.00001 0.247483 0.0341088 1.81705 
1.00084 0.247114 0.0305558 1.81904 
0.98 0.221492 0.093646 1.77548 
0.981601 0.199552 0.0864573 1.77699 
0.980213 0.211574 0.0762951 1.77328 
0.97939 0.209386 0.0845808 1.77204 
1.0178 0.206405 0.067087 1.84581 
1.02067 0.123893 -0.00524618 1.84901 
1.02282 0.138149 0.00751692 1.85484 
1.02288 0.122236 0.00806525 1.85313 
1.02181 0.128131 0.00469911 1.85139 
1.01313 0.0983566 0.0766223 1.83108 
1 0.24754 0.0353778 1.81697 
1.02391 0.0408234 0.00147381 1.85398 
1.02406 0.0598258 0.0131436 1.8541 
1.02515 0.0404047 0.0253408 1.8567 
1.02603 0.0465624 0.0135189 1.85917 
1.01554 0.19743 0.00820987 1.84256 
1.00056 0.245662 0.0359075 1.81788 
1.02779 0.123232 -0.01758 1.86392 
1.02644 0.127919 -0.0235635 1.86097 
1.02608 0.132064 -0.0175281 1.85999 
1.0268 0.127462 -0.019717 1.86149 
1.0249 0.12463 -0.0536649 1.86014 
1.02423 0.129845 -0.0541164 1.85922 
1.02584 0.13013 -0.0492781 1.86223 
1.02506 0.128371 -0.0525238 1.86086 
1.0047 0.233858 0.0307194 1.8249 
0.999784 0.24779 0.0344711 1.81647 
0.999406 0.249225 0.0347097 1.816 
0.972718 0.256837 0.0922992 1.76489 
0.970597 0.268418 0.0986719 1.76078 
0.973334 0.263541 0.0997506 1.76737 
0.972876 0.263035 0.0970122 1.76561 
0.988886 0.177383 -0.0485791 1.78728 
0.98146 0.291652 0.0435791 1.78798 
0.981976 0.163057 -0.0869806 1.77289 
1.02216 0.165861 0.00348215 1.85375 
1.02107 0.171213 0.00230669 1.85206 
1.02144 0.169233 0.00710177 1.85255 
1.0217 0.168894 0.00401889 1.85331 
1.02861 0.106243 0.0402079 1.86662 
1.0278 0.125685 0.0562419 1.86582 
1.02931 0.109652 0.065489 1.86964 
1.02668 0.112427 0.0530695 1.86273 
1.01701 0.190412 0.0136602 1.84414 
1.00025 0.247123 0.0346492 1.81748 
1.02271 0.146656 -0.0555933 1.85709 
1.01853 0.18018 0.0270454 1.84749 
1.02065 0.168754 0.0249094 1.85116 
1.01987 0.174879 0.019847 1.84995 
1.01968 0.174429 0.0242564 1.84969 
0.980906 0.271217 -0.0139348 1.78084 
1.02187 0.148928 0.0426645 1.85032 
1.01949 0.148483 0.0355825 1.8443 
1.01736 0.0883728 0.0692814 1.83944 
1.01704 0.0891641 0.0683295 1.83879 
1.01701 0.0896597 0.0706727 1.83881 
1.01692 0.0889507 0.0693899 1.83847 
0.999761 0.242892 0.0223247 1.81675 
1.01529 0.148751 0.0755185 1.83684 
0.973781 0.279056 0.113296 1.76975 
1.01179 0.213166 -0.00182039 1.83804 
0.984 0.183827 0.088854 1.78054 
0.985752 0.16665 0.105199 1.78386 
0.985743 0.174922 0.0754651 1.78161 
0.986031 0.174276 0.0877484 1.78358 
0.992829 0.141875 0.181908 1.80282 
0.997705 0.114554 0.178346 1.81095 
1.00055 0.13486 0.158797 1.81451 
0.997618 0.129978 0.173901 1.81095 
1.00762 0.222135 0.037532 1.82844 
1.00067 0.245583 0.0339748 1.81818 
1.01739 0.192121 -0.0279624 1.84762 
0.93172 0.259879 0.236871 1.70323 
0.945183 0.177409 0.264889 1.72923 
0.969946 0.231598 0.240357 1.77949 
0.948964 0.228938 0.253049 1.74159 
1.02701 0.130847 -0.00468777 1.86142 
1.02779 0.123828 -0.0124208 1.86353 
1.02617 0.132361 -0.0134767 1.86015 
1.0272 0.129142 -0.0104189 1.86215 
1.00004 0.247691 0.034683 1.81714 
0.974897 0.294502 0.0997894 1.77631 
1.01693 0.188007 -0.000591997 1.84455 
0.980027 0.245005 -0.0127362 1.77642 
0.980808 0.237414 -0.0180173 1.77662 
0.979672 0.246657 -0.0211195 1.77575 
0.980203 0.243338 -0.017513 1.77662 
1.01789 0.187066 0.042174 1.84449 
0.993005 0.269206 0.0452636 1.80724 
1.02105 0.158663 0.0358642 1.84826 
1.01621 0.205053 0.0605759 1.84163 
0.956074 0.317736 0.093045 1.74169 
0.959839 0.313515 0.0979907 1.74843 
1.01357 0.208554 0.00565089 1.84064 
1.01988 0.172851 0.0171794 1.84959 
1.02088 0.167381 0.0211444 1.85126 
1.0211 0.169642 0.0136256 1.85195 
1.02071 0.170006 0.0173543 1.85124 
1.02515 0.128793 0.104098 1.86157 
1.01823 0.169744 0.106483 1.84786 
1.0167 0.158574 0.13779 1.84725 
1.01973 0.154153 0.118781 1.85117 
1.01776 0.0805904 0.0860161 1.84102 
1.01745 0.0742923 0.0953908 1.84165 
1.01797 0.074595 0.0854705 1.84129 
1.01722 0.0763483 0.0885655 1.84007 
1.01601 0.197935 0.00952669 1.84355 
1.01105 0.218538 0.0728374 1.8342 
0.999913 0.247944 0.0370349 1.81691 
1.0024 0.107023 0.167502 1.81623 
1.00781 0.11033 0.135973 1.82441 
1.00309 0.128184 0.148539 1.81708 
1.00597 0.116189 0.150822 1.82229 
0.979227 0.261766 -0.0234552 1.77645 
1.01007 0.223883 -0.029304 1.83777 
1.01874 0.181443 0.010815 1.84776 
1.01867 0.180325 0.0127554 1.84743 
1.01906 0.179325 0.0120117 1.84829 
1.01889 0.180409 0.0119956 1.84791 
1.02355 0.158699 -0.0360701 1.85839 
1.02287 0.167362 -0.00569851 1.85583 
1.02239 0.16216 7.48151e-07 1.85415 
1.0233 0.157348 -0.00398186 1.85626 
1.02306 0.162767 -0.00320081 1.85585 
1.02283 0.0750312 0.0490147 1.85016 
1.02365 0.0974967 0.0444638 1.85251 
1.02219 0.0885751 0.0519103 1.84854 
1.02188 0.0855368 0.0485959 1.84781 
0.975366 0.288668 0.107511 1.77744 
1.01623 0.0905631 0.0666457 1.83692 
1.01649 0.0888377 0.0667308 1.83747 
1.01674 0.0891342 0.0664685 1.83783 
1.01649 0.0893481 0.0664063 1.83742 
0.998625 0.251383 0.048195 1.81526 
0.999825 0.247696 0.0344626 1.81654 
0.999455 0.247283 0.0329264 1.81587 
1.01891 0.179962 0.0131958 1.84799 
1.01903 0.18014 0.0138029 1.84828 
1.0191 0.179125 0.0130668 1.84838 
1.01887 0.179675 0.0133707 1.84785 
1.01757 0.180905 -0.069516 1.84877 
1.01232 0.151289 0.082733 1.83211 
1.01268 0.107992 0.0770792 1.83049 
1.02273 0.0948714 0.0379118 1.85019 
1.02182 0.0712101 0.0429493 1.84751 
1.02373 0.0768328 0.0258021 1.85292 
1.02373 0.0805981 0.035379 1.85252 
1.02174 0.173939 -0.0439586 1.85624 
1.00025 0.245908 0.0395215 1.81752 
1.00026 0.247186 0.0343969 1.8175 
0.965694 0.224895 0.203933 1.75879 
0.954021 0.19544 0.214826 1.73592 
0.972111 0.20051 0.213846 1.76645 
0.966038 0.208878 0.210796 1.76 
1.00015 0.247715 0.0346184 1.81736 
0.99986 0.247782 0.0365225 1.81676 
0.999995 0.247597 0.0351765 1.81697 
1.0161 0.19148 0.0112374 1.84282 
1.01684 0.190422 -0.0685708 1.84799 
1.01639 0.0667031 0.098893 1.83926 
1.01886 0.0521927 0.0891556 1.84221 
1.01817 0.0685164 0.0861231 1.84135 
1.01752 0.0628215 0.0921844 1.84045 
0.930942 0.344188 0.0148202 1.69303 
0.92696 0.348496 0.0377627 1.68646 
0.942483 0.353933 0.0318557 1.72045 
0.932928 0.348615 0.0272305 1.69899 
1.00012 0.245728 0.0289296 1.81764 
1.00909 0.225908 -0.00971615 1.83372 
1.01659 0.168897 0.00182265 1.84185 
1.01662 0.190917 0.0084557 1.84439 
1.00415 0.234687 0.0258749 1.82377 
1.00016 0.247483 0.0346532 1.81734 
1.01591 0.194536 0.0103385 1.84267 
0.979532 0.182111 -0.0991162 1.76847 
1.01687 0.151255 0.0695704 1.83877 
0.979056 0.248193 0.0220092 1.77648 
0.976761 0.249147 0.00103025 1.77141 
0.974819 0.261582 0.0133504 1.76886 
0.979131 0.253111 0.0121655 1.77809 
0.998823 0.250603 0.0364504 1.8152 
1.01913 0.161837 0.0496984 1.84456 
0.95767 0.278661 -0.0953116 1.73855 
1.01883 0.171601 -0.0645592 1.85145 
0.997961 0.25268 0.0443068 1.81392 
0.997292 0.126483 0.0921356 1.80647 
1.0001 0.247712 0.0347355 1.81726 
1.01504 0.197107 0.00633773 1.84171 
1.02209 0.161487 0.0291673 1.8534 
1.02192 0.163394 0.0419934 1.85267 
1.02383 0.153866 0.0345129 1.8565 
1.02242 0.159261 0.0349116 1.85352 
1.01781 0.184965 0.00820313 1.84611 
1.01572 0.0899359 0.0688955 1.83609 
1.01582 0.0920958 0.0674759 1.83624 
1.01513 0.0932504 0.0690573 1.8348 
1.01533 0.0915143 0.0681905 1.83518 
0.987052 0.186167 -0.0398177 1.78382 
1.0067 0.145613 0.108997 1.82333 
1.00361 0.141705 0.130968 1.81723 
1.00701 0.135995 0.116017 1.82272 
1.00731 0.142654 0.118309 1.82438 
1.0042 0.233488 0.0505317 1.82346 
1.01994 0.173098 0.0480866 1.84751 
0.999787 0.247676 0.0345835 1.81647 
0.999645 0.246479 0.0326888 1.81631 
1.02401 0.145851 -0.0459376 1.85968 
0.999939 0.247667 0.0355726 1.81687 
0.998894 0.245674 0.0310789 1.81449 
1.00027 0.247312 0.0324662 1.81757 
1.00132 0.149786 0.138297 1.81537 
1.00462 0.152522 0.108246 1.82228 
0.995688 0.16185 0.130522 1.80469 
1.00011 0.157351 0.128189 1.81312 
1.0001 0.247713 0.0344146 1.81726 
1.01044 0.215661 -0.0608373 1.83741 
1.01395 0.204512 0.0122281 1.84094 
1.01052 0.210233 0.0630316 1.8338 
1.01647 0.189996 0.0797942 1.84509 
1.01762 0.179517 0.0582042 1.84713 
1.01668 0.194171 0.067923 1.84612 
1.01195 0.0947931 0.113809 1.83102 
1.01369 0.0815413 0.106483 1.83429 
1.01381 0.0925885 0.102141 1.83464 
1.01279 0.0896997 0.107556 1.83224 
0.999754 0.248219 0.0346012 1.81647 
1.0002 0.2474 0.0346341 1.81741 
1.00081 0.24693 0.0310821 1.81886 
1.00074 0.246553 0.0324951 1.81849 
1.01648 0.190914 0.0242614 1.84307 
1.00912 0.220029 -0.0516592 1.8364 
1.0123 0.209851 0.0125378 1.83778 
0.997022 0.240293 0.0253671 1.8106 
1.01163 0.214563 0.0219218 1.83678 
0.999335 0.246546 0.0322382 1.81558 
0.989885 0.201342 -0.0217539 1.79074 
1.00999 0.218241 0.0333021 1.83345 
0.977373 0.265826 -0.0245619 1.77342 
1.03073 0.0498925 -0.0125918 1.87314 
1.03195 0.0797969 -0.00384379 1.87517 
1.03271 0.0632142 0.015683 1.87756 
1.03298 0.0659795 0.00151426 1.87824 
1.01179 0.210279 0.0287432 1.83695 
1.01421 0.119007 0.0772217 1.8334 
1.02143 0.144075 0.0561099 1.84906 
1.0193 0.14335 0.0521478 1.84382 
1.02603 0.111149 -0.0516063 1.86241 
1.02533 0.118618 -0.0529975 1.86082 
1.02741 0.118691 -0.0453094 1.86537 
1.02624 0.116599 -0.0505362 1.863 
1.01498 0.196052 -0.0696163 1.84516 
1.00858 0.222919 0.0433653 1.83103 
1.00037 0.247088 0.0334186 1.81777 
1.01914 0.190156 -0.0342337 1.85084 
1.01728 0.192136 0.0402155 1.84479 
0.963698 0.239593 -0.112228 1.74383 
0.997589 0.256028 0.0321933 1.81335 
1.02157 0.166991 0.0129465 1.85267 
1.02248 0.163892 0.0198741 1.85475 
1.02246 0.161289 0.0146625 1.85452 
1.02173 0.1639 0.015914 1.8528 
1.01774 0.18514 0.0114743 1.84579 
0.970248 0.278152 0.117037 1.7643 
0.966634 0.291203 0.114378 1.75912 
0.967504 0.27819 0.124424 1.75903 
0.968015 0.28284 0.118806 1.76019 
1.02386 0.122552 0.0392925 1.85364 
1.02394 0.137398 0.0313732 1.85488 
1.02232 0.138785 0.0423621 1.851 
1.02277 0.132522 0.0375217 1.85154 
1.01696 0.187871 0.00737396 1.84441 
1.02276 0.170446 0.0375873 1.85301 
0.991745 0.17661 -0.0441899 1.79221 
1.01854 0.0913183 0.0670952 1.8417 
1.01773 0.0888722 0.0689059 1.84004 
1.01831 0.086968 0.0704038 1.8414 
1.01808 0.0890186 0.0687051 1.84078 
1.01434 0.197947 -0.0771437 1.84445 
0.99532 0.254218 0.0676413 1.81153 
0.981462 0.285055 0.0042495 1.78483 
1.01629 0.186485 0.00866009 1.84242 
1.01607 0.194233 -0.0672717 1.84717 
0.999974 0.247568 0.0376523 1.81707 
1.01776 0.184113 0.0106795 1.84577 
0.999728 0.247809 0.0340349 1.8164 
1.01072 0.113146 0.079785 1.82698 
1.02177 0.160441 0.0494468 1.85216 
1.02406 0.145796 0.0530676 1.85665 
1.02354 0.150206 0.0392071 1.85523 
1.02456 0.152319 0.0474683 1.85781 
0.980532 0.256067 -0.0265552 1.77869 
0.980456 0.254701 -0.0246425 1.77799 
1.01562 0.196766 0.0475767 1.84074 
0.999841 0.247365 0.0344736 1.81656 
1.00984 0.213451 0.0339605 1.83274 
1.01579 0.193227 0.0106951 1.84214 
1.0249 0.0640162 0.023784 1.85605 
1.02336 0.0600502 0.0441327 1.85155 
1.02479 0.0450404 0.0350241 1.85559 
1.02411 0.0555842 0.0340406 1.85371 
1.00021 0.247142 0.0349307 1.81738 
1.01627 0.182006 0.0721506 1.83984 
0.984216 0.19334 0.239297 1.79969 
0.967882 0.142831 0.266702 1.77344 
0.997059 0.13049 0.227172 1.81551 
0.986703 0.156166 0.248593 1.80415 
0.951088 0.319079 0.0331952 1.72779 
1.00602 0.233655 0.0135071 1.82839 
0.97136 0.309714 0.022779 1.76901 
0.961152 0.322344 0.068179 1.75171 
1.00018 0.247185 0.0354603 1.81731 
1.00023 0.247473 0.0344818 1.81749 
1.00964 0.218566 0.0266356 1.83259 
0.992312 0.143068 0.088302 1.79493 
0.977415 0.293874 0.0215414 1.77802 
1.01483 0.200257 -0.0182089 1.84277 
1.01723 0.189055 -0.0216137 1.84654 
1.01822 0.181433 0.0125579 1.84649 
1.01838 0.182518 0.0113248 1.84706 
0.982692 0.282764 0.056426 1.78842 
0.999659 0.248646 0.0359595 1.81638 
0.955104 0.296259 0.139487 1.7417 
0.944609 0.295878 0.141439 1.71917 
0.954427 0.287303 0.154506 1.74063 
0.95197 0.295167 0.145361 1.73593 
1.00034 0.247065 0.0338291 1.81764 
0.969958 0.309536 0.0767629 1.76638 
1.01879 0.179945 0.00742833 1.84775 
1.01965 0.178624 0.00784576 1.84948 
1.0182 0.0768297 0.142268 1.85357 
1.0147 0.134803 0.1641 1.84588 
1.00886 0.109159 0.188833 1.83764 
1.01397 0.107621 0.167152 1.84568 
1.01776 0.193906 -0.0100553 1.84689 
1.01711 0.18762 0.0265024 1.84351 
1.01391 -0.0104226 0.085891 1.83865 
1.02081 0.0254513 0.0942624 1.84871 
1.00942 0.0211198 0.120725 1.82971 
1.01612 0.0131087 0.102617 1.84268 
1.02089 0.117616 0.0598455 1.84628 
1.0205 0.132185 0.0612621 1.84604 
1.01858 0.120944 0.0609702 1.84159 
1.02005 0.123644 0.0606735 1.84467 
0.949871 0.322767 0.0798097 1.7292 
1.01551 0.200559 -0.0695436 1.84672 
1.02272 0.165659 -0.0325144 1.8564 
0.999143 0.221189 0.110546 1.81587 
1.01192 0.198176 0.0942098 1.8365 
1.00334 0.216979 0.0741042 1.81991 
1.00667 0.213176 0.091891 1.82706 
0.982381 0.228722 -0.0231079 1.77889 
0.984848 0.219197 -0.0329493 1.78359 
0.981144 0.233679 -0.0290969 1.7781 
0.981898 0.227147 -0.0281426 1.77778 
1.01659 0.201688 -0.0421904 1.84689 
1.00022 0.247643 0.0345634 1.81751 
0.994856 0.246918 0.00873519 1.80582 
1.0118 0.103354 0.113128 1.83131 
1.01287 0.0979022 0.101177 1.83228 
1.01317 0.110781 0.103092 1.83297 
1.01295 0.103901 0.106003 1.83286 
0.976632 0.250319 -0.0361337 1.77034 
1.00792 0.135526 0.0959467 1.82368 
1.00658 0.142915 0.102434 1.82191 
1.00904 0.135276 0.109132 1.82748 
1.00796 0.137718 0.102008 1.82463 
0.975088 0.173797 -0.108186 1.75829 
0.973876 0.264569 0.112904 1.76954 
0.976191 0.247488 0.104896 1.76969 
0.975279 0.260746 0.105537 1.77062 
0.975104 0.257146 0.107683 1.7696 
1.02233 0.162593 0.00665397 1.85399 
1.02136 0.166609 0.00966432 1.85208 
1.02185 0.161092 0.0119966 1.8529 
1.02198 0.163424 0.00955597 1.85332 
1.0202 0.181784 -0.0398832 1.85287 
1.01249 0.117854 0.0838343 1.83135 
1.01062 0.127445 0.0898191 1.82838 
1.01271 0.1187 0.0944424 1.83267 
1.0124 0.121234 0.0889885 1.83178 
1.03148 0.00748048 0.0479017 1.87671 
1.03277 0.0456453 0.0432865 1.87875 
1.02768 0.0381323 0.0854319 1.86806 
1.03332 0.0294336 0.0580166 1.88035 
0.983726 0.232822 0.0317513 1.78753 
0.993317 0.218017 0.0415559 1.80368 
0.986873 0.216053 0.0146965 1.789 
0.98858 0.222068 0.029063 1.79601 
1.0012 0.24415 0.0332286 1.81907 
1.0001 0.247338 0.0351272 1.81717 
1.02339 0.160239 -0.0142805 1.85684 
1.02183 0.166002 -0.00957789 1.85329 
1.0233 0.15682 -0.00812691 1.85628 
1.02323 0.161413 -0.0107929 1.85639 
0.999967 0.247606 0.0348202 1.81689 
1.02023 0.159908 -0.0610626 1.85398 
1.00009 0.247171 0.0357435 1.81715 
1.015 0.210614 0.0665345 1.84064 
1.00033 0.246841 0.0341288 1.81758 
0.972269 0.287365 0.110057 1.76788 
0.973469 0.287967 0.107346 1.77129 
0.978996 0.247951 -0.0438149 1.77622 
1 0.247567 0.034912 1.81696 
1.01624 0.183402 0.00683866 1.84208 
1.01322 0.207163 0.0296615 1.83931 
1.01603 0.195061 0.0112028 1.84271 
1.02216 0.0844836 0.0594036 1.84857 
1.0206 0.0811373 0.0657379 1.84552 
1.02136 0.0738864 0.0657941 1.84685 
1.0212 0.0794644 0.0641184 1.84645 
1.01449 0.203493 -0.0656153 1.84432 
0.983377 0.257089 -0.0247545 1.78491 
1.01107 0.224648 -0.0354059 1.83977 
0.999948 0.247377 0.036339 1.81699 
0.998651 0.251437 0.038522 1.81514 
0.963826 0.316483 0.0268649 1.75412 
1.01635 0.194835 0.0118376 1.84338 
0.994687 0.22756 0.0574396 1.81003 
0.98414 0.241468 0.0456514 1.7898 
0.985909 0.254708 0.0738735 1.79453 
0.987087 0.240685 0.0584149 1.79503 
1.00017 0.24751 0.0337593 1.8174 
0.956812 0.310232 0.173597 1.75473 
0.939047 0.300401 0.211818 1.72339 
0.967475 0.265516 0.215006 1.77052 
0.958564 0.297758 0.202536 1.76107 
1.01878 0.183835 -0.0336375 1.84913 
1.01931 0.1825 -0.0129834 1.84822 
1.01643 0.194425 0.0178089 1.84318 
0.97083 0.24987 0.130707 1.76246 
0.969972 0.266219 0.119224 1.7628 
0.966588 0.26761 0.127875 1.75617 
0.97014 0.261791 0.125916 1.76341 
0.982851 0.221093 -0.0389484 1.78037 
0.981399 0.230161 -0.0408016 1.77868 
0.979369 0.232872 -0.0327968 1.77458 
0.98152 0.227625 -0.0375896 1.77902 
1.01618 0.19518 0.0602924 1.84056 
1.02337 0.157337 0.0300925 1.85432 
1.02563 0.13442 -0.0444857 1.86181 
1.02492 0.140509 -0.0450059 1.86139 
1.02514 0.139262 -0.0394014 1.86108 
1.02514 0.137833 -0.0431681 1.86127 
0.999881 0.247832 0.0349308 1.81675 
1.00002 0.247454 0.0359608 1.81715 
1.01926 0.0854824 0.0678733 1.84261 
1.01842 0.0910556 0.0669276 1.84128 
1.01809 0.0860622 0.0702934 1.84081 
1.01884 0.0871988 0.0684459 1.84242 
0.969691 0.205409 -0.116844 1.75274 
1.02517 0.143537 -0.0384402 1.86192 
1.0238 0.143965 -0.042644 1.85876 
0.95584 0.307187 0.00290055 1.73773 
0.980095 0.266426 0.126412 1.7868 
1.01494 0.0935437 0.0934879 1.83651 
1.01719 0.0876715 0.086081 1.83995 
1.01581 0.0967421 0.0865322 1.83729 
1.01604 0.0926039 0.0888698 1.83802 
0.999923 0.247707 0.0351221 1.81683 
1.01599 0.197186 0.0516548 1.84083 
1.02848 0.119615 -0.00930331 1.86468 
1.02717 0.127326 -0.00034563 1.86173 
1.02739 0.119527 0.00176428 1.86191 
1.0279 0.121627 -0.00274285 1.86327 
0.961757 0.274381 0.091133 1.73953 
0.960655 0.275388 0.0976523 1.73795 
0.962388 0.276007 0.0982963 1.74294 
0.961516 0.275189 0.09541 1.73996 
0.97052 0.26781 -0.0308066 1.761 
1.00026 0.247313 0.0340771 1.81749 
1.00083 0.246018 0.031196 1.81868 
1.01552 0.198097 0.0195136 1.84266 
0.977447 0.195619 -0.0972613 1.76401 
1.01497 0.202456 0.055973 1.83918 
0.975381 0.242095 0.0857182 1.76619 
0.978007 0.231983 0.0944653 1.77111 
0.978215 0.221197 0.0772815 1.76909 
0.975828 0.231749 0.0858795 1.76537 
1.0002 0.24721 0.0347079 1.81738 
1.01261 0.186956 0.0594323 1.84044 
1.01606 0.196057 0.0131449 1.84287 
1.02077 0.17374 0.042285 1.84927 
1.00078 0.244982 0.035718 1.81829 
1.0105 0.220616 0.00549523 1.83674 
1.02281 0.0701491 0.0545371 1.85017 
1.02182 0.0819786 0.0562357 1.84765 
1.0212 0.0707793 0.06278 1.84636 
1.02258 0.0735016 0.0576659 1.84962 
0.999919 0.247671 0.0348255 1.81681 
1.02075 0.0405006 0.0987053 1.84659 
1.01488 0.0612703 0.109086 1.83606 
1.01299 0.0395108 0.122692 1.83529 
1.01561 0.0467447 0.110924 1.83565 
0.999806 0.24762 0.0341663 1.81652 
1.00053 0.246041 0.0347353 1.81788 
0.943345 0.310337 0.109913 1.71545 
0.942058 0.304691 0.126369 1.71285 
0.948992 0.31075 0.118615 1.7295 
0.94465 0.308279 0.118745 1.719 
1.01368 0.21209 -0.0363718 1.84208 
1.01668 0.0885284 0.0665448 1.83782 
1.01679 0.0888079 0.0662084 1.83804 
1.01684 0.0887268 0.0663893 1.83808 
1.01679 0.0886107 0.0663508 1.83802 
0.996659 0.251968 0.0234711 1.81135 
0.972816 0.303014 0.0813791 1.77289 
1.01414 0.200525 0.0497095 1.83857 
1.0159 0.189349 0.00903585 1.84176 
0.999759 0.248283 0.0350695 1.81655 
0.992009 0.215126 -0.0275378 1.79776 
1.02555 0.122836 -0.0519523 1.86136 
1.02626 0.12816 -0.0473763 1.86235 
1.02701 0.122652 -0.0446441 1.86426 
1.02661 0.124966 -0.0480492 1.86345 
0.991584 0.210456 -0.0177857 1.79608 
0.985011 0.155944 -0.0814156 1.77904 
0.983632 0.185808 0.0988329 1.78106 
0.981988 0.188567 0.117014 1.7789 
0.984404 0.171979 0.115809 1.78181 
0.984246 0.181763 0.110918 1.78272 
1.00056 0.246623 0.0331421 1.81809 
0.999966 0.247618 0.0348926 1.81689 
1.02092 0.171458 -0.0211925 1.85203 
1.00892 0.126879 0.112544 1.82658 
1.00905 0.112907 0.115759 1.82596 
1.01181 0.11794 0.105044 1.83016 
1.0107 0.120069 0.111313 1.8298 
0.979783 0.202568 0.130115 1.77628 
0.977468 0.223145 0.140945 1.77457 
0.98052 0.203879 0.154745 1.78087 
0.979413 0.209146 0.141584 1.77726 
1.01585 0.195095 0.0085599 1.8427 
1.02154 0.171634 -0.0145536 1.85344 
0.945314 0.303067 0.133274 1.7213 
0.953347 0.30122 0.132533 1.73725 
0.951064 0.307383 0.124376 1.73382 
0.950007 0.304418 0.129782 1.73165 
0.999782 0.248089 0.0355199 1.81656 
0.976083 0.276027 -0.0188866 1.77315 
0.999878 0.247674 0.0346899 1.81669 
0.99958 0.235059 0.0800905 1.81411 
0.999507 0.24332 0.0267366 1.81647 
1.01561 0.199326 0.00983992 1.84242 
0.984501 0.176265 -0.0708731 1.77769 
0.999682 0.248407 0.0348167 1.81638 
1.01917 0.164693 0.00357565 1.84726 
1.00043 0.246421 0.0345372 1.81772 
1.0163 0.192885 0.0110756 1.84304 
1.00545 0.00992574 0.162906 1.83361 
1.01583 0.0456868 0.140644 1.85007 
1.00483 0.0793386 0.196386 1.83025 
1.01002 0.0438633 0.169972 1.8427 
1.02125 0.174767 -0.00199985 1.8527 
1.02014 0.173328 -0.00504148 1.84984 
1.01702 0.187081 0.0478436 1.84183 
1.02254 0.0247412 0.0771862 1.85127 
1.01835 -0.00720693 0.0578117 1.84263 
1.0218 0.0247353 0.0457679 1.84825 
1.02478 0.0111892 0.0628778 1.85604 
1.0182 0.183209 0.00369258 1.84679 
1.00039 0.246222 0.0351578 1.81758 
0.999911 0.247018 0.0331494 1.8168 
1.01255 0.169858 0.0807649 1.833 
0.999783 0.24822 0.034366 1.81653 
1.01615 0.189402 -0.0743499 1.84666 
1.00015 0.247254 0.0350006 1.81726 
1.01339 0.203154 -0.0742144 1.8418 
1.01917 0.151454 0.00250449 1.84614 
1.01915 0.179817 -0.00839732 1.8479 
1.01189 0.100299 0.0773988 1.82844 
0.999806 0.221216 -0.0131031 1.815 
0.96489 0.282416 -0.0214675 1.75214 
1.01429 0.199431 0.0302922 1.84069 
1.01355 0.210872 -0.0614904 1.8427 
0.98944 0.155727 -0.061691 1.78753 
1.0215 0.167336 0.02939 1.85279 
1.01844 0.181405 0.0331676 1.84683 
1.02049 0.172033 0.0416123 1.85066 
1.02112 0.173491 0.0349068 1.85184 
1.01517 0.198618 -0.0556473 1.84456 
1.01459 0.195255 -0.0783804 1.84478 
1.00224 0.245311 0.0248539 1.82196 
0.961818 0.293728 0.116988 1.74938 
0.959162 0.293412 0.13013 1.74668 
0.964129 0.281652 0.127287 1.75215 
0.962278 0.288873 0.124888 1.75094 
1.01322 0.190864 0.109831 1.8393 
1.00229 0.215553 0.130599 1.8223 
1.01062 0.184979 0.148101 1.83596 
1.00837 0.197356 0.129429 1.832 
0.998901 0.251531 0.0371499 1.81559 
1.01815 0.186829 0.0170793 1.84607 
1.02569 0.127372 0.0446355 1.86011 
1.02819 0.113123 0.0322798 1.86517 
1.02642 0.127348 0.0274835 1.86096 
1.02698 0.121899 0.0348076 1.8628 
0.999875 0.247493 0.0398398 1.81703 
0.99978 0.248207 0.0361318 1.8166 
1.01534 0.204152 -0.0351858 1.84453 
0.999899 0.245402 0.0303572 1.81697 
0.968852 0.306902 0.095037 1.76608 
1.00021 0.247491 0.034132 1.81743 
1.0238 0.144853 -0.0520172 1.85928 
1.00177 0.238353 0.048298 1.81909 
1.02284 0.139048 0.0141815 1.85391 
1.02276 0.137171 0.0236399 1.85255 
1.0234 0.125098 0.0151136 1.85402 
1.02289 0.133152 0.0175691 1.85322 
0.97938 0.255155 -0.025141 1.77567 
0.978769 0.251056 -0.0171053 1.77413 
0.979714 0.251039 -0.0224268 1.77592 
0.980291 0.252581 -0.0219326 1.77741 
0.977518 0.218513 0.100787 1.76961 
0.980296 0.200473 0.112029 1.77595 
0.98024 0.196011 0.0950977 1.774 
0.980261 0.204318 0.102356 1.77534 
1.00052 0.246204 0.0337548 1.81793 
0.997618 0.208548 0.0384297 1.80956 
1.00087 0.191459 -0.00192053 1.81462 
0.99092 0.2062 0.0076364 1.79637 
0.99666 0.199623 0.0165554 1.80739 
1.01323 0.155838 0.0841235 1.83505 
1.01519 0.0905825 0.0702903 1.83493 
1.0154 0.0926206 0.0701805 1.83554 
1.01122 0.214595 0.0164547 1.83585 
0.974051 0.280524 -0.0142102 1.76867 
0.958506 0.313015 -0.0388805 1.74676 
0.962891 0.30002 -0.0527514 1.75008 
0.954486 0.312215 -0.0542099 1.74076 
0.959434 0.30955 -0.0489505 1.74933 
0.979041 0.255936 -0.0296282 1.77523 
1.00132 0.246657 0.0291359 1.81988 
0.976477 0.174347 -0.115581 1.76295 
1.01716 0.182157 0.0550449 1.84111 
1.00554 0.230228 0.0190689 1.82664 
0.994902 -0.0138063 0.154603 1.79776 
1.01354 -0.032697 0.096524 1.83975 
1.01114 0.0126515 0.137431 1.83551 
1.00613 -0.013775 0.132318 1.82417 
1.01859 0.156527 -0.00180901 1.84528 
0.984941 0.205448 0.0418895 1.77977 
0.980828 0.221068 0.046646 1.772 
0.981372 0.213886 0.0591492 1.77346 
0.981657 0.213181 0.0486083 1.77315 
0.975504 0.250562 -0.0329767 1.76797 
1.00309 0.239761 0.0296297 1.82243 
1.01492 0.202211 -0.0721509 1.84519 
1.00002 0.247545 0.0348521 1.81701 
1.01514 0.200474 0.00521672 1.84264 
1.01016 0.099456 0.0799995 1.82525 
1.00817 0.200202 0.109893 1.82829 
1.01472 0.198421 0.0400715 1.84115 
0.999421 0.246668 0.0477056 1.81552 
1.01599 0.190904 0.010964 1.84258 
1.00014 0.246902 0.0363385 1.8173 
1.01307 0.0976556 0.0742388 1.83068 
1.01392 0.203377 0.0251348 1.83999 
0.984772 0.225558 -0.057107 1.78244 
1.00019 0.247606 0.0343561 1.81742 
0.998652 0.243371 0.029604 1.8138 
1.01765 0.0874066 0.0707753 1.84004 
1.01778 0.0847069 0.077056 1.84059 
1.01804 0.0853952 0.0731333 1.84087 
1.01762 0.085778 0.0731683 1.83998 
0.986655 0.165687 0.074579 1.78232 
1.01618 0.172605 0.0745882 1.83973 
1.01755 0.187667 -0.0665217 1.84943 
0.987505 0.256258 0.115506 1.79769 
0.957183 0.298755 0.128574 1.74353 
0.959018 0.298598 0.116399 1.74571 
0.952949 0.305868 0.120471 1.73655 
0.957533 0.301333 0.122818 1.7451 
1.026 -0.00896265 0.0257213 1.85858 
1.02217 0.0208378 0.00233465 1.84942 
1.02753 0.0251269 0.0287885 1.86275 
1.023 0.0124412 0.0179449 1.85131 
1.00517 0.105994 0.0891065 1.81741 
1.01261 0.203868 0.0351325 1.8378 
0.943942 0.315392 0.0876115 1.71482 
0.948252 0.319105 0.087113 1.72517 
1.0207 0.105344 0.0608825 1.84575 
1.01969 0.0992274 0.0638296 1.84393 
1.02045 0.0985315 0.0622122 1.84529 
1.01954 0.100567 0.0624621 1.8431 
1.02007 0.181396 0.0492307 1.84873 
1.01297 -0.0173052 0.123339 1.84207 
1.02473 -0.0121689 0.0641826 1.86268 
1.02423 0.0256546 0.108996 1.86484 
1.02257 -0.00218756 0.100233 1.86026 
1.01877 0.180256 0.0149383 1.84767 
1.01942 0.177228 0.0157629 1.84893 
1.01909 0.178185 0.0133 1.84829 
1.01947 0.178487 0.014818 1.84916 
1.01005 0.22326 0.0144258 1.836 
1.02224 0.157861 0.0114528 1.85282 
0.999879 0.247378 0.0346623 1.81663 
0.970065 0.293731 -0.00781701 1.76227 
1.00022 0.247519 0.034566 1.81747 
0.986483 0.274137 0.00177384 1.79276 
0.995708 0.259749 0.0435692 1.81009 
1.01726 0.188085 -0.0627138 1.84844 
0.986135 0.283052 0.0226914 1.79298 
1.01987 0.171479 0.0791363 1.85051 
1.02469 0.148371 0.0639646 1.85917 
1.02016 0.165779 0.0585707 1.85082 
1.02039 0.16152 0.0673682 1.85042 
1.00026 0.247242 0.0345287 1.81752 
1.00978 0.130493 0.0950002 1.82769 
1.00901 0.130136 0.107357 1.82686 
1.01183 0.121838 0.100303 1.83093 
1.01054 0.127891 0.101241 1.82956 
0.971274 0.288746 -0.0118178 1.76518 
0.994699 0.262496 0.0387571 1.80853 
0.999937 0.247629 0.0348119 1.81682 
1.01469 0.192021 0.071232 1.8374 
1.0217 0.150917 0.0482777 1.85027 
1.00045 0.246507 0.0341698 1.81779 
0.999663 0.247748 0.0337724 1.81639 
0.995839 0.258341 0.0319104 1.80974 
1.02077 0.167672 -0.0559715 1.85411 
1.01581 0.196288 0.0103577 1.84268 
0.977052 0.256331 -0.00543248 1.77297 
0.972645 0.274211 -0.00525639 1.76617 
0.976058 0.268393 0.00693093 1.77257 
0.974537 0.266041 -0.00154496 1.76808 
1.01595 0.189778 0.00860327 1.84191 
0.992309 0.157024 0.173708 1.80106 
0.9992 0.147018 0.153143 1.81186 
0.994142 0.164822 0.147366 1.8023 
0.995427 0.156779 0.158944 1.80521 
1.01593 0.191927 0.0108894 1.84232 
1.00085 0.245047 0.0332556 1.81852 
0.980328 0.130954 -0.108002 1.76717 
0.999934 0.247498 0.034753 1.81683 
1.02591 0.138136 0.00284133 1.85937 
1.02434 0.14545 9.45633e-06 1.85709 
1.0243 0.145772 0.00915097 1.85685 
1.02519 0.143014 0.00400597 1.85823 
0.982654 0.230626 -0.0142416 1.77964 
0.981774 0.240001 -0.00762953 1.77938 
0.985574 0.222576 -0.00347391 1.7847 
0.982894 0.231055 -0.00831834 1.77936 
0.999551 0.248921 0.0349825 1.81619 
1.01617 0.198074 0.0135175 1.84362 
1.01791 0.184952 -0.0615739 1.84833 
1.01932 0.191583 -0.0468059 1.85226 
0.998795 0.250352 0.0415845 1.81526 
0.979673 0.242201 -0.0287154 1.77589 
0.978592 0.248592 -0.0293123 1.77391 
0.979629 0.247818 -0.0252966 1.77591 
0.979268 0.246217 -0.0278536 1.77516 
1.02715 0.108314 -0.0474716 1.86497 
1.02814 0.1155 -0.0402888 1.86653 
1.02883 0.107189 -0.0350302 1.86829 
1.02862 0.11053 -0.0410036 1.86813 
1.00146 0.0630299 0.18109 1.81811 
0.995868 0.0204004 0.183998 1.79962 
1.00712 0.0313484 0.155402 1.82593 
1.00727 0.0373504 0.1763 1.82828 
0.98558 0.27964 0.0158075 1.79118 
1.00074 0.2444 0.0361389 1.81815 
0.993157 0.236578 0.110887 1.80969 
0.99757 0.227827 0.0737362 1.81616 
0.985529 0.254711 0.0906494 1.79596 
0.99128 0.24099 0.0917476 1.80721 
1.02764 0.0870306 -0.0438229 1.8658 
1.02677 0.100903 -0.0485351 1.86392 
1.03052 0.101085 -0.0354688 1.87263 
1.0285 0.0970931 -0.0424789 1.86798 
1.01624 0.190647 0.0360254 1.84475 
1.01149 0.207467 0.0495406 1.83815 
1.01891 0.181956 0.0491048 1.85059 
1.01379 0.193497 0.0461375 1.84118 
0.997791 0.253579 0.0366438 1.81321 
1.00013 0.245746 0.0383092 1.8172 
0.970808 0.27162 -0.0482802 1.76163 
0.973101 0.265566 -0.0423763 1.76475 
1.00015 0.247697 0.0344537 1.81734 
1.02093 0.180976 0.0208863 1.85 
1.00012 0.247336 0.0353325 1.8172 
1.01652 0.0879207 0.0808839 1.83811 
1.01686 0.0913167 0.075482 1.83879 
1.01598 0.0956566 0.0818508 1.83733 
1.01681 0.0913822 0.0793749 1.83895 
1.00027 0.246967 0.0346807 1.81748 
1.02036 0.176819 -0.0557229 1.85365 
1.01721 0.183848 -0.0695444 1.8484 
1.01397 0.0767137 0.114939 1.83581 
1.01027 0.091626 0.122879 1.82784 
1.01082 0.0772014 0.133896 1.83124 
1.01161 0.0817401 0.124508 1.83087 
1.0002 0.246844 0.035923 1.81734 
1.01924 0.179434 -0.0576558 1.85105 
0.999041 0.246628 0.0313858 1.81491 
0.999966 0.247565 0.0346909 1.81697 
1.01362 0.0941886 0.0731442 1.83171 
0.94854 0.301633 -0.072284 1.72294 
0.945725 0.30882 -0.0628809 1.71731 
0.951861 0.313272 -0.0628886 1.73245 
0.948599 0.307197 -0.0663186 1.72356 
0.999902 0.247731 0.0349146 1.81679 
1.01652 0.194803 0.0135788 1.84344 
1.00024 0.247311 0.0343496 1.81747 
1.00686 0.189573 0.169854 1.82986 
0.998287 0.225795 0.152387 1.81531 
0.99144 0.225002 0.201279 1.80591 
0.999891 0.218308 0.175323 1.81897 
1.01856 0.185654 -0.00391482 1.84728 
1.00795 0.224046 0.0298722 1.8304 
1.0108 0.231072 -0.0193691 1.84058 
1.00044 0.246127 0.035553 1.81766 
1.00032 0.24527 0.0372159 1.81748 
1.01401 0.163786 0.179169 1.84625 
0.998188 0.194352 0.219323 1.82296 
1.00939 0.136261 0.206451 1.841 
1.00508 0.164329 0.200998 1.82915 
0.992584 0.245301 -0.00930918 1.80039 
0.999821 0.247589 0.0345364 1.81652 
1.01298 0.21717 -0.0414279 1.84117 
0.947967 0.322311 0.0483982 1.72216 
0.981532 0.28258 0.065625 1.78578 
1.01337 0.158374 0.0794568 1.83401 
1.02328 0.140249 -0.0530129 1.85781 
1.02398 0.135853 -0.0555219 1.85934 
0.99991 0.247714 0.0347565 1.81678 
1.01722 0.194708 -0.0525482 1.84833 
1.02292 0.156021 0.0179798 1.85377 
1.01579 0.191674 0.0100755 1.84178 
0.923648 0.350206 0.0656352 1.68077 
0.920737 0.34773 0.101631 1.67581 
0.939939 0.356968 0.0857518 1.72092 
0.927598 0.351894 0.0842911 1.69134 
1.02114 0.174657 -0.00915688 1.85247 
1.01983 0.170089 -0.0621001 1.85346 
1.01976 0.132857 0.0585058 1.84418 
1.02057 0.117735 0.0579986 1.84542 
1.02162 0.124121 0.0557767 1.84813 
1.02103 0.125599 0.0573149 1.84682 
0.999048 0.250214 0.0336353 1.81551 
0.999856 0.247151 0.0335354 1.81673 
0.982968 0.269506 -0.00884085 1.7856 
1.00026 0.246997 0.0350105 1.81743 
1.02835 0.116774 -0.0338331 1.86603 
1.02867 0.11527 -0.0219419 1.86523 
1.02902 0.108962 -0.0295497 1.86827 
1.02913 0.113801 -0.0280755 1.86732 
1.01743 0.193851 0.015381 1.84524 
0.972334 0.272731 -0.0129163 1.76554 
0.977829 0.258817 -0.0131198 1.77607 
0.972797 0.26375 -0.0238759 1.76519 
0.974232 0.26532 -0.0162158 1.76893 
1.0144 0.199248 0.00224195 1.84078 
1.00009 0.24745 0.0350291 1.81716 
1.00222 0.243589 0.0263272 1.82138 
0.99967 0.247121 0.0333213 1.81635 
1.01624 0.189393 0.0116038 1.84324 
0.999824 0.247416 0.0345193 1.81651 
1.02299 0.15222 -0.0328861 1.85658 
0.995763 0.138778 0.0901793 1.8028 
0.966049 0.312064 0.0917804 1.76018 
0.999463 0.249055 0.0342095 1.81607 
1.01731 0.181751 0.00757786 1.84431 
0.960705 0.310312 0.0123577 1.74583 
0.970683 0.252652 0.0628993 1.7556 
0.968533 0.260202 0.0698412 1.75076 
0.968839 0.256894 0.0750572 1.75293 
0.969026 0.25622 0.0689956 1.7522 
1.03003 0.090313 -0.0198236 1.87094 
1.02867 0.0824081 -0.0368725 1.86832 
1.02922 0.098882 -0.0299391 1.86919 
1.03087 0.0909408 -0.027823 1.87355 
0.998242 0.25429 0.0319243 1.81459 
0.999727 0.248656 0.0354942 1.81655 
0.978954 0.165301 -0.106905 1.76717 
0.99977 0.248003 0.0346233 1.81649 
1.02521 0.133558 -0.0479652 1.86118 
1.02438 0.133355 -0.0532395 1.85984 
1.02503 0.139497 -0.048793 1.86191 
1.02469 0.135586 -0.0494218 1.86052 
1.01736 0.174342 0.00568926 1.84385 
1.00703 0.228214 -0.0349753 1.83291 
0.985718 0.260513 0.0875414 1.7967 
1.00637 0.227782 0.023981 1.82798 
1.01481 0.20334 -0.000427729 1.84223 
1.00001 0.24754 0.0350369 1.817 
0.970274 0.274624 0.105029 1.76288 
0.972331 0.27515 0.109102 1.76732 
0.974127 0.268903 0.104662 1.77047 
0.972173 0.27298 0.105859 1.76707 
1.01846 0.179908 -0.0668982 1.85019 
0.973849 0.186936 -0.114645 1.7604 
0.99842 0.252719 0.0361603 1.81451 
0.950905 0.323172 0.059554 1.73024 
1.02234 0.150816 -0.055308 1.85692 
1.02683 0.106168 0.100946 1.86573 
1.01929 0.133214 0.143078 1.85431 
1.02367 0.0803029 0.117397 1.86136 
1.02444 0.105027 0.120161 1.86294 
1.01878 0.175033 -0.0642551 1.85089 
1.01821 0.176516 -0.0671652 1.84939 
1.00162 0.160249 0.0873439 1.81572 
0.979124 0.255951 -0.0248635 1.77503 
0.998792 0.250143 0.0393283 1.81517 
1.01918 0.181969 -0.00357408 1.84836 
0.981589 0.26674 0.142061 1.79438 
0.999859 0.24797 0.0348201 1.81669 
0.999924 0.246913 0.0324117 1.81693 
1.01613 0.193121 0.00404317 1.84362 
0.965542 0.316153 0.0820043 1.75846 
1.01605 0.194195 0.00586862 1.84369 
1.01838 0.181686 0.0644017 1.84238 
0.972375 0.250524 0.142825 1.7673 
0.968238 0.268069 0.136043 1.7604 
0.964746 0.269742 0.156377 1.75688 
0.967651 0.262095 0.144618 1.75806 
0.96252 0.265713 0.139825 1.74504 
0.973163 0.257834 -0.0345201 1.76497 
0.976915 0.273678 -0.0192602 1.77295 
1.02666 0.125537 -0.027621 1.86204 
1.02814 0.119987 -0.0215056 1.86514 
1.0278 0.120685 -0.0333159 1.86532 
1.02717 0.122101 -0.0271868 1.86359 
1.02019 0.178053 -0.0499808 1.85286 
1.02161 0.173321 -0.0333878 1.855 
1.00795 0.225752 0.0091147 1.83132 
1.01596 0.177435 0.00439118 1.84055 
0.958368 0.269378 0.125538 1.73295 
1.01479 0.204549 -0.0539301 1.84392 
1.0196 0.16613 -0.0631387 1.85283 
0.990894 0.236547 -0.0258583 1.79617 
1.00033 0.246974 0.0343543 1.81761 
0.98848 0.192821 -0.0653613 1.78838 
0.992405 0.268735 0.0577886 1.80686 
0.974317 0.282806 0.109183 1.77238 
0.974219 0.279198 0.111623 1.77099 
1.0007 0.245669 0.0324125 1.81826 
1.01695 0.088735 0.0665815 1.83838 
1.01684 0.0890021 0.066267 1.83822 
1.01689 0.0890633 0.0669567 1.83836 
1.0169 0.0888897 0.066539 1.83835 
0.971691 0.311674 0.0677885 1.77069 
1.01767 0.0900483 0.0679163 1.83975 
1.01817 0.0924734 0.0665369 1.84087 
1.01764 0.0924369 0.0670363 1.83978 
1.01757 0.0916775 0.0671269 1.8395 
1.01976 0.17543 0.0103923 1.8492 
1.01979 0.174047 0.0143224 1.84941 
1.02037 0.17197 0.0113088 1.85039 
1.0201 0.17375 0.0120393 1.84996 
1.01515 0.192106 -0.0768203 1.84554 
0.951212 0.32166 0.0422038 1.72917 
0.974391 0.229283 0.154993 1.76992 
0.971553 0.233053 0.18664 1.76727 
0.978862 0.211325 0.170763 1.77798 
0.976274 0.224974 0.171442 1.77504 
0.979351 0.141794 -0.112566 1.76664 
0.956414 0.322034 0.0820132 1.74327 
0.972069 0.260779 -0.0351303 1.76408 
0.987038 0.235181 -0.0359544 1.78804 
0.99204 0.157774 0.0803978 1.79485 
1.00497 0.241128 0.0109241 1.82836 
1.01682 0.0895964 0.0661526 1.83824 
1.01675 0.0910832 0.0665823 1.83823 
1.01698 0.0895916 0.0671524 1.83863 
1.01686 0.0900119 0.0666075 1.83838 
0.944604 0.314209 0.0992907 1.71803 
0.949442 0.313823 0.111804 1.73042 
0.950828 0.319953 0.0958118 1.7324 
0.948349 0.316903 0.102465 1.72726 
1.01469 0.0988042 0.0703571 1.83408 
1.01688 0.184909 -0.072128 1.84787 
0.999724 0.248397 0.0341953 1.81651 
1.0002 0.247402 0.0345618 1.81741 
0.976802 0.0886774 0.260714 1.7869 
0.992397 0.0177094 0.195167 1.80819 
1.00666 0.0922991 0.22218 1.83717 
0.989289 0.0679211 0.228125 1.80218 
0.9995 0.248054 0.0417361 1.81642 
1.0176 0.190259 0.0634482 1.84448 
1.01245 0.210803 0.00789152 1.83904 
0.999842 0.247481 0.0346083 1.81656 
0.983009 0.245483 -0.0365225 1.78347 
1.01713 0.0896234 0.0670339 1.8387 
1.01734 0.0896344 0.067838 1.83903 
1.01727 0.0914683 0.0672353 1.83893 
1.01728 0.0902237 0.0673731 1.83899 
1.01362 0.203461 0.0201212 1.83907 
1.02158 0.152928 -0.0585233 1.85612 
0.968954 0.301771 0.103718 1.76592 
0.996019 0.110391 0.192252 1.81097 
0.989107 0.140624 0.194704 1.79765 
0.988966 0.125196 0.212446 1.79249 
0.990029 0.12484 0.200864 1.79912 
1.01968 0.0673875 0.0799958 1.84417 
1.01884 0.0540305 0.0798261 1.84169 
1.01908 0.0658053 0.0716958 1.84179 
1.02036 0.0624429 0.0774136 1.84544 
0.972528 0.286425 -0.00935857 1.76577 
1.0155 0.197896 0.0230645 1.84308 
0.967409 0.315581 0.0315691 1.76151 
0.94767 0.262159 0.179352 1.72562 
0.961123 0.249692 0.192593 1.75155 
0.95692 0.27209 0.172381 1.74451 
0.955668 0.264035 0.183023 1.74213 
1.01601 0.195201 0.0257188 1.84366 
0.958594 0.298571 -0.007187 1.74153 
0.951907 0.126584 0.226596 1.73003 
0.978178 0.0568902 0.223536 1.77701 
0.982235 0.109913 0.229269 1.78585 
0.969047 0.0955343 0.230654 1.7659 
1.01535 0.102082 0.0734644 1.83608 
1.01442 0.10932 0.0780958 1.83476 
1.01552 0.102734 0.080885 1.83682 
1.01542 0.104467 0.0772259 1.83662 
1.00643 0.227028 0.0278744 1.82775 
1.01652 0.0933951 0.0677494 1.83787 
1.0162 0.097043 0.0700043 1.83749 
1.01667 0.0929899 0.0713749 1.83823 
1.01663 0.0943928 0.0695483 1.8383 
1.01421 0.202979 0.0546805 1.83909 
0.977581 0.254806 -0.0299441 1.77305 
1.01703 0.187601 0.0116079 1.84447 
1.02166 0.157677 -0.0574904 1.85687 
1.00105 0.243776 0.0378972 1.81864 
1.00862 0.221837 0.0255638 1.8313 
1.01308 0.181009 0.0765117 1.83352 
1.01455 0.0942169 0.0709458 1.83361 
0.967937 0.268931 0.0966479 1.75858 
0.967628 0.262902 0.085663 1.75457 
0.966435 0.267855 0.0897561 1.75071 
0.966231 0.266655 0.0899633 1.75268 
0.974892 0.3018 0.0261757 1.77567 
1.02363 0.151137 0.000448204 1.85688 
1.02293 0.15747 0.00378381 1.85538 
1.0238 0.150374 0.0087204 1.85695 
1.02279 0.152518 0.00451881 1.85515 
0.952851 0.313495 0.0149044 1.73117 
1.01931 0.182512 0.0171311 1.84625 
1.00422 0.238655 0.0155723 1.82561 
1.02034 0.171722 -0.0577541 1.85365 
0.987273 0.276673 0.0534021 1.79616 
1.01717 0.0888566 0.0680571 1.83887 
1.01706 0.0889759 0.0669939 1.83863 
1.01693 0.0889337 0.0675964 1.83849 
1.01706 0.0888609 0.0675716 1.83872 
0.971619 0.307032 0.0141053 1.76769 
0.999911 0.247156 0.0335326 1.81681 
1.01868 0.15006 0.0579814 1.8423 
1.01351 0.204279 -0.014217 1.84035 
0.969286 0.266185 -0.0625344 1.75945 
1.00904 0.226987 -0.00200702 1.83428 
0.999809 0.248096 0.0349687 1.81658 
0.984182 0.141701 -0.078638 1.77482 
1.01975 0.182282 0.0243508 1.84837 
1.01576 0.192936 -0.0011292 1.84294 
1.00034 0.246693 0.0348696 1.81755 
0.997774 0.249905 0.0267143 1.8123 
0.999266 0.123117 0.0916086 1.80932 
0.966375 0.318985 0.0629542 1.7603 
1.0158 0.191896 0.0109266 1.8419 
1.02016 0.164228 -0.0607073 1.85366 
1.0157 0.195141 -0.0629449 1.84615 
0.999883 0.247897 0.0354056 1.81676 
0.983707 0.132807 -0.0948143 1.77447 
0.999591 0.248015 0.0334299 1.81627 
0.999969 0.247699 0.0358332 1.817 
0.955158 0.286306 -0.0867641 1.7336 
0.945497 0.355347 0.0460918 1.72755 
0.929259 0.351987 0.0527537 1.69349 
0.943652 0.356456 0.0737256 1.72701 
0.940552 0.356435 0.0577739 1.71951 
0.999934 0.247691 0.0349785 1.81685 
1.02454 0.156626 -0.0237374 1.85992 
1.02474 0.15438 -0.0270422 1.86081 
0.999834 0.247228 0.0338052 1.8167 
1.01609 0.191325 0.00978721 1.84238 
1.02079 0.171628 0.00739158 1.85121 
1.02108 0.173122 0.00318804 1.85223 
1.02043 0.175186 0.00568308 1.8508 
1.02035 0.173101 0.00545839 1.85037 
0.978636 0.152411 -0.101987 1.76579 
1.00502 0.228721 0.0451241 1.82377 
1.01005 0.21195 0.0377516 1.83306 
1.01644 0.195585 -0.00558758 1.84481 
1.00006 0.247508 0.0348041 1.81711 
0.99054 0.167255 0.0417214 1.79091 
0.988648 0.189696 0.0391568 1.78698 
0.98532 0.177933 0.0558047 1.77945 
0.989433 0.17988 0.044647 1.78908 
0.959384 0.258641 -0.106413 1.73832 
0.936551 0.330161 -0.0228524 1.70179 
0.933717 0.337677 -0.00556209 1.69726 
0.944651 0.34238 -0.0104372 1.72092 
0.937983 0.33596 -0.0137009 1.70609 
0.999918 0.247407 0.0344194 1.81687 
1.01669 0.188965 0.0110741 1.84435 
0.983833 0.251539 -0.0272472 1.78515 
1.01421 0.112269 0.0828432 1.83489 
1.01365 0.112752 0.0930451 1.83425 
1.01511 0.104969 0.0857358 1.83615 
1.01446 0.110051 0.0873496 1.83531 
1.0112 0.0488776 0.132886 1.83247 
1.01279 0.0663396 0.116293 1.83263 
1.00907 0.0677016 0.133509 1.8274 
1.01237 0.0615469 0.127399 1.83431 
1.00398 0.2358 0.0324726 1.82409 
1.0013 0.239663 0.0116668 1.81986 
0.998732 0.203517 -0.032653 1.8106 
1.01944 0.178732 0.010414 1.84793 
1.00901 0.224098 -0.047413 1.83572 
1.01696 0.108826 0.0671824 1.83891 
1.01772 0.118 0.0643075 1.84077 
1.01621 0.118787 0.0697197 1.83787 
1.01687 0.114941 0.0672159 1.83896 
0.99985 0.247419 0.03465 1.81657 
1.01713 0.0995532 0.066733 1.83904 
1.01675 0.0946582 0.0670301 1.83809 
1.01753 0.0943374 0.06681 1.83968 
1.01695 0.0960867 0.0666929 1.83843 
1.02281 0.161598 -0.0226177 1.85585 
0.999763 0.247239 0.0341166 1.81648 
1.01457 0.0990925 0.0697655 1.83367 
1.01471 0.101829 0.070862 1.83396 
1.00504 0.131849 0.135022 1.82048 
1.00937 0.11632 0.124805 1.82719 
1.00926 0.13005 0.118184 1.82747 
1.00667 0.126297 0.125847 1.82121 
0.954757 0.310938 0.00976222 1.73603 
1.00326 0.112635 0.0893222 1.81462 
1.02058 0.165947 0.0105492 1.84922 
0.977938 0.245897 -0.038009 1.77243 
0.977509 0.239966 -0.0414123 1.77079 
0.970836 0.264819 -0.0313694 1.76146 
1.00243 0.241173 0.0331557 1.8212 
1.01229 0.135427 0.0819588 1.83029 
1.02275 0.166746 -0.0141141 1.85579 
1.02374 0.163432 -0.0171826 1.85804 
1.01552 0.19151 -0.0746663 1.84602 
0.969412 0.277057 0.12689 1.76483 
1.0161 0.190503 0.00984656 1.84315 
1.01032 0.218248 0.0136942 1.83535 
0.999781 0.247615 0.0343359 1.81644 
0.968699 0.277696 0.114387 1.76213 
0.965975 0.221804 -0.116859 1.74641 
1.00152 0.243487 0.0365064 1.81963 
0.978647 0.153833 -0.115396 1.76594 
1.02086 0.0859416 0.0642733 1.84605 
1.02181 0.0911615 0.0579527 1.84808 
1.02098 0.0947252 0.0614215 1.8464 
1.02018 0.0904522 0.0611678 1.84429 
1.01617 0.192756 0.0285227 1.84495 
1.01653 0.195218 0.0137597 1.84888 
1.01043 0.209201 0.0419185 1.8373 
1.01317 0.201797 0.0262775 1.84056 
0.964586 0.311322 0.0969144 1.75716 
1.00957 0.126003 0.0826297 1.82464 
0.999965 0.247608 0.034783 1.81688 
1.02132 0.136678 0.0505592 1.84841 
1.02029 0.136519 0.057591 1.84578 
1.02218 0.128105 0.053402 1.84969 
1.02129 0.13362 0.0540341 1.84792 
1.01669 0.0937593 0.0741447 1.83839 
1.01623 0.0984866 0.072745 1.83784 
1.01615 0.0984264 0.0793108 1.83782 
1.01632 0.0970354 0.075366 1.83783 
1.01454 0.194348 -0.0770364 1.8444 
0.961981 0.26926 -0.0870448 1.74139 
1.009 0.102295 0.0815337 1.82342 
1.01612 0.193444 0.00740369 1.8434 
0.970671 0.190215 -0.118049 1.75409 
1.00892 0.0972197 0.135163 1.82701 
1.00858 0.0877479 0.163443 1.82976 
1.00814 0.0764429 0.142843 1.82633 
1.00827 0.0868089 0.148196 1.82713 
1.0226 0.120095 0.0441896 1.85046 
1.02103 0.134509 0.0464181 1.84754 
1.02202 0.124842 0.0501498 1.84911 
1.02285 0.126934 0.0462838 1.85142 
1.00017 0.247219 0.0347901 1.81729 
1.01682 0.0897166 0.0679996 1.83829 
1.01675 0.091724 0.0675842 1.8383 
1.0167 0.0909773 0.0701634 1.83811 
1.01688 0.0907944 0.0685511 1.83855 
0.999835 0.247963 0.034709 1.81664 
0.999945 0.247605 0.0347472 1.81684 
0.954346 0.316432 0.0245575 1.73501 
0.990796 0.268634 0.0127996 1.79913 
0.976462 0.234017 0.0505103 1.76475 
0.973675 0.244348 0.0562382 1.75979 
0.973634 0.238164 0.0619279 1.75935 
0.974171 0.238748 0.0561315 1.76035 
0.984325 0.273954 0.0701667 1.79149 
0.960236 0.321192 0.0436116 1.74785 
1.00044 0.246678 0.0345993 1.81777 
1.00774 0.101558 0.0852992 1.8211 
0.981395 0.288299 0.0246371 1.78426 
0.998933 0.247422 0.0290091 1.81462 
1.03022 0.103975 0.0191002 1.86901 
1.0293 0.0983898 0.00149879 1.86653 
1.02929 0.112147 0.00840082 1.86655 
1.02964 0.105231 0.0107458 1.86746 
1.01724 0.186958 0.0108308 1.84479 
0.974854 0.302268 0.00581784 1.77325 
1.01463 0.201815 0.0105013 1.84083 
1.0014 0.240269 0.0439842 1.81906 
1.01799 0.19412 -0.0418481 1.84888 
0.976702 0.166374 -0.117737 1.7624 
1.01674 0.191933 0.0109586 1.844 
1.01587 0.192092 0.0107242 1.84205 
1.03034 0.0961971 0.0362453 1.87019 
1.02734 0.0941515 0.0613189 1.86444 
1.03171 0.074773 0.0381647 1.87451 
1.03055 0.0876471 0.0448667 1.87168 
0.985776 0.19674 0.044386 1.78083 
0.981887 0.205782 0.0614399 1.7746 
0.986502 0.187698 0.0583333 1.78297 
0.984152 0.196099 0.0545559 1.77772 
1.01602 0.199719 -0.0284081 1.84608 
1.00015 0.114482 0.0918871 1.80975 
1.01633 0.0957536 0.0676512 1.83744 
1.01669 0.10157 0.0675715 1.83827 
1.0166 0.100879 0.0693179 1.83832 
1.01628 0.0994462 0.0681706 1.83739 
1.01502 0.136118 0.0747492 1.83556 
1.00029 0.246549 0.0356724 1.81742 
0.996737 0.234349 0.117531 1.8107 
0.942375 0.314624 -0.0514646 1.71144 
0.938738 0.321979 -0.0377646 1.70514 
0.947395 0.32642 -0.0423195 1.72339 
0.942984 0.31993 -0.0444036 1.71396 
0.965478 0.266515 0.0768789 1.74566 
0.963188 0.271104 0.0839905 1.74214 
0.964653 0.268799 0.0863378 1.74521 
0.964546 0.268715 0.0822252 1.74467 
0.962059 0.290083 -0.0160496 1.74694 
0.999633 0.248591 0.0343591 1.81635 
0.991087 0.254723 0.000194285 1.79729 
1.01239 0.207702 0.0342487 1.83779 
1.00015 0.247358 0.0348633 1.81727 
1.01527 0.195724 0.0338581 1.84166 
0.967603 0.259163 -0.0932032 1.7525 
1.01703 0.188207 -0.0719122 1.84838 
0.976275 0.22611 -0.0896021 1.77223 
0.978154 0.29291 0.0791229 1.7832 
1.01471 0.199437 0.0178568 1.84109 
1.00057 0.246122 0.0376481 1.81818 
0.948 0.289024 -0.0864137 1.72145 
0.95333 0.290788 -0.0846932 1.73337 
0.957868 0.303457 0.000237743 1.74065 
0.985564 0.279303 0.0369463 1.79133 
0.968895 0.272188 -0.0263807 1.7577 
0.978017 0.252117 -0.025937 1.77216 
0.978676 0.252759 -0.0283682 1.77392 
0.9984 0.251078 0.0312453 1.8143 
1.00183 0.244172 0.0318536 1.82046 
0.92762 0.347304 0.125484 1.69414 
0.955161 0.337494 0.137829 1.75189 
0.945946 0.352023 0.10329 1.73536 
0.942164 0.348423 0.122295 1.72785 
1.02055 0.178701 0.0133514 1.84894 
1.01847 0.183255 0.010569 1.84672 
0.966494 0.320017 0.0535505 1.76074 
1.01668 0.125112 0.0691103 1.83916 
1.01584 0.124854 0.0651964 1.83656 
0.999818 0.248001 0.0343101 1.81657 
0.962173 0.251719 -0.105683 1.74175 
0.963885 0.287086 -0.0163502 1.74979 
0.999383 0.249454 0.0358695 1.81603 
1.00064 0.243688 0.0430535 1.81822 
1.03152 0.0880196 0.0029096 1.87261 
1.03126 0.0955668 0.0234601 1.87169 
1.0327 0.0745496 0.0213894 1.87604 
1.03111 0.0863142 0.015624 1.87132 
1.01704 0.190477 0.0197319 1.84423 
0.998522 0.252706 0.0349806 1.81482 
0.969173 0.240823 -0.0804639 1.7557 
0.999872 0.247825 0.0348218 1.81671 
0.98052 0.27832 -0.0121728 1.78086 
0.999895 0.247856 0.035193 1.81678 
1.0017 0.177724 0.0813785 1.81602 
1.02101 0.169851 0.0922681 1.85232 
0.968183 0.216959 -0.102743 1.75338 
1.00435 0.242472 0.0152244 1.82677 
1.01723 0.173057 0.0697546 1.84027 
1.00754 0.232003 -0.0112193 1.83177 
1.00358 0.213358 -0.0423488 1.82358 
1.0314 0.0622484 0.050139 1.87488 
1.02942 0.088672 0.0761875 1.87044 
1.02907 0.0615265 0.0894156 1.87104 
1.02768 0.0700248 0.0709376 1.86623 
1.01374 0.204242 0.00695071 1.83993 
0.980595 0.138077 -0.109397 1.76917 
0.981557 0.286829 0.0960173 1.7905 
0.967379 0.275521 -0.0267065 1.75547 
1.02576 0.134676 0.0173633 1.85895 
1.02587 0.134975 0.00741059 1.85914 
1.0243 0.143324 0.0139308 1.85651 
1.02549 0.137685 0.0130491 1.85879 
0.975363 0.242282 0.0808291 1.76533 
0.976261 0.224999 0.0710085 1.76408 
0.974537 0.236042 0.0694464 1.76178 
0.976686 0.234321 0.0734887 1.76634 
1.01411 0.200616 0.0340291 1.84061 
0.967078 0.247067 -0.0919902 1.75009 
1.00671 0.231356 0.0221567 1.82983 
0.96388 0.276059 0.10618 1.74921 
0.964238 0.27676 0.105044 1.74905 
1.01542 0.201945 0.0176124 1.84273 
1.00649 0.0714928 0.164525 1.8264 
1.01205 0.0479058 0.147799 1.83654 
1.00921 0.068053 0.142655 1.82914 
1.00742 0.0613836 0.152187 1.82584 
1.00687 0.105087 0.0874733 1.8197 
0.965946 0.279819 -0.0226027 1.75352 
1.01394 0.10202 0.0718605 1.83268 
0.997621 0.242331 0.0266274 1.81152 
1.00685 0.224822 0.034629 1.8275 
1.00184 0.245036 0.0285959 1.82062 
1.02139 0.173595 0.014498 1.85077 
0.979609 0.237793 -0.0332859 1.77543 
0.979881 0.235118 -0.0395802 1.77577 
0.978032 0.243489 -0.035728 1.77284 
0.978414 0.238757 -0.036012 1.77284 
1.00033 0.247355 0.0330142 1.81773 
1.02168 0.162608 0.0237738 1.85063 
1.00701 0.233771 0.00404758 1.8308 
1.00001 0.24739 0.0338828 1.81705 
1.00029 0.246888 0.0348755 1.8175 
0.999268 0.249661 0.0331532 1.81579 
1.02354 0.147495 0.0251559 1.85488 
1.02125 0.14702 0.0188835 1.84943 
0.963067 0.27616 -0.07794 1.74722 
0.9616 0.319647 0.0322012 1.7512 
1.01866 0.187885 -0.00906049 1.84698 
0.98512 0.0532182 0.207356 1.7758 
0.994397 0.0877791 0.195704 1.8041 
0.98859 0.104679 0.218253 1.78612 
0.993906 0.0862137 0.208448 1.79508 
1.02 0.184074 -0.0576084 1.85282 
0.99987 0.247954 0.0350574 1.81672 
0.999838 0.247778 0.0346545 1.81661 
0.980063 0.284376 0.0857613 1.78576 
0.959076 0.270547 -0.0964906 1.73848 
1.00841 0.223248 0.0191263 1.83152 
0.955979 0.345649 0.0376272 1.74707 
0.967451 0.323781 0.0519955 1.76912 
0.964335 0.327416 0.026091 1.76078 
0.962234 0.333257 0.0388035 1.75826 
1.02155 0.176049 -0.0385294 1.85567 
1.02058 0.183435 -0.0502864 1.85394 
0.954638 0.309401 -0.0613528 1.74082 
0.962011 0.297238 -0.0611258 1.74836 
0.957117 0.302761 -0.0671142 1.74141 
1.00329 0.235776 0.0393075 1.82278 
1.01749 0.163049 0.067245 1.84004 
0.999567 0.246241 0.0324402 1.81616 
0.999729 0.248308 0.0353872 1.81652 
1.01664 0.0920893 0.0668926 1.83773 
1.01699 0.0899913 0.0667805 1.83839 
1.01712 0.0922302 0.0670848 1.83865 
1.01703 0.0914043 0.0668861 1.83853 
0.962902 0.27272 0.088936 1.74187 
0.962638 0.27485 0.0970766 1.74349 
0.964906 0.271039 0.0905829 1.74738 
0.963421 0.272829 0.0924409 1.74414 
0.960162 0.275902 0.111212 1.73727 
0.959191 0.275482 0.10742 1.73402 
0.974316 0.287243 0.107134 1.77406 
0.964581 0.311919 0.0171488 1.75368 
0.965823 0.233432 -0.111477 1.74704 
0.973295 0.274454 0.110353 1.76909 
0.974117 0.271455 0.114 1.77074 
0.973799 0.266304 0.107588 1.76901 
0.973035 0.270099 0.110771 1.76786 
1.0246 0.143973 -0.00487075 1.85781 
1.02614 0.135932 -0.00291414 1.85979 
1.02528 0.137456 -0.0111786 1.85866 
1.02517 0.13838 -0.00638124 1.85836 
1.02658 0.129163 -0.0430852 1.86275 
1.02662 0.127314 -0.0328271 1.86219 
1.02723 0.123399 -0.0390949 1.86431 
1.02701 0.126597 -0.0385708 1.86342 
1.01792 0.0966267 0.0656876 1.84029 
1.01738 0.101027 0.0660286 1.83946 
1.01741 0.0945811 0.0667937 1.83926 
1.0181 0.0974826 0.0662048 1.84097 
1.02339 0.0556641 0.0542196 1.85192 
1.02169 0.0405432 0.0694321 1.84871 
1.02526 0.039452 0.0480502 1.85688 
1.02297 0.0442578 0.057643 1.85134 
0.992852 0.221361 -0.00264787 1.79881 
1.00014 0.247348 0.0347711 1.81726 
1.01515 0.198878 -0.0613389 1.84503 
1.01513 0.201564 0.0130914 1.84194 
1.01918 0.0941051 0.0655191 1.84269 
1.02007 0.0872879 0.0657667 1.84423 
1.01933 0.0947691 0.0626909 1.8424 
1.02012 0.0919091 0.0644911 1.84454 
1.02507 0.137607 0.0233867 1.85778 
1.02445 0.146271 0.0191663 1.85702 
1.02405 0.146192 0.029041 1.85626 
1.02448 0.143248 0.0241419 1.85697 
0.997835 0.25209 0.0298334 1.81316 
0.965145 0.277664 0.13555 1.75557 
0.958211 0.290822 0.13878 1.74564 
0.958923 0.280912 0.151889 1.74765 
0.961227 0.283769 0.142679 1.75138 
1.01392 0.203941 0.00998727 1.84044 
0.98307 0.287011 0.035434 1.78884 
1.01901 0.185054 -0.0457176 1.85046 
0.972886 0.305391 0.0604633 1.77305 
1.01551 0.117603 0.0743612 1.83626 
1.01349 0.109257 0.0968083 1.83381 
1.01495 0.0984434 0.0960859 1.83703 
1.01499 0.102037 0.0889675 1.83578 
1.01414 0.103235 0.0943112 1.83482 
0.998217 0.251495 0.032727 1.81401 
1.00541 0.229433 0.0359075 1.8251 
0.974855 0.295255 0.00567318 1.77178 
0.968238 0.215986 -0.113572 1.75066 
0.999879 0.248041 0.0358408 1.8168 
1.00239 0.236355 0.0362455 1.82073 
1.01061 0.130292 0.0866439 1.82798 
1.01763 0.198624 0.0604917 1.84504 
0.968755 0.245134 0.185461 1.76465 
0.972142 0.241314 0.155873 1.76743 
0.962816 0.265186 0.167863 1.75383 
0.969172 0.250902 0.17164 1.76467 
1.0185 0.19141 -0.0556985 1.85126 
1.00809 0.111558 0.0867974 1.8222 
1.00021 0.247586 0.0340121 1.81746 
1.01751 0.0821415 0.0808036 1.83998 
1.01826 0.0777414 0.0805343 1.84148 
1.01807 0.0832353 0.075422 1.84087 
1.01823 0.0810404 0.0790607 1.84152 
0.982128 0.277932 0.102815 1.79055 
0.99903 0.249105 0.0319716 1.81515 
0.989177 0.1713 0.1775 1.79702 
0.991838 0.173577 0.150261 1.79938 
0.985247 0.189525 0.169484 1.79039 
0.988331 0.179156 0.166223 1.79445 
0.971609 0.24805 0.0620225 1.75623 
0.969894 0.252729 0.0742695 1.75474 
0.973349 0.242968 0.066605 1.75996 
0.971777 0.247857 0.0679124 1.75707 
1.01375 0.2012 0.0420899 1.83964 
0.978943 0.28453 -0.00403974 1.77793 
1.00493 0.237897 0.00495626 1.82738 
0.970461 0.200402 -0.115095 1.75482 
1.01286 0.202038 0.0468221 1.83728 
1.01536 0.196586 0.030162 1.84257 
1.02403 0.150841 0.0195745 1.85656 
1.0219 0.158499 0.0244581 1.85301 
1.02319 0.151167 0.0286919 1.85498 
1.0229 0.153359 0.0244566 1.85476 
1.01706 0.189687 0.00469839 1.84503 
1.02115 0.110188 0.0571784 1.84675 
1.02138 0.100674 0.0543669 1.84707 
1.02096 0.117004 0.0539317 1.84603 
1.02104 0.108691 0.0547462 1.84632 
1.01582 0.194826 0.00152415 1.84349 
0.975776 0.243636 0.0988132 1.76794 
0.974129 0.249611 0.0913835 1.76557 
0.974312 0.257988 0.100724 1.76758 
0.97616 0.250746 0.0970578 1.76966 
0.999621 0.248474 0.0336273 1.81637 
0.968079 0.316082 0.0445956 1.76365 
1.00807 0.121281 0.0886605 1.82233 
1.01889 0.181337 0.0395293 1.84655 
0.99968 0.246293 0.0440892 1.81653 
1.0112 0.212478 0.0433164 1.83621 
0.999617 0.247301 0.0335919 1.81627 
1.02604 0.132297 -0.0250283 1.86042 
1.02508 0.143668 -0.0248853 1.86013 
1.0259 0.137371 -0.0196178 1.86009 
1.02559 0.137391 -0.0229247 1.85956 
0.935586 0.343418 0.00545892 1.70285 
0.945982 0.35245 0.02131 1.72672 
0.946864 0.347122 4.96218e-05 1.72644 
0.943353 0.349507 0.00871853 1.72032 
0.975824 0.28961 -0.00300954 1.77256 
0.998029 0.25284 0.0334038 1.81377 
0.978633 0.276882 0.11807 1.78182 
1.01115 0.207559 0.0443745 1.83529 
0.999422 0.249174 0.0335156 1.81593 
0.970856 0.205459 -0.106898 1.75733 
0.954243 0.323665 0.0564919 1.73765 
1.00048 0.245219 0.0367202 1.81777 
1.00073 0.244902 0.0378049 1.8185 
1.02111 0.170884 0.0248417 1.84966 
1.01537 0.0954828 0.0688002 1.83542 
1.01583 0.0945426 0.0679668 1.83636 
1.01579 0.0988107 0.069269 1.83635 
1.01602 0.0958784 0.0686919 1.83691 
0.999561 0.248697 0.0341185 1.81624 
1.0155 0.198315 0.0115621 1.84201 
1.0124 0.206836 -0.0712939 1.84196 
0.964719 0.30187 -0.000102108 1.75283 
1.00013 0.247424 0.0348538 1.81724 
1.01656 0.19222 -0.0600489 1.8476 
0.999104 0.249857 0.0366488 1.81565 
1.00103 0.242887 0.039452 1.81846 
1.02426 0.155586 -0.0151256 1.85871 
1.02393 0.150332 -0.00893099 1.85729 
1.02486 0.143674 -0.0142002 1.85851 
1.0244 0.149986 -0.0128416 1.85842 
1.01282 0.206376 0.0184448 1.83882 
1.01882 0.179882 -9.74213e-05 1.84749 
0.961449 0.29439 -0.0107794 1.74645 
1.01426 0.198385 0.0365446 1.84015 
1.02942 0.101423 -0.00774341 1.8672 
1.02929 0.113558 -0.0116766 1.86665 
1.02937 0.113237 0.00162459 1.8668 
1.02963 0.10911 -0.00592236 1.86755 
0.997413 0.254374 0.0529214 1.81377 
1.02049 0.176154 -0.000280899 1.85116 
0.977831 0.221387 0.0640866 1.76649 
0.977549 0.227141 0.0521789 1.76572 
0.97539 0.233443 0.063749 1.76282 
0.977083 0.227387 0.0603002 1.7653 
1.0272 0.125194 0.0200449 1.8619 
1.0291 0.11128 0.0227724 1.86661 
1.02846 0.117867 0.0113568 1.86453 
1.0286 0.118463 0.0176163 1.86493 
1.01678 0.192524 0.011677 1.84394 
0.999784 0.247376 0.0342192 1.81648 
1.0146 0.201973 -0.00483025 1.84152 
1.01682 0.126423 0.0721157 1.83975 
1.01952 0.175734 0.0140828 1.84891 
1.01976 0.176441 0.0106369 1.8493 
1.01914 0.177367 0.0121092 1.84841 
1.01942 0.176455 0.0121958 1.84865 
0.9997 0.24722 0.0337983 1.81641 
1.00032 0.246707 0.0353665 1.81753 
0.978908 0.160359 -0.0989824 1.76643 
1.01923 0.18164 -0.0638302 1.85163 
0.990578 0.245407 -0.0185334 1.79658 
0.951484 0.318103 -0.0568587 1.73213 
0.945804 0.313595 -0.0569453 1.71816 
0.950372 0.325293 -0.0472655 1.729 
0.950519 0.320395 -0.0538172 1.72903 
0.986995 0.26153 -0.00944605 1.79146 
1.01997 0.178498 -0.0613458 1.85331 
0.982319 0.145737 -0.0885948 1.77253 
1.00393 0.16117 0.0877007 1.81768 
1.00219 0.241497 0.0311097 1.82065 
1.01524 0.197522 -0.0760234 1.84612 
0.977313 0.255733 -0.0180726 1.77326 
0.978669 0.257232 -0.0271542 1.77606 
0.976095 0.259147 -0.0254658 1.7718 
0.999629 0.248108 0.0337963 1.81633 
1.02261 0.0498257 0.0716278 1.85082 
1.02394 0.061036 0.0567779 1.85319 
1.02289 0.0647879 0.066017 1.85099 
1.0213 0.0581673 0.0640812 1.84697 
1.00785 0.108379 0.0826592 1.82083 
1.02174 0.098992 0.0512876 1.84752 
1.02286 0.109702 0.0451832 1.85065 
1.02267 0.117783 0.0509312 1.85037 
1.02212 0.109244 0.0489578 1.84868 
0.999378 0.248145 0.0318359 1.81587 
0.976052 0.291764 0.135609 1.78472 
0.989796 0.250881 0.128829 1.80231 
0.98561 0.270298 0.101988 1.79562 
0.982552 0.270006 0.12154 1.7896 
1.02025 0.0977701 0.0565815 1.8444 
1.02001 0.104765 0.0590264 1.84391 
1.01974 0.0980947 0.060768 1.84329 
1.02059 0.0998312 0.0588914 1.84535 
0.978831 0.149764 -0.111106 1.76604 
0.998054 0.255442 0.0401665 1.81475 
0.9999 0.246638 0.0313779 1.81696 
1.00022 0.246585 0.0368078 1.81741 
0.964658 0.296966 -0.00638916 1.75231 
1.01488 0.199537 -0.0769867 1.84529 
0.96873 0.303643 0.00380596 1.76087 
1.02412 0.149623 -0.0234342 1.85844 
1.02363 0.154593 -0.0186872 1.85723 
1.02488 0.143609 -0.018142 1.85849 
1.02416 0.149963 -0.0198397 1.858 
0.994116 0.260343 0.0502448 1.80757 
0.972259 0.279841 0.113246 1.76673 
0.972994 0.277395 0.111148 1.76802 
0.973487 0.283976 0.108934 1.7701 
0.973373 0.280495 0.111121 1.76936 
0.967537 0.311484 0.0232353 1.76382 
0.96726 0.304182 0.0446028 1.76478 
0.973452 0.284567 0.0219334 1.77071 
0.969669 0.300701 0.030448 1.76849 
1.02412 0.14292 -0.0294723 1.85839 
1.0255 0.13298 -0.0291262 1.85981 
1.02518 0.138132 -0.0337078 1.86055 
1.02471 0.137631 -0.0306544 1.85882 
0.989402 0.26854 0.00523663 1.79524 
0.962422 0.276892 0.102569 1.74341 
0.960998 0.275469 0.102557 1.73887 
0.961843 0.276377 0.107707 1.74251 
0.961815 0.276234 0.104036 1.74202 
1.00328 0.122081 0.0898915 1.81357 
0.999632 0.248628 0.0369372 1.81634 
1.00202 0.209399 0.138483 1.82047 
1.00189 0.238569 0.0411583 1.82006 
1.02032 0.176703 0.00424938 1.85087 
1.0198 0.175393 0.00236629 1.84938 
1.0133 0.205153 -0.00798081 1.83928 
1.02321 0.154395 -0.0505871 1.8586 
1.01623 0.193456 0.0108967 1.84313 
1.02034 0.179071 -0.0291444 1.85213 
1.02223 0.159163 -0.052427 1.85703 
1.00183 0.24069 0.0391254 1.8199 
1.01984 0.180967 0.00292568 1.85029 
1.01997 0.175974 0.0086656 1.84967 
1.02043 0.172873 0.00892303 1.8505 
1.01994 0.175442 0.0065416 1.84958 
1.02044 0.174875 0.00802097 1.85064 
1.003 0.238141 0.0317781 1.82204 
0.967143 0.261103 0.0804244 1.75053 
0.966987 0.263111 0.0755781 1.74817 
0.966046 0.266706 0.0857335 1.74836 
0.96666 0.263718 0.0810629 1.74876 
0.999887 0.247312 0.0344299 1.81674 
1.01505 0.207275 -0.0480452 1.84417 
1.0001 0.247473 0.0347892 1.81718 
1.02603 0.130611 -0.0330623 1.86133 
1.02598 0.132109 -0.0422863 1.86177 
1.02524 0.136552 -0.0370569 1.86069 
1.02589 0.13284 -0.0376908 1.86167 
0.964649 0.32801 0.120226 1.76476 
0.966123 0.323426 0.0841071 1.76536 
0.952833 0.345569 0.0942408 1.74325 
0.962369 0.334288 0.100853 1.75969 
1.0152 0.211734 -0.0559631 1.84565 
1.01533 0.107134 0.072817 1.83559 
1.01657 0.11395 0.0729985 1.83887 
1.0093 0.141445 0.0875046 1.8253 
1.01966 0.16877 0.0602281 1.84513 
1.00223 0.240522 0.0366767 1.82066 
0.970051 0.299747 -0.000615267 1.76222 
1.00068 0.24414 0.0408476 1.81816 
1.02086 0.175074 0.0202094 1.84943 
1.01152 0.217984 -0.0497853 1.83763 
1.02231 0.160325 0.0204958 1.85425 
1.02326 0.153594 0.0160541 1.85524 
1.02193 0.158723 0.01467 1.85335 
1.02269 0.157547 0.0170784 1.85503 
0.97259 0.306182 0.0826081 1.77644 
0.971831 0.307772 0.11929 1.77609 
0.981412 0.281308 0.0926388 1.78485 
0.97714 0.298383 0.0980583 1.78367 
0.955577 0.322778 0.0446961 1.73967 
1.00008 0.247452 0.0349163 1.81714 
0.999903 0.247652 0.0347686 1.81676 
1.01584 0.196687 0.0109572 1.84274 
0.980883 0.145546 -0.0991942 1.77117 
0.998908 0.24951 0.0307702 1.81488 
0.997627 0.250043 0.0590738 1.81355 
1.02613 0.136998 0.0452377 1.86131 
1.02579 0.13456 0.0290423 1.85968 
1.02567 0.145062 0.0352829 1.86008 
1.02508 0.138894 0.0360022 1.8584 
1.02274 0.165401 -0.0258741 1.85617 
1.02067 0.173934 0.0306624 1.84865 
0.978115 0.161375 -0.114646 1.76507 
0.957036 0.317124 0.0234226 1.74124 
0.985209 0.140615 0.221178 1.78853 
0.985563 0.157231 0.200766 1.79186 
0.978623 0.175375 0.215164 1.77601 
0.983787 0.157662 0.214575 1.78658 
1.01906 0.0771641 0.07656 1.84286 
1.01983 0.0817709 0.0699069 1.84414 
1.01883 0.0834468 0.0729407 1.84248 
1.0188 0.0807478 0.0729879 1.84205 
0.973737 0.196535 -0.106792 1.7598 
1.01498 0.130801 0.0789947 1.83545 
0.988444 0.276724 0.0450752 1.79775 
1.01034 0.215695 0.00872344 1.83539 
0.973472 0.308321 0.0490407 1.77475 
0.999423 0.249222 0.0374011 1.81617 
0.988594 0.278765 0.0290761 1.79774 
0.971759 0.29037 0.0502118 1.77268 
0.979993 0.257535 0.0356171 1.78022 
0.976452 0.271079 0.0244879 1.77456 
0.975733 0.271125 0.0361719 1.77332 
1.01982 0.0790975 0.0689793 1.84397 
1.0192 0.0730924 0.0758655 1.84281 
1.02074 0.0718662 0.0706145 1.8458 
1.01997 0.0743018 0.0717257 1.8443 
0.991595 0.262906 0.000188258 1.79975 
0.974198 0.261578 -0.0301455 1.76724 
0.972928 0.266867 -0.0274135 1.76565 
1.00824 0.15083 0.0881201 1.82402 
0.96373 0.275159 0.0999458 1.74701 
0.967081 0.271587 0.101136 1.75519 
0.965726 0.270287 0.0933345 1.74972 
0.965271 0.272228 0.0976272 1.74958 
0.9804 0.25449 0.048474 1.78223 
0.976405 0.289803 0.0663326 1.78123 
0.985891 0.270981 0.07778 1.79349 
0.980737 0.270615 0.0648421 1.78274 
1.00443 0.231635 0.0401024 1.8234 
1.01465 0.202738 0.0143733 1.84121 
1.00129 0.12948 0.0910877 1.81069 
1.0155 0.199248 0.0148757 1.84258 
1.00299 0.238716 0.0360908 1.82228 
0.986698 0.195527 -0.0502176 1.78366 
1.00026 0.241476 0.0575919 1.8161 
0.949017 0.297666 -0.0778791 1.72419 
0.952159 0.310062 -0.0660165 1.73474 
0.952456 0.299138 -0.0750794 1.73144 
0.951297 0.303824 -0.0730062 1.73085 
0.988072 0.252876 -0.0185166 1.79377 
1.00916 0.139396 0.0890434 1.82595 
1.01183 0.20708 0.0573218 1.8343 
0.985658 0.173262 0.191037 1.79191 
0.981846 0.194693 0.184001 1.78424 
0.980348 0.18911 0.205717 1.78164 
0.98331 0.187288 0.194409 1.78836 
1.00633 0.21916 0.0896326 1.82508 
1.00203 0.244477 0.0298564 1.82095 
0.996607 0.260395 0.0362618 1.81214 
0.97874 0.240958 -0.0313898 1.774 
0.977637 0.247192 -0.0314706 1.77246 
0.978197 0.243957 -0.0324599 1.77351 
1.0002 0.246735 0.037461 1.81736 
1.02941 0.112576 -0.0183889 1.86699 
1.03023 0.0991583 -0.0169454 1.87032 
1.0297 0.104587 -0.0266741 1.86997 
1.02938 0.105654 -0.0211643 1.86822 
1.00645 0.125163 0.0907295 1.81958 
1.01138 0.205997 0.0490116 1.83483 
1.00171 0.243198 0.0309812 1.82 
0.990198 0.26538 0.102003 1.80819 
1.0194 0.186147 -0.0545453 1.85133 
0.999812 0.247518 0.0345252 1.81649 
1.00856 0.176805 0.082186 1.82655 
0.990439 0.226548 -0.0227257 1.79416 
0.939856 0.328026 -0.0296286 1.70871 
0.947493 0.339682 -0.0180913 1.72595 
0.948574 0.331558 -0.0339988 1.72634 
0.94536 0.334263 -0.0271363 1.72081 
1.00131 0.245213 0.0305506 1.81943 
1.01757 0.182538 0.0346508 1.84411 
0.966826 0.276671 0.123638 1.75706 
1.01656 0.106364 0.068044 1.83808 
1.01528 0.114338 0.0706884 1.83561 
1.01598 0.105015 0.0705939 1.83693 
1.01638 0.108445 0.0694688 1.83806 
1.0197 0.16124 0.0558835 1.8455 
1.01569 0.194828 -0.0730464 1.84691 
1.0102 0.166963 0.0841235 1.82848 
1.01688 0.192568 0.035128 1.84412 
0.951173 0.33789 -0.0176208 1.73366 
0.955517 0.326135 -0.026811 1.74331 
0.951342 0.331358 -0.0346782 1.73192 
0.953685 0.333296 -0.0267367 1.73913 
0.999282 0.249064 0.0385429 1.81596 
1.01791 0.188174 0.0322168 1.84575 
1.00593 0.226486 0.0197884 1.82628 
0.99984 0.247521 0.0344306 1.81657 
0.999007 0.246603 0.0270704 1.81457 
0.958362 0.313334 0.014631 1.7443 
0.999795 0.247948 0.0386075 1.81689 
1.01516 0.198487 -0.0740653 1.84581 
0.99084 0.246422 0.151784 1.80352 
0.972262 0.292406 0.160428 1.78004 
0.984622 0.257807 0.199096 1.79973 
0.982693 0.265385 0.173796 1.794 
0.961262 0.305152 0.00466168 1.74683 
0.994406 0.170676 0.0758709 1.80074 
0.961707 0.27392 0.117052 1.74144 
0.999485 0.24862 0.033198 1.81606 
1.00213 0.206824 -0.0533288 1.81955 
1.00461 0.145418 0.0902655 1.81746 
0.97888 0.140266 -0.102235 1.76526 
1.02444 0.145426 -0.0347763 1.85984 
1.02524 0.142817 -0.035583 1.86194 
1.01558 0.202924 -0.0235282 1.84534 
0.969659 0.276317 -0.0221857 1.75985 
0.964382 0.289933 -0.0744822 1.75349 
0.951862 0.343758 0.00264063 1.73707 
0.952866 0.348132 0.0241728 1.74065 
0.959108 0.332719 0.0155438 1.75269 
0.954198 0.342654 0.0142555 1.74357 
0.976623 0.297116 0.0620826 1.78035 
1.02359 0.153151 0.0119062 1.85619 
1.02229 0.158622 0.00722217 1.85367 
1.02239 0.158277 0.0124615 1.85412 
1.02284 0.15649 0.0103649 1.85474 
0.998523 0.251121 0.0333484 1.81453 
0.966005 0.291821 -0.010737 1.75371 
0.96761 0.281823 -0.0197498 1.75688 
1.00045 0.245924 0.0365602 1.81775 
1.00034 0.246552 0.0351591 1.81753 
0.999884 0.247388 0.034654 1.81669 
0.9758 0.300568 0.0381326 1.77745 
0.972824 0.272588 -0.0226929 1.76553 
0.979818 0.291925 0.0700853 1.786 
1.00032 0.246871 0.0345267 1.81754 
0.969055 0.30791 0.0113841 1.76218 
1.00435 0.240744 0.0201904 1.82616 
0.997374 0.257417 0.0378659 1.8133 
0.988903 0.273965 0.0180839 1.79739 
0.959117 0.324307 -0.0170657 1.7508 
0.95376 0.33856 -0.00749413 1.74085 
0.959941 0.327352 0.00493415 1.75389 
0.957457 0.33018 -0.0062891 1.74839 
0.988401 0.174055 0.136133 1.79253 
0.983621 0.190741 0.128946 1.78458 
0.982811 0.191082 0.153779 1.78416 
0.983666 0.183119 0.139059 1.78389 
0.966833 0.330856 0.0685257 1.76954 
0.954058 0.350154 0.0495789 1.7444 
0.954165 0.350008 0.0790961 1.74734 
0.958066 0.345201 0.0648794 1.75322 
0.95598 0.163345 0.223466 1.73943 
0.975295 0.136088 0.23141 1.77184 
0.973889 0.181027 0.219923 1.77108 
0.967183 0.16373 0.226597 1.75985 
1.00025 0.246954 0.0352844 1.81742 
0.980383 0.204476 0.0696941 1.7723 
0.981478 0.193614 0.0811221 1.77545 
0.985294 0.185833 0.0683214 1.78041 
0.983518 0.195137 0.073089 1.77894 
0.972146 0.276341 -0.0206701 1.76424 
1.02713 0.1298 0.00565387 1.86171 
1.02714 0.129259 0.015659 1.86183 
1.02871 0.122334 0.00753999 1.86532 
1.02711 0.127142 0.00962637 1.86151 
1.00008 0.247503 0.0348577 1.81714 
0.970954 0.253759 0.0799462 1.75795 
0.973742 0.249741 0.0831016 1.76449 
0.974026 0.242503 0.0723033 1.7626 
0.972908 0.248479 0.078462 1.76124 
0.997938 0.25331 0.038655 1.81384 
1.0189 0.17887 0.0294882 1.84638 
0.977505 0.2911 0.0125558 1.77748 
0.999364 0.248138 0.0325057 1.81576 
1.01946 0.178325 0.00475889 1.84899 
0.98171 0.206941 0.185773 1.78416 
0.97253 0.225409 0.198185 1.76978 
0.978717 0.202737 0.207828 1.77852 
0.976747 0.213179 0.198601 1.77371 
0.991807 0.265032 0.0514999 1.80408 
0.980505 0.282161 0.110193 1.78823 
1.00449 0.237917 0.000736608 1.82661 
0.979222 0.136657 -0.0909169 1.76332 
1.00062 0.241957 0.0519123 1.81703 
0.96864 0.222191 -0.10511 1.75219 
0.966359 0.234838 -0.101654 1.74689 
0.984481 0.272659 0.0818077 1.79411 
0.997552 0.255434 0.0354485 1.81317 
1.01261 0.204193 0.0399028 1.83817 
0.96868 0.29731 -0.00720027 1.76265 
0.96264 0.314578 -0.0173766 1.75505 
0.964274 0.314606 0.00467757 1.75921 
0.965455 0.310252 -0.00539536 1.75995 
1.00264 0.23937 0.0339916 1.82141 
0.956993 0.321269 -0.0367392 1.74674 
0.954595 0.318516 -0.0518028 1.74091 
0.953767 0.327542 -0.0427262 1.73744 
0.953684 0.322601 -0.043921 1.73919 
0.970311 0.286609 -0.00145193 1.76354 
0.968966 0.306085 0.0124349 1.76519 
0.971813 0.280233 0.0109727 1.76467 
0.970966 0.290489 0.00746824 1.76522 
0.964798 0.277275 0.106853 1.74982 
0.96356 0.27674 0.110922 1.74765 
0.962957 0.277197 0.11607 1.74686 
0.990602 0.178028 0.0599986 1.79324 
1.00082 0.161205 0.00814326 1.81539 
0.990169 0.179058 0.0581852 1.79233 
1.00422 0.17888 0.0403342 1.82477 
1.01057 0.145553 -0.000969385 1.83829 
1.02664 0.13163 0.00893335 1.87418 
1.02907 0.130434 0.0497254 1.873 
1.022 0.139943 0.0360844 1.85899 
1.03372 0.105189 0.130543 1.88423 
1.03868 0.133456 0.0893868 1.89346 
1.0266 0.0988088 0.15135 1.87066 
1.02343 0.0999861 0.160136 1.86513 
1.02345 0.114147 0.165793 1.86736 
1.03555 0.151585 0.183282 1.90312 
0.981448 0.21517 0.184784 1.78805 
1.00585 0.203733 0.178077 1.83684 
0.975786 0.222654 0.182308 1.77631 
0.960182 0.252276 0.163184 1.74061 
0.97439 0.243399 0.166221 1.77507 
0.957195 0.257125 0.155989 1.73233 
0.958241 0.267377 0.135041 1.73394 
0.992117 0.161615 -0.0556677 1.79457 
1.01305 0.203483 -0.0675422 1.84368 
0.998833 0.250863 0.0352834 1.81526 
0.998498 0.251731 0.0346091 1.81461 
0.98831 0.273241 0.0247149 1.79599 
0.995176 0.233063 0.0133926 1.80519 
0.994975 0.228699 0.00274789 1.80433 
0.995269 0.245898 0.0172317 1.80753 
0.995067 0.235235 -0.00117009 1.80457 
1.0104 0.223492 0.0652825 1.83384 
1.0074 0.216184 0.0544281 1.82616 
1.0054 0.23002 0.067729 1.82426 
1.00822 0.216724 0.0466119 1.82909 
0.995608 0.248913 0.0791212 1.81443 
0.99958 0.238711 0.0177505 1.81622 
1.01433 0.188919 0.0674597 1.83506 
1.00014 0.221282 -0.0242958 1.81626 
1.00464 0.232135 -0.00878804 1.82701 
0.971478 0.250066 -0.0683007 1.76203 
1.00867 0.188932 0.0766947 1.82737 
0.972187 0.277841 0.111518 1.76732 
0.97147 0.277671 0.111207 1.76732 
0.992909 0.234178 -0.0129731 1.7997 
0.986793 0.160256 -0.0640043 1.78077 
0.998932 0.250161 0.0346112 1.8152 
1.01108 0.212454 -0.063444 1.84014 
1.00109 0.23195 0.00168303 1.8192 
