1.00017 0.247443 0.0346759 1.81735 
0.991939 0.264521 0.0883836 1.80671 
0.997772 0.256056 0.0847961 1.8091 
0.995295 0.267656 0.069819 1.8081 
1.00036 0.257852 0.0756729 1.81187 
1.00123 0.250649 0.0750204 1.81095 
1.00374 0.230521 0.0688969 1.82129 
1.00247 0.252183 0.0614064 1.81223 
1.0061 0.212077 0.047206 1.82491 
1.00277 0.231118 0.060889 1.8195 
1.00564 0.214911 0.0329773 1.82206 
1.00209 0.22475 0.052856 1.81948 
1.00198 0.232672 0.0435421 1.81866 
1.00884 0.205183 0.0372411 1.82805 
1.01193 0.193326 0.0542939 1.83585 
1.00526 0.220816 0.0599235 1.8238 
1.00704 0.208653 0.0604047 1.8274 
1.00816 0.202577 0.0559017 1.82924 
1.00847 0.200562 0.0468189 1.82968 
1.01149 0.192507 0.0451658 1.83511 
1.00928 0.209458 0.067858 1.83132 
1.01043 0.197256 0.0722214 1.83205 
1.00866 0.213362 0.0742607 1.82894 
1.00598 0.214031 0.0563448 1.82518 
1.00675 0.223823 0.0668722 1.82655 
1.00733 0.217775 0.0902316 1.82545 
1.00303 0.242672 0.0685131 1.81777 
1.00735 0.222034 0.0825027 1.82465 
1.00104 0.232513 0.0899522 1.81315 
1.002 0.233484 0.0481021 1.81885 
1.00403 0.224735 0.0576886 1.82325 
1.00292 0.236303 0.0574004 1.81932 
1.01131 0.116857 0.2544 1.81789 
0.96946 0.192007 0.314926 1.76132 
0.993646 0.169558 0.252844 1.80059 
0.996047 0.251594 0.100754 1.80803 
1.00362 0.229912 0.0304665 1.8223 
1.00919 0.216079 -0.00734768 1.8302 
1.00556 0.22643 0.00348789 1.82413 
1.00488 0.233 9.66008e-06 1.82454 
1.00267 0.226011 0.00921079 1.82069 
1.00312 0.233689 0.0110958 1.82165 
1.0041 0.231143 0.000939203 1.8208 
1.00829 0.234415 -0.0105433 1.82671 
1.00244 0.236467 0.0359445 1.81789 
1.00362 0.235965 0.0310119 1.82156 
1.00354 0.221039 0.0358586 1.82228 
1.00668 0.212947 0.0281306 1.82254 
1.00416 0.215347 0.0431919 1.82126 
1.02268 0.17354 0.00913825 1.8475 
1.02209 0.175686 0.0095979 1.84637 
1.02235 0.175283 0.00591506 1.84882 
1.02192 0.176754 0.00796194 1.84722 
1.02124 0.178923 0.00713163 1.84694 
1.0232 0.167468 0.00943234 1.84992 
1.02296 0.16818 0.0119015 1.84833 
1.0228 0.167349 0.0146405 1.84869 
1.02285 0.167877 0.0171477 1.84902 
1.02273 0.169781 0.0137975 1.84832 
1.02299 0.167701 0.0124586 1.84837 
1.02293 0.169433 0.0105623 1.84895 
1.02286 0.171076 0.0104539 1.84767 
1.02272 0.171435 0.0106576 1.84733 
1.02252 0.17399 0.00963352 1.84699 
1.02229 0.17183 0.0112102 1.8464 
1.02215 0.175772 0.0103074 1.84647 
1.02271 0.170928 0.0096333 1.8483 
1.02186 0.177047 0.00892823 1.84663 
1.02194 0.177721 0.0102432 1.84618 
1.02162 0.177826 0.00427508 1.84794 
1.0214 0.1791 0.00869029 1.8465 
1.01961 0.183307 0.00608216 1.84602 
1.02002 0.182003 0.0044523 1.84658 
1.01889 0.185187 0.00629572 1.84514 
1.01784 0.184529 0.000826134 1.84426 
1.01597 0.189766 0.00302827 1.84169 
1.0201 0.181913 -0.0124988 1.84658 
1.01624 0.190804 -0.00128081 1.8417 
1.01941 0.186331 -0.0346194 1.84479 
1.02219 0.169955 -0.0456758 1.84837 
1.02335 0.16869 -0.0395536 1.84982 
1.02532 0.157048 -0.0352494 1.85477 
1.02354 0.16814 -0.0257525 1.85129 
1.02159 0.180085 -0.036138 1.84755 
1.02064 0.176242 -0.0202085 1.84776 
1.02377 0.171558 -0.0316349 1.8507 
1.02277 0.170829 -0.0208767 1.85129 
1.02417 0.162069 -0.026988 1.8518 
1.02493 0.162301 -0.0331173 1.85357 
1.02777 0.137258 -0.0267148 1.85834 
1.02323 0.167838 -0.0153972 1.85213 
1.02466 0.162495 -0.00523766 1.85161 
1.0272 0.15659 -0.000308395 1.85574 
1.02329 0.169358 0.00561789 1.84999 
1.017 0.187961 -0.00476079 1.84289 
1.02117 0.172688 -0.00590735 1.84865 
1.01932 0.181966 0.00143468 1.84609 
1.01495 0.202589 -0.0269696 1.83837 
1.02228 0.176667 -0.0313143 1.84782 
1.01825 0.19472 -0.0202891 1.84086 
1.02024 0.188946 -0.0195736 1.84487 
1.01982 0.185667 -0.0242732 1.8448 
1.02013 0.177409 -0.0146909 1.84784 
1.02124 0.179534 -0.0250563 1.84761 
1.02135 0.176824 0.000887911 1.84784 
1.02048 0.178191 -0.0043354 1.84778 
1.01939 0.181878 -0.00676523 1.84568 
1.02174 0.172091 -0.0113125 1.85073 
1.02341 0.168713 -0.00255938 1.85131 
1.01645 0.193373 -0.0104338 1.84053 
1.02433 0.16242 -0.0162771 1.85242 
1.02298 0.16786 0.0120805 1.8482 
1.02309 0.166937 0.0122591 1.84949 
1.02455 0.164663 0.0221738 1.8508 
1.02442 0.147279 0.0336447 1.85131 
1.02599 0.135637 0.041267 1.85219 
1.02355 0.147228 0.0402586 1.85009 
1.02117 0.165849 0.0464947 1.84723 
1.01755 0.174737 0.0413917 1.84344 
1.01886 0.175313 0.0294823 1.84543 
1.01296 0.18916 0.0387321 1.83759 
1.01835 0.183916 0.0142657 1.84493 
1.02542 0.160053 0.0137238 1.84986 
1.02611 0.153569 0.0115634 1.85041 
1.02491 0.15997 0.0156735 1.84984 
1.025 0.155888 0.0187275 1.85034 
1.02449 0.153778 0.0266832 1.85087 
1.02289 0.158749 0.0258378 1.84929 
1.02338 0.152935 0.0315142 1.84985 
1.02582 0.142672 0.0303756 1.85172 
1.02739 0.144556 0.0245788 1.85284 
1.02987 0.135779 0.022658 1.85502 
1.02273 0.154677 0.0416322 1.84936 
1.02021 0.168281 0.0355405 1.84745 
1.02346 0.15962 0.0217318 1.84972 
1.02232 0.175189 0.0114055 1.8463 
1.02209 0.177606 0.0121457 1.84655 
1.02163 0.179257 0.0128918 1.84683 
1.02189 0.177709 0.0118205 1.84584 
1.02192 0.176187 0.0115804 1.84557 
1.02099 0.157802 0.0823325 1.84534 
1.01736 0.172971 0.0868313 1.84265 
1.01947 0.170523 0.0734823 1.84483 
1.01494 0.184353 0.0496868 1.84057 
1.01393 0.183683 0.0688615 1.8384 
1.01361 0.188689 0.0573958 1.8386 
1.02274 0.152556 0.0538436 1.84871 
1.02269 0.163615 0.0210777 1.84898 
1.02165 0.162531 0.0290475 1.84922 
1.02083 0.167363 0.0281128 1.84818 
1.02363 0.163302 0.0180867 1.84969 
1.02065 0.172921 0.0215193 1.84682 
1.02316 0.165956 0.0174839 1.8494 
1.02309 0.169711 0.0154052 1.84897 
1.02479 0.165271 0.00995208 1.8492 
1.02702 0.149823 0.0131877 1.85175 
1.02579 0.157833 0.0116849 1.84978 
1.02528 0.162277 0.0133033 1.84947 
1.02571 0.158031 0.00912185 1.8495 
1.0244 0.148373 0.00259682 1.84872 
1.02578 0.153983 0.00826875 1.85034 
1.02593 0.155477 0.0106138 1.85011 
1.02591 0.158871 0.0107164 1.84973 
1.02465 0.155819 0.00619701 1.84934 
1.02878 0.12982 0.00943285 1.85498 
1.02832 0.139755 0.0132054 1.85359 
1.02733 0.148378 0.0157876 1.8518 
1.02867 0.141696 0.0211807 1.85279 
1.02595 0.149941 0.0230993 1.85112 
1.02607 0.130917 -0.000810196 1.85196 
1.02654 0.145355 0.00853298 1.85137 
1.02582 0.145501 0.00621582 1.85097 
1.02663 0.142487 0.00816083 1.85162 
1.02415 0.161275 0.00717576 1.84902 
1.01072 0.199126 0.0602311 1.83387 
1.01425 0.186992 0.0253913 1.83939 
1.01997 0.166133 0.0582017 1.84582 
1.01835 0.175142 0.0481533 1.84487 
1.01456 0.185464 0.0404683 1.84002 
1.01598 0.181558 0.0342617 1.8417 
1.01991 0.170175 0.0402636 1.84696 
1.01716 0.176617 0.0801842 1.84167 
1.01888 0.162722 0.0876504 1.84295 
1.02171 0.149118 0.083839 1.84617 
1.02208 0.14445 0.0914953 1.8476 
1.01438 0.176522 0.0919376 1.83803 
1.00316 0.210347 0.117455 1.82287 
1.01675 0.162997 0.111394 1.83821 
1.01681 0.161881 0.0988853 1.84112 
1.02075 0.14829 0.0970002 1.84559 
1.02104 0.112704 0.0979213 1.84634 
1.02581 0.117552 0.0763119 1.85137 
1.025 0.106278 0.0814823 1.85043 
1.05605 -0.0665401 0.182568 1.85759 
1.01627 0.134291 0.143935 1.83893 
1.01619 0.108657 0.146056 1.84805 
1.01243 0.139581 0.159083 1.83825 
1.03467 -0.00811626 0.118918 1.82449 
1.02588 0.0979637 0.103931 1.84936 
1.00448 0.12457 0.16375 1.83103 
1.01834 0.110981 0.106181 1.84446 
1.01502 0.111494 0.13183 1.84265 
1.01837 0.12284 0.133719 1.84476 
1.02997 0.0469103 0.0654261 1.83924 
0.989185 0.268384 0.101331 1.80421 
0.991987 0.261799 0.10641 1.80823 
0.9876 0.270636 0.0794491 1.80013 
1.00241 0.226035 0.102004 1.81348 
0.996564 0.242669 0.113551 1.80817 
1.0018 0.233745 0.0968923 1.81507 
0.999251 0.249257 0.0908208 1.81085 
1.00134 0.240439 0.0876737 1.81342 
0.999476 0.232237 0.111296 1.81301 
1.00062 0.245305 0.033809 1.81765 
1.0001 0.246518 0.0331803 1.81745 
0.99951 0.245955 0.0318995 1.81647 
1.00018 0.247686 0.0345819 1.81745 
1.01509 0.186226 -0.0723181 1.83791 
1.01138 0.209232 -0.0708398 1.8317 
1.02321 0.132974 -0.0471662 1.85087 
1.01487 0.208513 -0.0428455 1.83704 
1.01326 0.215283 -0.0508413 1.83507 
1.01118 0.220589 -0.0523754 1.83254 
1.01292 0.212529 -0.0605906 1.83507 
1.01465 0.204657 -0.0534017 1.837 
1.01601 0.194569 -0.0559821 1.83934 
1.01708 0.192809 -0.0520849 1.84208 
1.01379 0.196494 0.00296895 1.83826 
1.01532 0.197053 -0.00324798 1.83803 
1.01518 0.188828 0.0109019 1.84096 
1.01712 0.18208 0.0240848 1.84386 
1.017 0.184149 0.0209227 1.84328 
1.01659 0.187113 0.0118701 1.84243 
1.01976 0.18261 0.012973 1.84584 
1.01893 0.182412 0.0148358 1.8455 
1.01843 0.184438 0.0127451 1.84492 
1.02075 0.179784 0.0145005 1.84695 
1.01514 0.20109 -0.0139912 1.83739 
1.01569 0.201598 -0.00791605 1.83828 
1.01731 0.196446 -0.0150966 1.84108 
1.01667 0.194073 -0.00492218 1.84115 
1.00597 0.216048 0.0112188 1.82492 
1.00695 0.221608 -0.00285072 1.82692 
1.00754 0.228406 -0.00779792 1.82774 
1.01182 0.211076 -0.00960077 1.83427 
1.00937 0.221579 -0.0103126 1.83031 
1.00913 0.222773 -0.0151964 1.82972 
1.00792 0.210517 0.00924368 1.82812 
1.01139 0.200666 0.00519479 1.834 
1.01213 0.200973 0.0112284 1.83483 
1.02096 0.162419 0.033952 1.8481 
1.02028 0.171248 0.0312893 1.84772 
1.02128 0.167763 0.024337 1.84825 
1.01778 0.179666 0.0226946 1.84476 
1.02187 0.168871 0.019111 1.84904 
1.00825 0.207012 0.0216277 1.82507 
1.00314 0.222456 0.013705 1.82195 
1.00293 0.235473 0.00472608 1.82098 
1.0056 0.212334 0.0170136 1.82342 
1.00028 0.235864 -0.00100191 1.8131 
0.999263 0.260076 -0.00884016 1.81408 
0.99362 0.274567 -0.00781303 1.80637 
0.995185 0.273599 -0.0137559 1.80853 
0.995715 0.266073 -0.00307858 1.80988 
0.994384 0.262827 0.0069461 1.80989 
0.991502 0.267467 0.00848645 1.806 
0.988657 0.292053 -0.0123737 1.79799 
0.989918 0.281676 -0.00147365 1.80084 
0.987813 0.288886 -0.000238244 1.79692 
0.99983 0.207986 -0.0291788 1.81015 
1.00076 0.235773 -0.0264213 1.81333 
0.999342 0.225256 -0.0195848 1.81068 
0.999762 0.220073 -0.00461018 1.81141 
1.00122 0.252776 -0.0137205 1.81705 
1.00008 0.255412 -0.0219056 1.81483 
0.998823 0.252101 -0.0295512 1.81282 
0.986402 0.203749 -0.0851989 1.78775 
0.995589 0.252274 -0.050172 1.80423 
0.997784 0.222832 -0.0517719 1.80756 
0.998849 0.245983 -0.0451582 1.80927 
0.981328 0.245524 -0.0851512 1.78104 
0.988278 0.2463 -0.0759488 1.79198 
0.994836 0.248712 -0.0611921 1.80361 
0.992033 0.258303 -0.0610735 1.79863 
0.989492 0.259789 -0.0694098 1.7945 
0.995536 0.232258 -0.0566938 1.80298 
0.973616 0.30962 -0.0525454 1.76927 
0.987905 0.297283 -0.026185 1.79694 
0.98498 0.293539 -0.0397786 1.79217 
0.987066 0.287964 -0.0411619 1.7959 
0.986262 0.277901 -0.0621897 1.78954 
0.989705 0.28607 -0.0373782 1.79998 
0.986888 0.28135 -0.0467907 1.79547 
0.986917 0.281705 -0.0516237 1.79393 
0.991156 0.266946 -0.0496932 1.80074 
0.993516 0.27399 -0.0366472 1.80643 
0.986358 0.301685 -0.0244818 1.79464 
0.984289 0.305797 -0.0258492 1.79106 
0.988444 0.296029 -0.0309633 1.7977 
1.01536 0.200027 -0.0575447 1.83855 
1.01753 0.194698 -0.0475597 1.84238 
1.0164 0.199411 -0.044663 1.83976 
1.01699 0.18544 -0.0542253 1.84297 
1.01776 0.189701 -0.0439372 1.84321 
1.019 0.189052 -0.0289142 1.84444 
1.01389 0.216823 -0.0306784 1.83399 
1.01413 0.214932 -0.0386498 1.83467 
1.01458 0.213806 -0.0452703 1.83624 
1.01491 0.2091 -0.0378944 1.83678 
1.01407 0.211318 -0.0290512 1.83539 
1.00815 0.234279 -0.0221772 1.82604 
1.0102 0.215774 -0.0581877 1.83076 
1.00763 0.217681 -0.0480103 1.82613 
1.00513 0.210775 -0.0396089 1.82214 
1.00214 0.182508 -0.0345232 1.81635 
0.99915 0.154627 -0.039026 1.80881 
1.00756 0.184409 -0.0550031 1.82639 
1.0005 0.178509 -0.0345468 1.81263 
1.00168 0.165982 -0.0314353 1.81233 
0.993752 0.137089 -0.0407958 1.79889 
0.996213 0.152499 -0.0452007 1.80428 
0.992857 0.148243 -0.0644747 1.79881 
1.00711 0.202906 -0.0556685 1.82529 
1.00551 0.203177 -0.0459097 1.82293 
0.995758 0.122378 -0.0493367 1.8025 
1.01378 0.205919 -0.0177002 1.83764 
1.01085 0.217482 -0.0178281 1.8327 
1.0122 0.206846 -0.0662252 1.8329 
1.01579 0.203987 -0.0468591 1.83925 
1.01385 0.210821 -0.0551554 1.83586 
1.00286 0.230444 0.0137025 1.82167 
1.00055 0.243749 0.0185272 1.81725 
1.00368 0.232551 0.00781026 1.82313 
1.00199 0.235045 0.0111475 1.81786 
1.00308 0.234839 0.00600582 1.81922 
1.00661 0.229195 -0.0069563 1.82494 
0.99967 0.258843 9.58051e-06 1.8143 
1.00095 0.237835 -0.0111242 1.81544 
1.00168 0.250448 0.00232326 1.81705 
0.999567 0.238354 0.0100461 1.81351 
1.00034 0.23641 0.0156331 1.81603 
0.999152 0.250556 0.0149814 1.81391 
0.998951 0.252119 0.00740492 1.81286 
0.999995 0.249121 -0.0265487 1.8142 
1.00152 0.232377 -0.00480981 1.81612 
1.00019 0.220971 -0.0141368 1.81236 
1.00178 0.215739 -0.00931615 1.816 
0.993725 0.270481 -0.00234208 1.80715 
1.00004 0.255998 -0.00441892 1.81508 
0.997179 0.263063 0.00109043 1.81238 
1.00062 0.233206 0.00789645 1.81495 
0.999928 0.247805 0.00985936 1.81517 
0.999504 0.248317 0.0210212 1.81551 
0.999169 0.257049 0.0215092 1.81554 
0.997837 0.272251 0.0215117 1.81277 
0.999599 0.257913 0.017967 1.81607 
0.999467 0.264227 0.0248536 1.81662 
0.991702 0.271054 0.00314459 1.80499 
1.00817 0.227493 -0.0115311 1.8272 
1.00887 0.232958 -0.0146262 1.82877 
1.00587 0.232378 -0.00533456 1.82486 
1.00566 0.232203 -0.00475081 1.82307 
1.00041 0.24162 -0.00648329 1.81416 
1.0005 0.223472 0.00100639 1.81321 
1.00071 0.228511 0.00208078 1.814 
1.00548 0.228889 -0.0123065 1.82349 
1.00961 0.229583 -0.018692 1.83034 
1.00868 0.235406 -0.0194175 1.82729 
1.00761 0.234549 -0.0140852 1.82498 
1.00328 0.22503 -0.0159713 1.81975 
1.00547 0.230071 -0.0384973 1.82531 
1.00579 0.229817 -0.0282038 1.82379 
1.01015 0.230664 -0.0336241 1.83053 
1.00644 0.233573 -0.0229511 1.8256 
1.00144 0.207025 -0.0158884 1.81477 
0.998513 0.185401 -0.0179945 1.8082 
0.998959 0.172188 -0.0215311 1.80896 
0.998507 0.165499 -0.0272173 1.8077 
1.00694 0.214847 0.00775061 1.82576 
1.00512 0.222859 0.00867847 1.82483 
1.00737 0.220935 0.00172319 1.82711 
1.00217 0.200764 -0.0198658 1.81515 
1.00266 0.216101 0.0182901 1.82021 
1.00754 0.210885 0.00279661 1.82982 
1.00794 0.21621 -0.00210794 1.82961 
1.01311 0.205766 -0.00608233 1.83419 
1.01073 0.205742 0.000849601 1.83418 
1.00674 0.211352 0.036549 1.82432 
1.00419 0.217566 0.0244899 1.82237 
0.999696 0.247534 0.0344208 1.81636 
0.9998 0.248205 0.0347455 1.81673 
0.999464 0.248437 0.0331612 1.81607 
1.00118 0.233949 0.0250685 1.81813 
1.00239 0.241533 0.0337029 1.81848 
1.0007 0.238738 0.0297981 1.8179 
0.99971 0.241428 0.0319184 1.81646 
1.00001 0.248683 0.0315724 1.81763 
0.999635 0.249997 0.0305495 1.8166 
0.999333 0.249642 0.0285731 1.81561 
0.999863 0.250539 0.0345865 1.81713 
1.00047 0.245121 0.0249493 1.81817 
0.999892 0.247504 0.0341494 1.81692 
1.00127 0.233477 0.0183806 1.81869 
1.00159 0.225413 0.0147125 1.81841 
1.00163 0.235705 0.0235584 1.81992 
1.00096 0.243239 0.0334052 1.81734 
1.00004 0.248493 0.0290856 1.81754 
1.00037 0.238886 0.0269822 1.81762 
1.00253 0.257165 0.0497 1.81493 
0.982787 0.288931 0.0731224 1.79465 
0.985438 0.27862 0.0894192 1.79921 
0.982629 0.297457 0.0584308 1.7904 
0.996775 0.268182 0.0473536 1.81026 
0.996805 0.271434 0.0255927 1.8105 
0.999494 0.249989 0.0356847 1.81619 
0.997443 0.263219 0.0417246 1.81241 
0.998274 0.262401 0.0304969 1.81381 
0.999907 0.24774 0.0346439 1.81687 
0.999581 0.247755 0.0344307 1.81617 
0.999494 0.248099 0.0342238 1.81623 
0.999676 0.247738 0.0345491 1.81625 
0.999952 0.247577 0.035002 1.81687 
0.994055 0.276828 0.0223802 1.80635 
0.99754 0.275231 0.0345649 1.81479 
0.998328 0.256278 0.0377315 1.81504 
1.00138 0.257773 0.0308351 1.82077 
0.999711 0.254431 0.0350806 1.81704 
0.998901 0.251312 0.0361062 1.81551 
0.997188 0.262745 0.0387113 1.81231 
1.00062 0.252468 0.0334354 1.81902 
0.986291 0.283668 0.0543738 1.80128 
0.983545 0.298541 0.0675278 1.79397 
0.987047 0.289704 0.0530121 1.79946 
0.983668 0.304619 0.048674 1.79009 
0.978103 0.311542 0.0254727 1.78356 
0.986451 0.270949 -0.0701114 1.78979 
0.991929 0.266732 -0.0560058 1.79869 
0.989514 0.274919 -0.0574764 1.79416 
0.989251 0.274753 -0.0453449 1.80055 
0.981836 0.294999 -0.0251183 1.78562 
0.983167 0.301265 -0.031005 1.78859 
0.983471 0.304484 -0.0276803 1.78952 
0.981801 0.287547 -0.0311111 1.78532 
0.983284 0.289513 -0.0264426 1.78702 
0.981988 0.295981 -0.0297856 1.7863 
0.982666 0.306954 -0.0276559 1.78802 
0.982845 0.284826 -0.0286613 1.78676 
0.985772 0.295899 0.0174968 1.78539 
0.999899 0.247806 0.0337775 1.81701 
1 0.2494 0.0344674 1.81741 
0.998913 0.268537 0.03662 1.81681 
0.998563 0.189978 -0.0163971 1.80813 
1.0006 0.21401 -0.00759243 1.81259 
1.00142 0.247781 -0.0190928 1.81697 
0.999498 0.228179 -0.0292057 1.80963 
0.998285 0.192069 -0.0225663 1.80732 
1.00059 0.217104 -0.022744 1.81332 
0.9936 0.278349 -0.0305357 1.80612 
0.997179 0.267731 -0.0141223 1.8114 
0.99013 0.290015 -0.0326747 1.8002 
0.990849 0.277971 -0.0394809 1.80165 
0.992452 0.286044 -0.0288387 1.80445 
0.99436 0.277457 -0.0193282 1.80727 
0.997819 0.265263 -0.00895481 1.81271 
0.991306 0.280431 -0.00774531 1.80262 
0.991248 0.287863 -0.0234456 1.80231 
0.995374 0.274914 -0.0258281 1.80934 
0.993296 0.264765 -0.0400917 1.80559 
0.993646 0.261255 -0.0475565 1.80502 
0.998431 0.250813 -0.0401959 1.81018 
0.996407 0.267563 -0.0261343 1.81031 
0.999873 0.242094 -0.0327939 1.81206 
0.998409 0.264762 -0.0202797 1.81344 
0.982788 0.293155 -0.0440785 1.78884 
0.995334 0.246141 -0.0558339 1.80333 
0.996462 0.260391 -0.0311787 1.81024 
1.00224 0.224846 0.0263483 1.81898 
1.00205 0.236721 0.029813 1.81948 
1.00285 0.22906 0.0214286 1.82154 
0.995593 0.163208 -0.0488974 1.80257 
0.997483 0.203223 -0.0549545 1.80615 
0.999578 0.219054 -0.0436766 1.80953 
0.988873 0.210247 -0.0795392 1.79117 
0.995799 0.221171 -0.0680386 1.8047 
0.993798 0.23509 -0.0679357 1.80069 
0.994096 0.163332 -0.0572633 1.79893 
0.992669 0.128975 -0.0486487 1.7963 
0.994209 0.122801 -0.0518489 1.80139 
0.995771 0.151723 -0.0512055 1.80292 
0.989731 0.124097 -0.0603763 1.79327 
0.991793 0.159635 -0.0712969 1.79506 
0.99072 0.118701 -0.0742226 1.79502 
0.987308 0.168733 -0.0805039 1.79015 
0.9892 0.107971 -0.0827613 1.79232 
0.989055 0.0980706 -0.0629085 1.79385 
0.990635 0.110276 -0.0653588 1.79665 
0.986503 0.0958172 -0.0784918 1.78769 
0.999451 0.239631 -0.0365385 1.81079 
0.996204 0.25981 -0.0371519 1.81055 
0.998974 0.230353 -0.0462925 1.80933 
0.994745 0.200915 -0.0605043 1.80003 
0.996361 0.168322 -0.0308281 1.80453 
0.997868 0.182603 -0.0424017 1.80681 
0.997491 0.189443 -0.0509768 1.80646 
0.995547 0.159977 -0.0419128 1.80209 
0.996533 0.151297 -0.0361611 1.80423 
0.994555 0.129214 -0.0437153 1.79937 
1.00133 0.210046 -0.0104051 1.81433 
0.990872 0.232132 -0.074388 1.79554 
0.985168 0.238192 -0.0835778 1.78759 
0.995394 0.182571 -0.0699758 1.80258 
0.997578 0.185995 -0.0360396 1.80626 
0.99997 0.222592 -0.0384612 1.81045 
0.998345 0.198412 -0.046484 1.80704 
0.994952 0.126997 -0.0449166 1.80158 
0.98948 0.144028 -0.0736172 1.7914 
1.00591 0.189235 -0.0616002 1.82116 
1.0109 0.168801 -0.0483537 1.83118 
1.01471 0.194226 -0.0663802 1.83716 
0.998085 0.18823 -0.0256353 1.80654 
0.998635 0.205754 -0.0344901 1.80734 
0.9971 0.17202 -0.0246702 1.80519 
0.994438 0.156499 -0.0308054 1.80037 
0.996353 0.145301 -0.0354291 1.80168 
0.994655 0.139878 -0.0420002 1.8009 
0.995662 0.155414 -0.0339535 1.80191 
1.00063 0.176507 -0.0296276 1.8072 
1.00922 0.228488 -0.0416613 1.83156 
1.01029 0.231434 -0.0233753 1.82985 
1.00524 0.205231 -0.0302545 1.81847 
1.00737 0.233612 -0.0339305 1.82826 
1.00469 0.213643 -0.0258202 1.81923 
0.998272 0.174759 -0.023062 1.80689 
1.0058 0.219514 -0.0376345 1.82385 
0.989201 0.293648 -0.0226101 1.79924 
0.981847 0.314905 -0.0183763 1.7869 
0.983547 0.315454 -0.000160253 1.78686 
0.971428 0.337731 0.00345968 1.77131 
0.978767 0.326969 -0.00465478 1.77896 
0.973484 0.331394 0.00707509 1.7754 
0.983597 0.215367 -0.0887821 1.78326 
0.977681 0.208918 -0.0980736 1.77441 
0.97736 0.177659 -0.106569 1.77241 
0.978861 0.183523 -0.0943748 1.7755 
0.984112 0.183492 -0.0888255 1.78615 
0.983717 0.166539 -0.0875343 1.78479 
0.984024 0.132466 -0.0914382 1.78512 
0.985834 0.129153 -0.0836542 1.78622 
0.989453 0.192029 -0.0768665 1.79199 
0.993907 0.184178 -0.0618026 1.79801 
0.994127 0.220543 -0.0627228 1.80031 
0.992979 0.197282 -0.0723883 1.79771 
0.992948 0.122893 -0.0489925 1.79549 
0.985917 0.29829 -0.0339056 1.79328 
0.965344 0.206422 -0.114909 1.75258 
0.9748 0.239994 -0.096555 1.77172 
0.963863 0.228577 -0.10837 1.75226 
0.987821 0.149409 -0.0786391 1.78993 
0.989589 0.113807 -0.0854235 1.79328 
0.971235 0.227864 -0.0996829 1.76377 
0.972481 0.204662 -0.107831 1.76532 
0.978481 0.230149 -0.0941882 1.77759 
0.980501 0.152483 -0.0995376 1.77749 
0.982087 0.147391 -0.0921689 1.78124 
0.981014 0.202485 -0.0951765 1.78051 
0.944523 0.340853 -0.0230364 1.7265 
0.98357 0.28667 -0.0574382 1.78842 
0.97903 0.287361 -0.0710949 1.77923 
0.970883 0.296751 -0.0757457 1.76743 
0.979491 0.263307 -0.0884926 1.78229 
0.982596 0.274484 -0.0754916 1.78373 
0.979983 0.298049 -0.0291299 1.78265 
0.981954 0.28688 -0.0206169 1.78564 
0.977134 0.299432 -0.0275453 1.77812 
0.976038 0.319067 -0.00809314 1.77399 
0.957805 0.332861 -0.0434816 1.74978 
0.958042 0.316196 -0.0633654 1.74915 
0.983369 0.288007 -0.0507499 1.78914 
0.976663 0.29671 -0.0427435 1.77671 
0.975822 0.303025 -0.0366112 1.77473 
0.977594 0.299465 -0.0514756 1.77907 
0.979307 0.291417 -0.0594951 1.78053 
0.978991 0.170343 -0.0992062 1.77491 
0.975567 0.19448 -0.104772 1.76988 
0.960261 0.241583 -0.110228 1.74606 
0.958924 0.268495 -0.0946859 1.74452 
0.953092 0.281186 -0.0918552 1.73505 
0.980735 0.296734 -0.0414516 1.78485 
0.981779 0.298928 -0.0336627 1.78614 
0.976368 0.315204 -0.039782 1.77347 
0.968363 0.30864 -0.0640418 1.76439 
0.949417 0.300383 -0.0761903 1.7315 
0.968933 0.267141 -0.0907035 1.7616 
0.981042 0.262925 -0.0823745 1.78092 
0.974737 0.274896 -0.085867 1.77269 
0.976455 0.290727 -0.0771896 1.77693 
0.96415 0.28037 -0.0864344 1.75328 
0.966525 0.242803 -0.099275 1.75608 
0.980946 0.276423 -0.00243994 1.78197 
0.975131 0.322728 0.00823819 1.76977 
0.974081 0.298788 -0.0162259 1.77069 
0.992405 0.244531 0.146532 1.80125 
0.981481 0.262178 0.174319 1.78508 
0.968949 0.294302 0.183338 1.76683 
0.965924 0.312503 0.16848 1.76086 
0.989072 0.262657 0.117517 1.80267 
0.983952 0.26929 0.152571 1.7887 
0.984404 0.273294 0.121031 1.79472 
0.986004 0.229217 -0.0398913 1.79022 
0.981886 0.264871 -0.037299 1.78356 
0.982471 0.250021 -0.0449039 1.78299 
0.984252 0.243869 -0.0377585 1.78601 
0.983213 0.261486 -0.0248504 1.78631 
0.982794 0.283299 -0.0225071 1.78527 
0.97793 0.285475 -0.0133584 1.77857 
0.982662 0.300192 -0.0286175 1.78755 
0.982183 0.271582 -0.030723 1.78492 
0.983062 0.299033 -0.0269775 1.78803 
0.981378 0.281886 -0.0342322 1.78459 
0.982905 0.25929 -0.0342929 1.78437 
0.98275 0.264484 -0.0299788 1.78482 
0.981025 0.273352 -0.0348802 1.78291 
0.93927 0.359001 -0.00421214 1.7136 
0.980462 0.264479 -0.0407319 1.78075 
0.981444 0.308106 -0.0288706 1.78591 
0.978338 0.30729 -0.0322793 1.78132 
0.979402 0.297532 -0.0343632 1.78258 
0.977998 0.321901 -0.0225454 1.78172 
0.97685 0.318559 -0.0291931 1.77913 
0.97922 0.318273 -0.0244204 1.78399 
0.980967 0.312415 -0.0271794 1.78593 
0.983669 0.310669 -0.0171287 1.7894 
0.981869 0.312723 -0.0243817 1.7874 
0.983031 0.309968 -0.0249756 1.78938 
0.983571 0.308547 -0.0237764 1.79006 
0.979035 0.315379 -0.0274783 1.7832 
0.981009 0.315706 -0.0225238 1.78677 
0.975695 0.327726 -0.0235116 1.7782 
0.978784 0.321868 -0.0179948 1.78212 
0.978295 0.325405 -0.0145813 1.78077 
0.976289 0.317663 -0.0317083 1.77702 
0.981017 0.257186 -0.0442782 1.78139 
0.980162 0.284936 -0.0354387 1.78267 
0.980242 0.293881 -0.0334514 1.78362 
0.981016 0.298658 -0.030609 1.78468 
0.979744 0.303946 -0.0320936 1.7841 
0.978511 0.286103 -0.0383467 1.77988 
0.97699 0.266183 -0.0465623 1.77388 
0.977667 0.271146 -0.0427178 1.77661 
0.979211 0.280737 -0.038188 1.78056 
0.975904 0.276425 -0.0422734 1.77346 
0.977497 0.283631 -0.0401555 1.77779 
0.976803 0.287269 -0.0399974 1.77633 
0.976065 0.282165 -0.0413486 1.77405 
0.975962 0.273689 -0.0437245 1.77303 
0.978651 0.2941 -0.0361196 1.78067 
0.980359 0.304187 -0.0301473 1.7839 
0.97644 0.308075 -0.0341171 1.77739 
0.974942 0.304249 -0.0361991 1.77472 
0.975011 0.29395 -0.0392707 1.77381 
0.977456 0.303862 -0.0340497 1.77899 
0.976206 0.297569 -0.0387948 1.7767 
0.976896 0.294218 -0.0384106 1.77754 
0.979346 0.272068 -0.0406976 1.77973 
0.97797 0.264674 -0.0453565 1.77607 
0.979739 0.259472 -0.0466404 1.77931 
0.975381 0.282851 -0.0418752 1.77274 
0.976395 0.269505 -0.0452907 1.77306 
0.97706 0.276883 -0.0419445 1.77666 
0.973265 0.28291 -0.043192 1.76927 
0.972578 0.283885 -0.0435524 1.76821 
0.97379 0.280479 -0.0441819 1.76983 
0.971103 0.290237 -0.0411468 1.76567 
0.973124 0.289262 -0.0411495 1.76988 
0.973082 0.294122 -0.0397245 1.77054 
0.972208 0.286761 -0.0423432 1.7677 
0.970808 0.296712 -0.0389194 1.76585 
0.97157 0.288032 -0.0422838 1.76643 
0.972304 0.296792 -0.0394279 1.76956 
0.970249 0.310688 -0.0345443 1.76618 
0.97002 0.304948 -0.0363793 1.76506 
0.97355 0.311775 -0.0343379 1.77341 
0.974498 0.311919 -0.0341249 1.77348 
0.974186 0.297585 -0.0384169 1.77275 
0.976911 0.315819 -0.0315345 1.77832 
0.969733 0.331425 -0.026776 1.7672 
0.968592 0.320022 -0.0310987 1.76357 
0.9725 0.323774 -0.0299399 1.771 
0.975394 0.322856 -0.0290483 1.77633 
0.977106 0.323917 -0.0250873 1.78062 
0.969072 0.312449 -0.0341582 1.76383 
0.971715 0.306195 -0.0368593 1.76989 
0.971949 0.329218 -0.0274216 1.77128 
0.971103 0.314412 -0.0331213 1.76789 
0.974259 0.32124 -0.0303575 1.77434 
0.978199 0.314345 -0.029753 1.78226 
0.972184 0.335716 -0.0197876 1.77304 
0.966896 0.331958 -0.0267345 1.76152 
0.963866 0.330693 -0.0270003 1.75522 
0.962215 0.321703 -0.0301936 1.75118 
0.970946 0.319264 -0.0315857 1.76783 
0.970872 0.339951 -0.0160448 1.77086 
0.970164 0.290867 -0.0414321 1.76401 
0.972589 0.303217 -0.0377374 1.77144 
0.974031 0.306691 -0.035831 1.77333 
0.973179 0.315022 -0.0327545 1.77211 
0.96891 0.29612 -0.0399893 1.76198 
0.970904 0.302629 -0.037273 1.76696 
0.968703 0.301272 -0.0372357 1.76165 
0.96986 0.293759 -0.0401668 1.76371 
0.967019 0.297432 -0.0390813 1.75831 
0.967464 0.295457 -0.0408054 1.75907 
0.967015 0.309348 -0.0349675 1.75863 
0.968003 0.308255 -0.0350532 1.76069 
0.977225 0.30473 -0.035499 1.77921 
0.971376 0.293911 -0.0398396 1.76667 
0.977604 0.297797 -0.0357862 1.77885 
0.974817 0.287331 -0.040919 1.77255 
0.974734 0.279146 -0.043708 1.77125 
0.973728 0.286323 -0.0417446 1.77048 
0.975184 0.276065 -0.0446986 1.77172 
0.96368 0.311658 -0.0335834 1.75332 
0.966008 0.302386 -0.0372349 1.75624 
0.967097 0.314938 -0.0333382 1.75974 
0.968081 0.303317 -0.0363182 1.76071 
0.965578 0.305268 -0.0361899 1.75562 
0.966858 0.300583 -0.0374525 1.75795 
0.965888 0.315974 -0.0332496 1.75791 
0.956136 0.349532 -0.0166862 1.74371 
0.957674 0.343336 -0.0206151 1.74542 
0.957954 0.352267 -0.0155422 1.7478 
0.957519 0.338721 -0.0226768 1.74429 
0.962439 0.351703 -0.0139932 1.75685 
0.966319 0.321961 -0.0311371 1.75941 
0.961774 0.31192 -0.0331902 1.74918 
0.959284 0.314391 -0.0316266 1.74449 
0.95943 0.312303 -0.0333364 1.74451 
0.960008 0.33147 -0.0261648 1.74822 
0.959862 0.322369 -0.0301769 1.74777 
0.968863 0.343061 0.00615785 1.76721 
0.972314 0.337814 -0.00364889 1.77135 
0.966825 0.349517 0.00111899 1.76473 
0.970099 0.342094 -0.00783099 1.76955 
0.96728 0.347039 -0.00839236 1.76562 
0.963854 0.346503 -0.0180979 1.75837 
0.967491 0.34298 -0.0184864 1.76511 
0.974954 0.327715 -0.0259668 1.77686 
0.976261 0.330116 -0.0155225 1.77742 
0.972596 0.33095 -0.0248685 1.77286 
0.971434 0.33472 -0.0225218 1.77138 
0.96812 0.343938 -0.0156536 1.76656 
0.968527 0.338473 -0.021463 1.76569 
0.968585 0.327221 -0.0286904 1.76469 
0.970343 0.335886 -0.0232344 1.76929 
0.967216 0.337164 -0.0239515 1.76323 
0.965755 0.344456 -0.0193956 1.76216 
0.962454 0.342953 -0.0205467 1.75493 
0.962566 0.326824 -0.0282216 1.75207 
0.962558 0.337595 -0.0232864 1.75425 
0.961154 0.33162 -0.0258536 1.75056 
0.970064 0.318188 -0.0318951 1.7666 
0.977209 0.326136 0.00183086 1.77896 
0.975712 0.33394 -0.0112754 1.77531 
0.972092 0.339096 -0.0121223 1.77187 
0.974822 0.331482 -0.0199205 1.77705 
0.979676 0.323306 -0.00887148 1.78165 
0.983435 0.315119 -0.0077753 1.78679 
0.981036 0.318335 -0.0157802 1.78501 
0.984779 0.310071 -0.0115452 1.78972 
0.98426 0.307841 -0.0205968 1.79111 
0.985177 0.303663 -0.0271164 1.79246 
0.983356 0.304397 -0.0269394 1.78892 
0.985115 0.301598 -0.0306647 1.79247 
0.98547 0.303564 -0.0205585 1.79298 
0.988119 0.295767 -0.0170081 1.79721 
0.98739 0.294931 0.0118929 1.79352 
0.981511 0.319217 -0.0106611 1.78439 
0.98639 0.301233 -0.0159603 1.79385 
0.983531 0.302411 -0.0274589 1.78921 
0.987987 0.294815 -0.00534317 1.79666 
0.986002 0.304795 -0.0104573 1.79212 
0.990831 0.285651 -0.0130104 1.80175 
0.961041 0.343381 -0.020872 1.75215 
0.959223 0.348304 -0.018027 1.74945 
0.958448 0.336246 -0.0241112 1.74582 
0.957833 0.326085 -0.0277194 1.74313 
0.955982 0.329861 -0.0255643 1.73995 
0.955832 0.324083 -0.0283952 1.73904 
0.958993 0.320998 -0.0294293 1.74498 
0.957472 0.33023 -0.0260574 1.7431 
0.95752 0.319941 -0.0303578 1.74157 
0.959792 0.337649 -0.0239411 1.74868 
0.956139 0.334174 -0.0237587 1.74071 
0.955085 0.334672 -0.0229949 1.73858 
0.954346 0.328715 -0.0261517 1.73662 
0.956925 0.322667 -0.0290507 1.74093 
0.953332 0.333118 -0.0239356 1.7347 
0.952758 0.336078 -0.0220479 1.73392 
0.954349 0.350604 -0.0154647 1.74058 
0.954608 0.35656 -0.0117741 1.74306 
0.95094 0.348298 -0.0149831 1.73366 
0.949335 0.356592 -0.0100012 1.73256 
0.949425 0.340317 -0.0196425 1.72855 
0.946374 0.352869 -0.010936 1.72564 
0.947493 0.344307 -0.0170321 1.72577 
0.950888 0.339779 -0.0200931 1.73119 
0.951828 0.337172 -0.021924 1.73242 
0.95311 0.344966 -0.0175345 1.7366 
0.948557 0.343201 -0.0173113 1.72765 
0.951964 0.344676 -0.0173801 1.73452 
0.948876 0.346884 -0.0152203 1.72926 
0.920394 0.392313 0.0451974 1.68144 
0.955888 0.376333 0.0230644 1.74512 
0.925358 0.387684 0.0348403 1.69085 
0.932535 0.382401 0.0222487 1.70376 
0.927297 0.392338 0.0392041 1.69648 
0.930099 0.391555 0.0362507 1.70205 
0.932428 0.386712 0.0279537 1.70519 
0.938544 0.394437 0.036707 1.71945 
0.929206 0.398175 0.0495898 1.7028 
0.941664 0.395653 0.0557509 1.72495 
0.923873 0.401084 0.059783 1.69295 
0.927568 0.402841 0.0681523 1.70216 
0.929572 0.400059 0.0561749 1.70457 
0.932221 0.40207 0.0669939 1.71062 
0.938009 0.398498 0.0553576 1.71955 
0.938839 0.397166 0.0862183 1.72107 
0.922599 0.404793 0.0749373 1.6917 
0.942872 0.392784 0.0781572 1.72746 
0.929519 0.404003 0.0840804 1.70545 
0.940331 0.396603 0.069924 1.72327 
0.907766 0.407376 0.11124 1.66354 
0.917005 0.406945 0.0985554 1.68201 
0.918667 0.405656 0.109453 1.68563 
0.928388 0.382812 0.0265083 1.69558 
0.967837 0.34226 0.0184261 1.76699 
0.961521 0.361476 0.00243347 1.75665 
0.956207 0.36901 0.00357615 1.74833 
0.955265 0.365785 -0.00246202 1.74602 
0.96123 0.355298 -0.0112727 1.75548 
0.960756 0.348043 -0.0178307 1.75252 
0.956116 0.344058 -0.0194333 1.74236 
0.954091 0.331626 -0.0243578 1.7362 
0.954967 0.339387 -0.0207593 1.73901 
0.951221 0.354604 -0.011762 1.73601 
0.953644 0.339775 -0.0201265 1.7364 
0.95525 0.327053 -0.0266193 1.73833 
0.940056 0.39142 0.111681 1.72353 
0.927051 0.393066 0.134699 1.70007 
0.928936 0.402325 0.111116 1.7069 
0.932443 0.396956 0.045184 1.70856 
0.926908 0.384195 0.0286196 1.69273 
0.925705 0.404025 0.0749645 1.69776 
0.926396 0.401465 0.0613866 1.69913 
0.934356 0.401777 0.0816728 1.7139 
0.940905 0.390958 0.100094 1.72408 
0.929714 0.402293 0.102441 1.70678 
0.94303 0.393425 0.0428828 1.72665 
0.939252 0.386418 0.0231538 1.71869 
0.944834 0.384299 0.0188424 1.72858 
0.965429 0.350914 -0.00469419 1.76274 
0.967102 0.345241 0.0124383 1.76445 
0.95911 0.366323 0.00641863 1.75233 
0.965966 0.353921 0.0122808 1.76358 
0.962967 0.360561 0.0165482 1.75796 
0.965771 0.350252 0.0251402 1.76263 
0.959799 0.367705 0.0131654 1.75298 
0.951134 0.366772 -0.00297249 1.73804 
0.946853 0.369789 0.00152642 1.73052 
0.945062 0.370508 0.00292491 1.7273 
0.943734 0.360299 -0.00475548 1.7226 
0.945765 0.358963 -0.00651586 1.72599 
0.96995 0.331586 0.0283851 1.77428 
0.9744 0.324571 0.0435098 1.77711 
0.967277 0.341143 0.0352294 1.76858 
0.969573 0.343021 0.0545657 1.76881 
0.973398 0.335481 0.0736786 1.77036 
0.960562 0.350578 0.107727 1.75145 
0.955468 0.371023 0.0511765 1.74463 
0.947218 0.38378 0.0801276 1.73442 
0.955752 0.363947 0.082181 1.74717 
0.955547 0.363415 0.092272 1.74683 
0.961389 0.354023 0.0797892 1.75564 
0.953204 0.358351 0.123619 1.74034 
0.950585 0.385136 0.0456132 1.73795 
0.945657 0.390815 0.0370047 1.73025 
0.932287 0.394276 0.0391764 1.7071 
0.942167 0.392146 0.0333125 1.72519 
0.959215 0.368995 0.0281568 1.74964 
0.950936 0.386391 0.0336781 1.73772 
0.965152 0.348918 0.0332311 1.76204 
0.965147 0.351343 0.0500465 1.76064 
0.963024 0.360313 0.0242017 1.75682 
0.952715 0.375874 0.0114376 1.74206 
0.952892 0.381843 0.023884 1.74129 
0.948569 0.382267 0.0178435 1.73479 
0.964565 0.355354 0.00479168 1.76106 
0.965961 0.347953 -0.0128 1.76309 
0.962461 0.356416 -0.00683631 1.75846 
0.964151 0.350188 -0.0145911 1.75993 
0.95858 0.356193 -0.0123414 1.75054 
0.962062 0.309049 -0.0347409 1.74985 
0.962655 0.307918 -0.0352092 1.7511 
0.962723 0.305668 -0.0367285 1.75062 
0.964419 0.310976 -0.0343743 1.75459 
0.960637 0.319344 -0.0315552 1.74855 
0.963224 0.314511 -0.0323438 1.75234 
0.963718 0.319264 -0.0308427 1.75388 
0.964475 0.306473 -0.0363602 1.75421 
0.965135 0.322975 -0.0299498 1.75692 
0.961025 0.31381 -0.0332643 1.74825 
0.967897 0.327831 -0.0287941 1.76341 
0.96386 0.336678 -0.024196 1.75657 
0.96544 0.328972 -0.0277814 1.75812 
0.965341 0.340102 -0.022734 1.76016 
0.958912 0.325518 -0.027946 1.74518 
0.958781 0.317947 -0.0302691 1.74392 
0.961663 0.327469 -0.0278326 1.7517 
0.990867 0.289941 0.0424635 1.80033 
0.978243 0.321568 0.0670788 1.77742 
0.986532 0.30184 -0.00388316 1.79271 
0.987178 0.288052 0.00716182 1.79609 
0.986018 0.30705 0.00205313 1.79031 
0.985114 0.304464 0.00954863 1.78986 
0.987006 0.293031 0.0210644 1.79269 
0.989883 0.2869 0.0219589 1.79855 
0.986183 0.298278 0.0374574 1.79144 
0.983192 0.301061 0.027433 1.78769 
0.977007 0.321131 0.0120525 1.78193 
0.97638 0.332813 -0.00619929 1.77514 
0.993669 0.286309 0.033226 1.80384 
0.979704 0.312424 0.015105 1.7846 
0.988775 0.281029 0.00910074 1.8011 
0.984084 0.279583 0.111561 1.7949 
0.99067 0.253177 0.137538 1.80022 
0.977929 0.30902 0.120734 1.77949 
0.943627 0.393651 0.0624057 1.72853 
0.950288 0.379905 0.0719994 1.73933 
0.964049 0.350924 0.071601 1.75866 
0.926303 0.404613 0.0939798 1.69962 
0.936481 0.396658 0.0964281 1.71705 
0.939253 0.38231 0.141979 1.72476 
0.933356 0.394108 0.128251 1.71256 
0.944889 0.380911 0.116045 1.72983 
0.92088 0.406354 0.0925068 1.68936 
0.909671 0.405615 0.0870635 1.66501 
0.935194 0.401413 0.0722984 1.71554 
0.916999 0.400737 0.0643717 1.67786 
0.91914 0.405454 0.081941 1.68493 
0.912824 0.402192 0.0711963 1.66943 
0.933876 0.399947 0.0597996 1.71204 
0.970969 0.332593 0.0202497 1.77448 
0.979859 0.321005 0.00422907 1.78349 
0.973422 0.320476 0.0323502 1.77769 
0.983624 0.291281 0.0846354 1.79554 
0.971387 0.338138 0.0469187 1.77433 
0.977943 0.316014 0.0523485 1.77921 
0.970263 0.337229 0.0871891 1.76684 
0.945015 0.39248 0.048413 1.73008 
0.953868 0.381781 0.0379135 1.74163 
0.948344 0.385295 0.0618545 1.73547 
0.973789 0.328098 0.0146697 1.77828 
0.941459 0.376123 0.00951907 1.72127 
0.939891 0.366319 0.00101641 1.71604 
0.944751 0.375497 0.00761792 1.72779 
0.942116 0.367951 0.00139974 1.72119 
0.943504 0.36569 -0.000813231 1.72344 
0.942451 0.35254 -0.00965602 1.71793 
0.949406 0.362556 -0.00575075 1.73379 
0.945778 0.34805 -0.013891 1.72314 
0.957508 0.362606 -0.00542328 1.75015 
0.953403 0.364622 -0.00515717 1.74236 
0.956452 0.358882 -0.00994288 1.74714 
0.992384 0.283638 -0.018881 1.80419 
0.988369 0.279701 0.0155605 1.79962 
0.989922 0.27676 0.00356281 1.80178 
0.990279 0.273499 0.0146537 1.80579 
0.996197 0.259265 0.0100594 1.81213 
0.996781 0.26306 0.0162689 1.81095 
0.982672 0.289994 0.109075 1.79176 
0.979647 0.295903 0.120569 1.78324 
0.981679 0.294812 0.0953486 1.78944 
0.99077 0.277804 0.0491236 1.8083 
0.985637 0.283416 0.0623301 1.80014 
0.997676 0.283372 0.031571 1.81125 
1.00313 0.247517 0.0540998 1.81759 
1.00331 0.246985 0.0637617 1.81725 
1.00539 0.252325 0.0549736 1.81829 
1.00201 0.255365 0.066483 1.81327 
0.990693 0.272955 0.0612287 1.8023 
0.993932 0.271087 0.0562428 1.80827 
1.00087 0.263939 0.0530964 1.81504 
0.998301 0.263535 0.061526 1.81008 
0.993482 0.272633 0.0496146 1.81043 
0.94818 0.351806 -0.0122914 1.72927 
0.952797 0.358437 -0.009969 1.73986 
0.960186 0.36042 -0.00362718 1.75459 
0.953402 0.37227 0.00652233 1.74325 
0.943023 0.374311 0.00681253 1.7245 
0.949104 0.374121 0.00495705 1.73557 
0.950592 0.378043 0.0107665 1.73907 
0.951404 0.371871 0.00255752 1.73977 
0.955797 0.373767 0.0160749 1.74607 
0.941837 0.356551 -0.0063562 1.7181 
0.943965 0.349499 -0.0130504 1.7199 
0.947158 0.36376 -0.0036547 1.72957 
0.938549 0.362444 -0.00116713 1.71276 
0.936131 0.366977 0.00403198 1.70851 
0.942327 0.389115 0.02722 1.72475 
0.941812 0.381115 0.015023 1.72289 
0.945701 0.387005 0.0246113 1.73012 
0.947907 0.378967 0.0125406 1.73362 
0.950269 0.384621 0.0277539 1.73667 
0.931056 0.378358 0.0184075 1.69987 
0.93521 0.378473 0.0158925 1.70864 
0.930299 0.387132 0.0303285 1.70114 
0.934996 0.382388 0.0200935 1.70891 
0.936898 0.386881 0.0247106 1.71421 
0.936804 0.373873 0.0104386 1.71192 
0.934079 0.37136 0.00962241 1.70566 
0.938237 0.37104 0.00681114 1.71352 
0.936281 0.364261 0.000824281 1.70811 
0.939596 0.371224 0.00585492 1.71628 
0.932872 0.375647 0.0145744 1.70307 
0.934263 0.36861 0.00655435 1.70492 
0.935085 0.389741 0.0298732 1.71163 
0.937063 0.377696 0.014135 1.7127 
0.93918 0.381726 0.0170454 1.71792 
0.928884 0.379604 0.0203382 1.69597 
0.932659 0.37322 0.0120418 1.70226 
0.939621 0.396042 0.0432445 1.72195 
0.936331 0.397338 0.0477182 1.71578 
0.935522 0.393143 0.0350438 1.71326 
0.9221 0.388742 0.0381064 1.68423 
0.924233 0.398129 0.0516392 1.69214 
0.944111 0.362961 0.153712 1.73079 
0.92849 0.386309 0.14406 1.70369 
0.942216 0.37327 0.143995 1.72887 
0.946228 0.381612 0.0911661 1.73154 
0.94764 0.368519 0.139942 1.73624 
0.955436 0.359201 0.113685 1.74266 
0.945283 0.378724 0.126978 1.73138 
0.951141 0.370532 0.109162 1.73763 
0.9687 0.333703 0.113003 1.76431 
0.913766 0.404721 0.0800169 1.67332 
0.938923 0.386718 0.133447 1.72308 
0.905414 0.404251 0.161923 1.66328 
0.912508 0.405318 0.128975 1.67419 
0.913138 0.395002 0.150663 1.676 
0.94113 0.344573 0.132235 1.72552 
0.953221 0.278385 0.100064 1.73071 
0.945784 0.360928 0.148316 1.7315 
0.927096 0.396793 0.0467533 1.69767 
0.916915 0.397907 0.0575583 1.67612 
0.920559 0.396042 0.0507683 1.68326 
0.921006 0.402715 0.0657509 1.68717 
0.952215 0.299742 0.0773229 1.72846 
0.941496 0.354639 0.157957 1.72457 
0.922717 0.401388 0.11535 1.69367 
0.91597 0.398312 0.13619 1.67982 
0.913748 0.406403 0.115997 1.67544 
0.90177 0.406954 0.120939 1.65132 
0.906743 0.406532 0.102639 1.6605 
0.910686 0.406765 0.0957396 1.66867 
0.905259 0.40782 0.133595 1.66073 
0.945023 0.366353 0.160293 1.73353 
0.985348 0.26643 0.140337 1.79167 
0.891472 0.258066 0.337308 1.63307 
0.989987 0.248365 0.158525 1.79842 
0.969596 0.30078 0.170522 1.76601 
0.983197 0.275757 0.131238 1.79012 
0.980792 0.280653 0.154811 1.78387 
0.97751 0.283098 0.165339 1.77791 
0.97785 0.290076 0.147695 1.77893 
0.977895 0.294559 0.139326 1.7802 
0.994694 0.193033 0.189684 1.81389 
0.991351 0.218662 0.177117 1.80522 
0.96959 0.257233 0.22302 1.77347 
0.971978 0.228357 0.263865 1.77398 
0.977807 0.202298 0.277301 1.77737 
0.943911 0.242238 0.324415 1.72472 
0.964754 0.27354 0.234604 1.76839 
0.976767 0.274934 0.17533 1.77675 
0.973905 0.224323 0.235483 1.78198 
0.959072 0.2905 0.221993 1.75691 
0.995856 0.209097 0.166469 1.81427 
0.995402 0.198136 0.170588 1.81572 
1.0013 0.170813 0.173792 1.82201 
0.996921 0.164701 0.205252 1.81719 
0.988342 0.217782 0.193388 1.80278 
0.993915 0.224112 0.155854 1.80543 
0.988308 0.239618 0.16929 1.79619 
0.98292 0.232327 0.201625 1.79271 
0.985627 0.261 0.161573 1.79147 
0.994403 0.233033 0.145122 1.80431 
1.00747 0.217793 0.0998729 1.82298 
1.01185 0.192899 0.0972496 1.83228 
1.00619 0.192173 0.119083 1.82713 
1.01198 0.188454 0.105 1.83013 
1.00931 0.204431 0.103674 1.82722 
1.00809 0.205767 0.0952769 1.82713 
1.01579 0.173008 0.104985 1.83698 
1.01394 0.188079 0.0977365 1.83611 
1.01313 0.186206 0.0916682 1.83602 
1.00771 0.185414 0.126742 1.82834 
0.999569 0.219862 0.122736 1.81667 
1.00032 0.223428 0.133213 1.81835 
0.991608 0.227163 0.168291 1.80303 
0.997232 0.232487 0.135709 1.80956 
0.998114 0.244396 0.104216 1.81035 
0.996809 0.235902 0.127314 1.80707 
0.994668 0.242329 0.121902 1.80371 
0.96667 0.256907 0.0534625 1.75106 
0.934181 0.364889 0.139496 1.71033 
0.942152 0.317578 0.102499 1.71365 
0.9406 0.362605 0.142903 1.72525 
0.944084 0.357815 0.140335 1.73236 
0.946956 0.34861 0.143218 1.73762 
0.948225 0.357071 0.149118 1.73623 
0.947467 0.364836 0.154693 1.73634 
0.940259 0.332098 0.103796 1.70864 
0.934946 0.16669 0.335479 1.70546 
0.929329 0.262342 0.308042 1.69978 
1.00232 0.181582 0.155935 1.80809 
0.995043 0.166678 0.195232 1.7946 
0.972873 0.232787 0.18437 1.76247 
0.905823 0.391504 0.191331 1.66504 
0.899652 0.406018 0.146689 1.64881 
0.918508 0.380605 0.158984 1.68492 
0.899174 0.362289 0.249184 1.64574 
0.952667 0.277586 0.173464 1.72124 
0.943141 0.290359 0.239462 1.72108 
0.929348 0.319594 0.185713 1.69848 
0.935909 0.342266 0.162067 1.71159 
0.939183 0.322259 0.160376 1.71267 
0.931088 0.366184 0.1588 1.70709 
0.924233 0.377061 0.15166 1.69455 
0.935806 0.384092 0.147374 1.71774 
0.941922 0.370294 0.15165 1.72804 
0.944921 0.338856 0.154952 1.72764 
0.948594 0.297663 0.152985 1.72351 
0.931938 0.312468 0.207794 1.70417 
0.931651 0.31554 0.266199 1.70885 
0.925785 0.336111 0.233591 1.69858 
0.946935 0.292302 0.205507 1.72313 
0.962904 0.261117 0.16428 1.74422 
0.926046 0.340876 0.254914 1.70025 
0.958579 0.264027 0.23849 1.74601 
0.96138 0.243216 0.260243 1.74886 
0.897282 0.323114 0.286973 1.64078 
0.903515 0.384217 0.205991 1.65974 
0.955066 0.349737 0.138692 1.74442 
0.94902 0.368682 0.13037 1.73572 
0.956112 0.349295 0.128624 1.74535 
0.951275 0.359687 0.14435 1.74107 
0.962966 0.341998 0.113935 1.75544 
0.961264 0.335648 0.13402 1.75233 
0.959557 0.341573 0.124946 1.74988 
0.971069 0.30816 0.146046 1.76661 
0.969971 0.325245 0.124344 1.76601 
0.974136 0.314028 0.129362 1.77279 
0.949284 0.365023 0.152838 1.74049 
0.951452 0.356727 0.157457 1.74253 
0.948172 0.363203 0.165531 1.73898 
0.94553 0.362022 0.175472 1.73511 
0.955435 0.330871 0.178951 1.7471 
0.941895 0.370966 0.181599 1.73246 
0.941441 0.360934 0.205955 1.73282 
0.946642 0.343128 0.197431 1.73741 
0.936004 0.311238 0.293124 1.72208 
0.892064 0.359299 0.223504 1.62619 
0.935301 0.360837 0.223421 1.72144 
0.939481 0.326741 0.271551 1.72848 
0.927043 0.371437 0.229237 1.70756 
0.940406 0.346113 0.236617 1.73053 
0.950822 0.360332 0.152404 1.74184 
0.942637 0.367958 0.158354 1.73173 
0.9475 0.36297 0.151002 1.73618 
0.953785 0.259221 0.132915 1.72685 
0.949051 0.289249 0.164837 1.72271 
0.914982 0.368908 0.224179 1.6802 
0.923446 0.35564 0.182688 1.69206 
0.931453 0.354447 0.167956 1.70601 
0.936045 0.309302 0.166998 1.70456 
0.922037 0.339261 0.196442 1.68616 
0.951438 0.335479 0.142888 1.73943 
0.957638 0.253655 0.115072 1.73649 
0.957292 0.30917 0.128101 1.74318 
0.952719 0.301601 0.113649 1.73338 
0.957571 0.279067 0.073108 1.73696 
0.955126 0.288574 0.13631 1.73616 
0.973165 0.23529 0.0959614 1.76395 
0.974321 0.164882 0.280105 1.76927 
0.95877 0.199028 0.307408 1.75283 
0.973627 0.218752 0.229471 1.76605 
0.912828 0.225502 0.326825 1.66273 
0.96365 0.253154 0.190973 1.74697 
0.897776 0.398681 0.179106 1.64636 
0.91453 0.375038 0.176499 1.67696 
0.937526 0.374378 0.154605 1.72031 
0.922874 0.39794 0.129535 1.69264 
0.933653 0.397451 0.118122 1.71366 
0.944453 0.318681 0.156516 1.71964 
0.898946 0.386104 0.218809 1.64637 
0.914475 0.369897 0.208502 1.68134 
0.919597 0.347728 0.19477 1.68406 
0.921412 0.35083 0.225928 1.69087 
0.904568 0.37551 0.233354 1.65842 
0.908051 0.34892 0.263901 1.66588 
0.986452 0.215902 0.142647 1.78637 
0.916974 0.304588 0.295153 1.68162 
1.01615 0.156688 0.115026 1.83249 
1.01699 0.107244 0.164489 1.8244 
1.00157 0.0935052 0.235125 1.80351 
0.952173 0.241007 0.294185 1.73885 
0.983725 0.186705 0.23594 1.78354 
1.01142 0.125044 0.19958 1.82343 
1.02046 0.0621142 0.136054 1.83462 
0.987366 0.114393 0.282862 1.79264 
1.01582 0.040477 0.179252 1.82402 
0.968614 0.0151139 0.303378 1.74769 
0.912526 0.192787 0.344785 1.66697 
1.01067 0.155371 0.137072 1.81643 
1.01401 0.129038 0.0976758 1.83339 
1.02164 0.123162 0.142647 1.83726 
1.02455 0.0791053 0.122707 1.84631 
1.0231 0.0752914 0.107649 1.84266 
1.0282 0.0449892 0.0954836 1.85445 
0.944286 0.0998003 0.341062 1.70807 
1.02027 0.103282 0.125437 1.83635 
0.963073 0.074636 0.317809 1.74354 
1.01942 0.112794 0.0952279 1.84147 
1.01848 0.0370918 0.224488 1.84043 
1.02199 0.110659 0.114238 1.84255 
1.01609 0.134354 0.110443 1.83397 
1.02087 0.100095 0.10257 1.84039 
1.02152 0.110813 0.0845808 1.84217 
1.02391 0.101959 0.0818163 1.84575 
1.02655 0.0429113 0.126432 1.84941 
1.02926 0.0104506 0.163354 1.85028 
1.02314 0.068876 0.160457 1.83964 
1.02505 0.0816965 0.081948 1.84867 
1.02544 0.0880708 0.0680547 1.84978 
0.986653 -0.00760191 0.261699 1.79048 
1.03287 -0.0103896 0.106182 1.86146 
0.983763 -0.0805469 0.21187 1.80458 
1.02943 0.00587087 0.11727 1.85472 
1.02433 0.0180536 0.134792 1.84127 
1.00768 -0.0454117 0.170586 1.80577 
0.982969 -0.0599093 0.233317 1.79976 
1.02458 0.0508929 0.10687 1.84543 
1.02625 0.0837699 0.0731562 1.85162 
1.02498 0.0805883 0.0767254 1.84837 
1.02462 0.0911315 0.075148 1.84761 
1.0242 0.09304 0.0853103 1.84599 
1.0245 0.0879416 0.0720148 1.84735 
1.02461 0.079384 0.0896067 1.84748 
1.02461 0.0836204 0.0986562 1.84674 
1.02421 0.0995424 0.0760076 1.84663 
1.02556 0.0822165 0.0672867 1.85054 
1.02622 0.0839109 0.0689065 1.85149 
1.02853 0.0818916 0.0660471 1.85567 
1.02925 0.0824236 0.0565201 1.85735 
1.03007 0.0624355 0.0703102 1.8558 
1.02538 0.0833412 0.0704647 1.84939 
1.02684 0.0770289 0.0738628 1.85281 
1.02356 0.0870152 0.0796124 1.84479 
1.02649 0.0553332 0.0828181 1.85105 
1.02259 0.0908924 0.0971999 1.84217 
1.02522 0.0695613 0.0908638 1.8486 
1.02629 0.0646492 0.101739 1.85052 
1.02606 0.0804301 0.0694663 1.85063 
1.02564 0.0867959 0.0685339 1.85071 
1.02615 0.0862911 0.06871 1.85179 
1.02686 0.096316 0.0679674 1.8529 
1.02888 0.0971982 0.0613811 1.85622 
1.0271 0.0907919 0.0671534 1.8536 
1.0272 0.107918 0.0697661 1.85382 
1.03274 0.058399 0.0562282 1.86011 
1.02877 0.0952518 0.0570672 1.85683 
1.03199 0.0652878 0.0481652 1.85843 
1.03556 -0.00212716 0.0595759 1.86736 
1.03076 -0.054859 0.0613362 1.85413 
1.02853 -0.0734097 0.13207 1.83673 
1.02512 0.0838818 0.0661191 1.84956 
1.02554 0.132249 0.070286 1.85098 
1.0279 0.0893534 0.0643383 1.85384 
1.02467 0.106857 0.0785287 1.84952 
1.02523 0.110302 0.076371 1.8502 
1.02626 0.105784 0.0737496 1.85216 
1.02647 0.0972374 0.0709046 1.85253 
1.02589 0.0935351 0.0729423 1.85138 
1.02617 0.0929892 0.0715473 1.85184 
1.02607 0.0877742 0.0694571 1.85157 
1.02657 0.0834976 0.0695271 1.85248 
1.02563 0.0838507 0.0681725 1.85045 
1.0252 0.0848619 0.0675795 1.84918 
1.02538 0.0831073 0.0667025 1.85032 
1.02563 0.0824644 0.0663866 1.85084 
1.02583 0.0809804 0.0669792 1.85113 
1.02583 0.0799242 0.0682533 1.85005 
1.02596 0.0848497 0.0689537 1.85151 
1.02543 0.0796339 0.068376 1.84926 
1.03067 0.0461963 0.0755092 1.85581 
1.03164 0.0635205 0.0631859 1.85841 
1.02892 0.0700156 0.0713016 1.85636 
1.02965 0.073821 0.0614575 1.85682 
1.03149 0.0318302 0.0107421 1.86022 
1.03153 0.00302103 0.0221897 1.85829 
1.03405 0.0346664 0.0292869 1.86337 
1.03283 0.0351887 0.0574888 1.85991 
1.03442 0.0454466 0.0370674 1.86354 
1.03408 0.0549867 0.0288812 1.8624 
1.03262 0.0751786 0.0312738 1.85996 
1.03002 0.0665819 0.004792 1.85793 
1.02946 0.054431 0.075471 1.8554 
1.02611 0.0708862 0.0758332 1.8511 
1.02882 0.0761101 0.0660434 1.85602 
1.03193 0.046431 0.0525017 1.85768 
1.02691 0.0655635 0.0831099 1.85278 
1.03198 0.0234635 0.0798603 1.85943 
1.02751 0.0281232 0.0991419 1.85145 
1.0301 0.0329035 0.086281 1.85613 
1.02529 -0.0478317 0.104781 1.83892 
1.02539 0.0878293 0.0738531 1.8499 
1.02561 0.0853378 0.0714771 1.8506 
1.02484 0.0809024 0.0731252 1.84738 
1.0268 0.0945318 0.0835246 1.85294 
1.02999 0.00493169 0.0825733 1.85396 
1.03173 0.0363517 0.0688993 1.85745 
1.03019 -0.0273619 0.0473064 1.85365 
1.03204 0.0177455 0.0484419 1.85789 
1.03505 0.0181586 0.0364985 1.8651 
1.03175 -0.0187565 0.0233168 1.85817 
1.02365 0.136704 0.0810696 1.84897 
1.02996 0.0829333 -0.00271938 1.858 
1.02918 0.0980372 -0.00220064 1.8569 
1.02881 0.0897699 -0.00829738 1.85576 
1.03121 0.0889535 0.00655852 1.86062 
1.0306 0.0718954 -0.00640517 1.85944 
1.03002 0.105648 0.0212125 1.85752 
1.03105 0.0843635 0.0409143 1.8596 
1.0301 0.0779386 0.0497326 1.85788 
1.02916 0.104094 0.0501474 1.85787 
1.02828 0.113692 0.050546 1.85604 
1.02576 0.130844 0.0543128 1.85196 
1.02695 0.129331 0.0458022 1.85417 
1.02929 0.113096 0.00405276 1.85691 
1.02137 0.0742559 0.0639007 1.83837 
1.0316 0.0762842 0.0189887 1.86063 
1.03458 0.0636317 0.0361094 1.86242 
1.03027 0.0435536 -0.00097855 1.85837 
1.03044 0.0136443 0.00532493 1.85833 
1.02358 0.143994 0.0527757 1.84936 
1.02724 0.136722 0.0336239 1.85371 
1.02759 0.116806 0.05767 1.85436 
1.02636 0.125325 0.0598739 1.85225 
1.02947 0.111329 0.0325989 1.85721 
1.02959 0.125469 0.0153978 1.8556 
1.02904 0.13462 0.0139334 1.85475 
1.02924 0.124434 0.0088732 1.85594 
1.02998 0.0979589 0.0407954 1.85819 
1.03208 0.0555648 0.00822871 1.86152 
1.02992 0.120187 0.0170811 1.85672 
1.02898 0.120268 0.0364993 1.85659 
1.02718 0.112518 0.0627938 1.85318 
1.02828 0.104529 0.0620764 1.85536 
1.02763 0.102374 0.0661573 1.85415 
1.02486 0.12291 0.0802173 1.85 
1.0274 0.114582 0.0681657 1.85418 
1.02614 0.104563 0.0721095 1.85183 
1.02487 0.139346 0.0657534 1.85091 
1.02459 0.130999 0.0772878 1.84979 
1.02662 0.126447 0.0675719 1.85283 
1.02639 0.119804 0.0710369 1.8521 
1.02348 0.145707 0.0698295 1.84909 
1.02823 0.105476 -0.00306619 1.855 
1.04778 -0.00750764 0.0253387 1.8598 
1.02919 0.0870637 0.143584 1.84485 
1.02539 0.0877149 0.0711315 1.85011 
1.02556 0.0806769 0.0685819 1.8501 
1.02526 0.101164 0.0761078 1.85043 
1.02576 0.0961659 0.0776235 1.85136 
1.02527 0.0818644 0.0705051 1.84869 
1.0249 0.100023 0.0818018 1.84931 
1.02705 0.0998206 0.0922786 1.85278 
1.02402 0.107053 0.0901759 1.8483 
1.02596 0.099813 0.0741525 1.85171 
1.02271 0.136412 0.0891641 1.84767 
1.01983 0.148239 0.104559 1.84281 
1.0229 0.143986 0.0777183 1.84799 
1.02542 0.147444 0.00553294 1.85044 
1.0248 0.150468 0.00453963 1.84931 
1.02476 0.146635 0.00303128 1.84965 
1.02756 0.112783 -0.00677588 1.85357 
1.02248 0.157989 0.0361025 1.84968 
1.02488 0.141958 0.0444818 1.85185 
1.02798 0.120762 0.0438455 1.85536 
1.0245 0.138627 0.0580212 1.8504 
1.02247 0.1577 0.0472775 1.84872 
1.02193 0.157256 0.0599577 1.84764 
1.02263 0.154785 0.0678708 1.8481 
1.01592 0.178167 0.0614541 1.84142 
1.01654 0.178904 0.0523855 1.84272 
1.02031 0.16952 0.0522481 1.84676 
1.01829 0.17223 0.0644842 1.84394 
1.02132 0.161122 0.074904 1.84597 
1.01296 0.189526 0.0660698 1.83702 
1.02577 0.150241 0.00737913 1.85057 
1.03048 0.106388 0.0122551 1.85853 
1.03054 0.086914 0.0171644 1.85858 
1.0308 0.0969683 0.0245405 1.85936 
1.02843 0.143951 0.0162187 1.85326 
1.02629 0.15153 0.0191361 1.85149 
1.02639 0.153614 0.0135252 1.8511 
1.03035 0.098524 0.00579985 1.85889 
1.02962 0.113042 0.0265396 1.85691 
1.02984 0.10207 0.0328466 1.85757 
1.02934 0.131885 0.0181021 1.85429 
1.0291 0.127218 0.0307438 1.85574 
1.02865 0.13293 0.0292356 1.85398 
1.02983 0.113566 0.0108213 1.85679 
1.02945 0.120776 0.024416 1.85602 
1.02872 0.108034 -0.00815562 1.85634 
1.02869 0.119038 0.00384241 1.85548 
1.02795 0.118638 -0.00174297 1.85441 
1.02808 0.129514 0.00573188 1.85403 
1.02687 0.134297 0.00241746 1.85305 
1.02752 0.139608 0.0094019 1.85289 
1.02615 0.14091 0.00502807 1.85191 
1.02653 0.127023 -0.00303553 1.85234 
1.02722 0.124427 -3.50253e-06 1.8528 
1.02515 0.133036 -0.00198119 1.85043 
1.02754 0.134526 0.00564428 1.8533 
1.02525 0.136502 0.00015445 1.85073 
1.02603 0.137789 0.00274327 1.85177 
1.02563 0.143084 0.00445317 1.85135 
1.02494 0.141938 0.0019338 1.8503 
1.02468 0.138789 -0.000265331 1.84966 
1.02553 0.151688 0.00683394 1.85016 
1.02445 0.144038 0.00121845 1.84918 
1.02361 0.15524 0.00410319 1.84824 
1.02552 0.161476 0.0105578 1.8492 
1.02524 0.155893 0.00755646 1.84946 
1.0258 0.161176 0.0116576 1.8497 
1.02397 0.166619 0.00874442 1.84864 
1.02344 0.163361 0.00643112 1.84835 
1.02399 0.163258 0.00764705 1.84882 
1.02351 0.161515 0.00598635 1.84846 
1.02485 0.165488 0.012052 1.84918 
1.02475 0.166685 0.0116045 1.84915 
1.02464 0.163416 0.00884548 1.849 
1.02422 0.166727 0.0139639 1.84915 
1.0255 0.15971 0.00900036 1.84932 
1.02446 0.164931 0.0147686 1.84955 
1.02347 0.170668 0.0105198 1.84837 
0.988667 0.144832 0.316355 1.79401 
1.02169 0.173316 0.0115711 1.84453 
1.02164 0.17347 0.0115982 1.84444 
1.02166 0.173979 0.0115162 1.84464 
1.0239 0.158657 0.00587787 1.84872 
1.02386 0.15663 0.00522684 1.84865 
1.0244 0.157195 0.00649096 1.84899 
1.02227 0.172694 0.0150131 1.84846 
1.02367 0.169481 0.00995285 1.84847 
1.02335 0.1709 0.0102086 1.84816 
1.02357 0.168341 0.00897415 1.84826 
1.0236 0.162622 0.00665859 1.84858 
1.01986 0.182308 0.00899381 1.84568 
1.02172 0.176676 0.0106858 1.84559 
1.02088 0.180922 0.0105763 1.84586 
1.02169 0.17558 0.0113364 1.8448 
1.02166 0.173651 0.0113891 1.84444 
1.02182 0.174292 0.0112443 1.84478 
1.0207 0.181877 0.0125988 1.84632 
1.02136 0.180531 0.0119344 1.84621 
1.02146 0.180148 0.0124002 1.84639 
1.02198 0.175889 0.0156935 1.84795 
1.01972 0.182085 0.0137961 1.84612 
1.0195 0.183373 0.0111556 1.84562 
1.02046 0.182165 0.0112622 1.84593 
1.02139 0.173791 0.0172185 1.84746 
1.01952 0.176077 0.0245202 1.8461 
1.02157 0.177281 0.0153928 1.84744 
1.0207 0.177293 0.0193108 1.84702 
1.01866 0.1779 0.0229757 1.84453 
1.01803 0.180931 0.0192835 1.8449 
1.01921 0.181277 0.0161108 1.84594 
1.02274 0.169787 0.00902457 1.8468 
1.0228 0.170572 0.00953377 1.84702 
1.02303 0.170325 0.00956252 1.84747 
1.02292 0.171506 0.0101553 1.84753 
1.02334 0.16873 0.0088928 1.84795 
1.02308 0.172467 0.0109417 1.84815 
1.02255 0.173979 0.0109641 1.84691 
1.02308 0.167395 0.00769575 1.84759 
1.02275 0.174076 0.011594 1.84777 
1.02286 0.16876 0.00848507 1.84708 
1.02077 0.181645 0.0119422 1.84596 
1.00979 0.205471 0.0137142 1.82879 
1.01471 0.187744 0.0199528 1.84014 
1.00957 0.198495 0.0309221 1.83045 
1.0117 0.195783 0.015527 1.83554 
1.01024 0.19454 0.0347623 1.83276 
1.02505 0.158699 0.00776396 1.85105 
1.02412 0.164932 0.0100764 1.85001 
1.0227 0.169407 0.00782569 1.84884 
1.02333 0.169634 0.00174632 1.85052 
1.00844 0.233234 -0.0184001 1.8281 
1.01102 0.227982 -0.0281588 1.83086 
1.00917 0.225181 -0.0460064 1.83052 
1.01338 0.217938 -0.0429187 1.83357 
1.01151 0.223042 -0.0477349 1.83355 
1.00931 0.22139 -0.0453069 1.83101 
1.01139 0.221638 -0.0547533 1.83359 
1.0149 0.204831 -0.035025 1.83691 
1.01186 0.217303 -0.0225355 1.83294 
1.01319 0.218732 -0.0352276 1.83283 
1.01229 0.220836 -0.0268669 1.8313 
1.01152 0.226139 -0.0369293 1.83232 
1.01105 0.211402 -0.0149922 1.83308 
1.01328 0.211507 -0.0241891 1.83574 
1.0136 0.20601 -0.0229165 1.83692 
1.01714 0.186931 0.00395412 1.84338 
1.02131 0.179708 0.00931503 1.84627 
1.02126 0.179573 0.00554038 1.84755 
1.0229 0.171892 0.00970867 1.84802 
1.02238 0.175012 0.0081336 1.84774 
1.02274 0.171499 0.00847247 1.84892 
1.02223 0.174047 0.00762827 1.84795 
1.02422 0.166819 0.00430871 1.85095 
1.02253 0.172792 0.00428383 1.84899 
1.02271 0.173409 0.00161348 1.85 
1.01769 0.18642 0.00674203 1.84343 
1.01885 0.184864 0.00882084 1.84503 
1.01846 0.185413 0.0110539 1.84493 
1.02488 0.162345 0.00891901 1.84914 
1.02421 0.162626 0.00778883 1.84893 
1.0245 0.160981 0.00778034 1.84902 
1.02364 0.159366 0.00549482 1.8485 
1.02365 0.157512 0.00503475 1.84829 
1.02425 0.169082 0.012761 1.84921 
1.02441 0.167588 0.010436 1.84898 
1.02519 0.162896 0.0104382 1.8491 
1.02455 0.165894 0.00959655 1.84897 
1.02372 0.160615 0.00628491 1.84869 
1.0217 0.179181 0.0123636 1.84631 
1.02111 0.180386 0.0132436 1.84675 
1.02108 0.180992 0.0128823 1.8464 
1.0218 0.178828 0.0125105 1.8466 
1.02244 0.17592 0.0119374 1.84693 
1.02195 0.178257 0.0128246 1.84697 
1.02238 0.177102 0.0123538 1.84719 
1.02221 0.176953 0.0121443 1.84662 
1.02235 0.175718 0.0116356 1.84654 
1.02246 0.175084 0.0114785 1.84666 
1.02227 0.173927 0.0110496 1.84607 
1.02251 0.172153 0.0102664 1.84646 
1.02255 0.173358 0.0107401 1.84671 
1.02226 0.172321 0.010238 1.84588 
1.02244 0.17179 0.00994463 1.84629 
1.02229 0.175619 0.0132802 1.8478 
1.02264 0.174072 0.0135294 1.84838 
1.0225 0.17529 0.0116563 1.84702 
1.02419 0.164653 0.0083728 1.8489 
1.02418 0.167866 0.00981129 1.84879 
1.0239 0.165181 0.0080901 1.84869 
1.02202 0.170796 0.0175445 1.84876 
1.02063 0.170186 0.0226704 1.84726 
1.02143 0.172823 0.0184399 1.84784 
1.0215 0.175481 0.0175111 1.84754 
1.0202 0.179996 0.0155895 1.84659 
1.02076 0.178638 0.0162535 1.84692 
1.01898 0.180425 0.0176561 1.84577 
1.01992 0.178774 0.0179921 1.84595 
1.0176 0.183064 0.0182132 1.84419 
1.01787 0.184515 0.0154673 1.8444 
1.02044 0.180771 0.0138828 1.84652 
1.02156 0.178304 0.0140322 1.84732 
1.02237 0.174596 0.0144566 1.84836 
1.02292 0.171629 0.012608 1.84851 
1.02327 0.170853 0.0144809 1.84904 
1.02242 0.172995 0.0140887 1.84853 
1.02182 0.17711 0.0142691 1.84756 
1.0221 0.177763 0.0130865 1.84739 
1.02251 0.176289 0.0123939 1.84748 
1.02251 0.174448 0.0130003 1.84806 
1.02295 0.172383 0.0125315 1.84845 
1.02291 0.173122 0.0117359 1.8482 
1.02344 0.170308 0.0116746 1.84855 
1.02317 0.171906 0.0115616 1.84837 
1.02387 0.169225 0.0119453 1.84861 
1.02382 0.169343 0.0103907 1.84862 
1.02325 0.166918 0.00736713 1.848 
1.02352 0.164467 0.00712618 1.84846 
1.02368 0.167126 0.00843507 1.84842 
1.02336 0.165197 0.00686261 1.8482 
1.02329 0.170053 0.00958081 1.84796 
1.02313 0.16822 0.00831938 1.84768 
1.02338 0.166335 0.00751901 1.84816 
1.02291 0.169497 0.00900002 1.84721 
1.02238 0.173263 0.0108041 1.84626 
1.02269 0.171016 0.00935917 1.84674 
1.02248 0.17387 0.0109734 1.84654 
1.02269 0.171771 0.0101366 1.84688 
1.02266 0.172894 0.0105955 1.84698 
1.02284 0.171587 0.0101214 1.84727 
1.0227 0.175427 0.0118266 1.84754 
1.02276 0.174159 0.0113648 1.84757 
1.02282 0.17291 0.0107129 1.84742 
1.02286 0.172844 0.0109203 1.84776 
1.02253 0.175423 0.0124485 1.84771 
1.02266 0.170918 0.0096088 1.84667 
1.02246 0.171226 0.00957593 1.84621 
1.02227 0.173569 0.0109167 1.84595 
1.02229 0.175252 0.0113863 1.84616 
1.02214 0.173104 0.0107539 1.84548 
1.02229 0.172374 0.0101575 1.8459 
1.02221 0.172794 0.0104762 1.84562 
1.01336 0.19942 -0.0646547 1.83452 
1.01529 0.189777 -0.0742309 1.8384 
1.01546 0.191292 -0.0676946 1.83897 
1.01544 0.180535 -0.0711817 1.83891 
1.01631 0.173932 -0.0646516 1.8417 
1.02214 0.177042 0.0118097 1.84626 
1.02197 0.173339 0.0108809 1.84516 
1.02206 0.173136 0.0107216 1.84535 
1.02223 0.172742 0.0104612 1.84573 
1.02207 0.17435 0.0111288 1.84545 
1.02224 0.175848 0.0114815 1.84613 
1.02194 0.178044 0.0119586 1.84614 
1.01716 0.175981 -0.0603132 1.84321 
1.02187 0.173493 0.0111307 1.84482 
1.02197 0.173275 0.0108642 1.84506 
1.02185 0.176047 0.0115033 1.84542 
1.02201 0.174018 0.0111056 1.84532 
1.02219 0.174171 0.0111968 1.84579 
1.022 0.175251 0.0113614 1.84546 
1.0222 0.173772 0.0110504 1.84569 
1.01798 0.165369 -0.0643298 1.84385 
1.01883 0.164347 -0.06012 1.84423 
1.01864 0.170935 -0.0581796 1.84422 
1.02103 0.181094 0.0110938 1.84614 
1.02147 0.179679 0.0106803 1.84577 
1.02174 0.178979 0.0100824 1.84615 
1.02168 0.175729 0.0111591 1.84507 
1.02177 0.175085 0.0113685 1.84491 
1.02166 0.178382 0.0112633 1.84556 
1.02171 0.17465 0.011342 1.8447 
1.02163 0.176737 0.0114475 1.84498 
1.02158 0.174621 0.0114359 1.84456 
1.02165 0.177039 0.0112996 1.84509 
1.02152 0.178432 0.0109356 1.84529 
1.02169 0.17685 0.0108848 1.84544 
1.02184 0.175459 0.0108979 1.84564 
1.0218 0.174013 0.0112732 1.84507 
1.02164 0.174318 0.0113743 1.84456 
1.02165 0.173818 0.0115074 1.84454 
1.02163 0.179684 0.0117608 1.84608 
1.02178 0.175791 0.0114037 1.84502 
1.02189 0.17516 0.0113934 1.84534 
1.02184 0.17732 0.0116118 1.84562 
1.02179 0.178395 0.0117622 1.84577 
1.02176 0.175891 0.0113098 1.84521 
1.02162 0.177687 0.0116597 1.84529 
1.02164 0.178748 0.0115152 1.84572 
1.02192 0.174335 0.0112804 1.84519 
1.02172 0.177098 0.0115762 1.84524 
1.02146 0.179824 0.0115244 1.84583 
1.02172 0.174057 0.011354 1.84454 
1.0219 0.173916 0.0112248 1.84497 
1.02181 0.173526 0.0111966 1.84465 
1.02192 0.173302 0.0109588 1.8449 
1.0227 0.158688 -0.0467817 1.85048 
1.01991 0.158994 -0.0586661 1.84558 
1.02032 0.147443 -0.0546089 1.84626 
1.02379 0.121172 -0.0405908 1.8527 
1.02741 0.150485 -0.0112874 1.8562 
1.02465 0.140693 -0.0379005 1.85429 
1.02561 0.148494 -0.0334494 1.85566 
1.02415 0.155781 -0.040664 1.85186 
1.01956 0.174176 -0.0550403 1.84553 
1.01654 0.195341 -0.035323 1.84115 
1.01573 0.186381 -0.0637408 1.83945 
1.02055 0.156199 -0.053949 1.84656 
1.02196 0.163481 -0.0516517 1.84937 
1.02203 0.163719 -0.0483689 1.84897 
1.022 0.178091 -0.0407249 1.84826 
1.0214 0.174581 -0.0483356 1.8476 
1.02273 0.172562 -0.0412945 1.84865 
1.02461 0.168514 -0.0354483 1.85263 
1.02026 0.179687 -0.0450674 1.84595 
1.0193 0.186638 -0.0142389 1.84411 
1.01812 0.184968 -0.00350738 1.84469 
1.01789 0.189426 -0.0103805 1.84382 
1.02534 0.15898 -0.0116078 1.85325 
1.0248 0.158787 -0.0229963 1.85262 
1.02641 0.152241 -0.0231482 1.85502 
1.02946 0.130554 -0.00622585 1.86 
1.01702 0.197779 -0.0262352 1.84107 
1.01762 0.19454 -0.0301079 1.84276 
1.01502 0.206263 -0.0309925 1.83771 
1.01647 0.199649 -0.0379015 1.84062 
1.01806 0.190792 -0.0384464 1.84389 
1.01673 0.168016 -0.0661734 1.84201 
1.01792 0.181495 -0.0527095 1.84366 
1.02072 0.170994 -0.0524226 1.84657 
1.01884 0.183794 -0.0469354 1.84514 
1.01548 0.179435 -0.0664905 1.83955 
1.01629 0.182561 -0.0585693 1.84204 
1.01628 0.188096 -0.0598511 1.8409 
1.02165 0.173623 0.0113405 1.84435 
1.02177 0.173636 0.011299 1.84457 
1.02182 0.174022 0.0112877 1.84473 
1.02391 0.142262 -0.0451999 1.85245 
1.02029 0.178959 -0.000837965 1.84696 
1.02137 0.144416 -0.0512479 1.84838 
1.02196 0.135248 -0.051642 1.84851 
1.02238 0.149798 -0.0476958 1.85012 
1.02446 0.145466 -0.0421641 1.85315 
1.02367 0.161812 -0.0428678 1.85124 
1.02168 0.173506 0.0113232 1.84437 
1.02308 0.124923 -0.0464597 1.85098 
1.02164 0.173439 0.0114857 1.84434 
1.02411 0.108507 -0.0395031 1.8527 
1.02096 0.180284 0.00761548 1.84681 
1.02045 0.181067 0.00967474 1.84567 
1.01998 0.181927 0.0075974 1.84588 
1.02196 0.173704 0.0110328 1.84564 
1.02201 0.176433 0.0104368 1.8461 
1.02211 0.174132 0.0108662 1.84617 
1.02253 0.170428 0.0114805 1.84696 
1.02187 0.172379 0.0115652 1.84514 
1.02176 0.173028 0.0116167 1.84481 
1.02185 0.172603 0.0116915 1.84503 
1.02172 0.173114 0.0116281 1.84462 
1.02482 0.0861096 -0.0328584 1.85434 
1.02187 0.172826 0.0113182 1.84523 
1.02816 0.04942 -0.0147012 1.86356 
1.0287 0.103599 -0.0101742 1.86263 
1.02725 0.137715 -0.0185777 1.85692 
1.02707 0.147097 -0.0165093 1.85581 
1.02639 0.146406 -0.0290381 1.85539 
1.02667 0.128278 -0.0307849 1.85683 
1.02612 0.103176 -0.0321665 1.85683 
1.02774 0.116165 -0.0274857 1.85983 
1.02536 0.130649 -0.0366406 1.85569 
1.0218 0.173405 0.0112359 1.84508 
1.02221 0.170917 0.01172 1.84602 
1.03488 0.117566 0.0100571 1.87315 
1.02658 0.130123 -0.0153976 1.85568 
1.03213 0.0952406 0.0114191 1.86995 
1.02697 0.0778076 -0.0234737 1.86007 
1.02173 0.0542405 0.0136591 1.84738 
1.02266 0.170382 0.01122 1.84719 
1.02289 0.168427 0.0118441 1.8487 
1.023 0.168165 0.0120596 1.848 
1.02232 0.170548 0.0116737 1.84634 
1.01926 0.183663 0.00964864 1.84529 
1.02178 0.173885 0.0110637 1.84504 
1.02189 0.17434 0.0110735 1.84544 
1.02235 0.172962 0.0108327 1.84668 
1.02212 0.172035 0.0112888 1.84589 
1.02196 0.171881 0.0116812 1.84537 
1.02203 0.172796 0.0111401 1.84569 
1.02208 0.171534 0.0115535 1.8457 
1.02163 0.173289 0.0115921 1.84436 
1.02175 0.174386 0.0113362 1.84495 
1.02176 0.173546 0.0114816 1.84494 
1.02289 0.169234 0.0112332 1.84842 
1.02257 0.167587 0.0127709 1.84831 
1.02287 0.169536 0.0114642 1.84761 
1.02297 0.169255 0.0114137 1.84788 
1.02298 0.16853 0.0118799 1.84789 
1.02249 0.172808 0.0103557 1.84689 
1.023 0.169815 0.0110227 1.84807 
1.02302 0.168603 0.0116922 1.8481 
1.02271 0.16915 0.0119823 1.84731 
1.0224 0.170981 0.0114357 1.84663 
1.02254 0.169681 0.0117876 1.84694 
1.02244 0.169959 0.011861 1.84666 
1.00274 0.0561483 0.100472 1.79999 
1.0263 0.146807 0.0151375 1.85247 
1.0296 0.147002 0.0271208 1.86068 
1.02461 0.158799 0.0188574 1.84985 
1.02499 0.118118 -0.0186163 1.85289 
1.02436 0.0290194 0.0281872 1.85417 
1.02245 -0.00238891 0.201543 1.84803 
1.0214 0.178068 0.0352315 1.84881 
1.02287 0.168979 0.0118385 1.84761 
1.02037 0.187906 0.0168583 1.84614 
1.02488 0.172911 0.0254561 1.84977 
1.02248 0.174144 0.0160559 1.84581 
1.02229 0.170891 0.0163666 1.84716 
1.02822 0.148257 -0.00509163 1.85634 
1.0302 0.141322 0.000642763 1.86126 
1.02584 0.132305 0.030773 1.85249 
1.02789 0.157558 0.0332446 1.85508 
1.0255 0.164199 0.0070229 1.85272 
1.02709 0.154563 0.0151161 1.85554 
1.02281 0.167953 0.010786 1.84904 
1.02496 0.163524 0.0136672 1.8512 
1.02363 0.165414 0.0140042 1.84946 
0.998415 0.135287 0.234213 1.81526 
0.928086 0.257627 0.231225 1.68339 
1.01474 0.165687 0.0687191 1.83345 
1.02336 0.165587 0.0173403 1.84954 
1.03048 0.136265 0.0629348 1.86932 
1.02455 0.170554 0.0318883 1.84743 
1.02485 0.158552 0.0256204 1.84997 
1.02291 0.167966 0.013524 1.84849 
1.02335 0.179206 0.0203598 1.84703 
1.01233 0.18495 0.0291851 1.83163 
0.936246 0.346028 0.117541 1.70094 
0.954011 0.309897 0.179517 1.74131 
0.992929 0.2648 0.076981 1.79889 
0.976703 0.236101 0.00743966 1.77833 
0.992294 0.208338 0.000713831 1.80916 
1.0173 0.193615 0.064717 1.8439 
1.02635 0.168144 0.155423 1.86908 
0.984475 0.27877 0.129848 1.78656 
0.964464 0.342511 0.0197849 1.76613 
0.983037 0.271063 0.053985 1.78628 
0.935236 0.314273 -0.0621925 1.70078 
0.917771 0.348869 0.00215565 1.66121 
0.935722 0.337395 -0.0307882 1.70393 
0.971393 0.294107 0.0456796 1.76223 
0.96128 0.334494 0.0498938 1.76263 
0.96782 0.324505 -0.0307061 1.75706 
0.982588 0.276446 -0.0272788 1.78575 
0.983475 0.275409 -0.0218698 1.7872 
0.982972 0.296735 -0.0269057 1.78735 
0.947176 0.357077 0.0668178 1.73404 
0.979701 0.260318 -0.0119502 1.7817 
0.983036 0.267491 -0.0205966 1.78747 
0.980417 0.20318 -0.0337076 1.78356 
0.98424 0.251854 -0.0266784 1.78864 
0.982677 0.251725 -0.0327248 1.78316 
1.01372 0.208029 0.13586 1.83994 
1.00218 0.215414 0.0440616 1.81224 
0.98416 0.244468 -0.012636 1.79351 
0.982277 0.239309 -0.0244914 1.78507 
0.985126 0.221734 -0.0328152 1.79199 
1.02462 0.152167 0.0049677 1.84894 
1.02407 0.154482 0.00463419 1.8488 
1.02437 0.152963 0.00370093 1.84904 
1.02517 0.154206 0.00740826 1.84946 
1.0256 0.156588 0.0156642 1.85068 
1.02622 0.15093 0.00968822 1.85078 
1.02675 0.148093 0.0104477 1.85148 
1.02452 0.159762 0.00728275 1.84906 
1.02493 0.159014 0.00769331 1.84927 
0.999909 0.247785 0.034849 1.81676 
0.941021 0.326162 0.0847436 1.7022 
0.94906 0.312454 0.0682271 1.71733 
0.944804 0.323119 0.117065 1.72371 
0.937449 0.372129 0.164976 1.72138 
0.928187 0.354546 0.12872 1.69522 
0.932438 0.342617 0.11275 1.69732 
0.933721 0.374317 0.156914 1.71236 
0.927106 0.376642 0.166392 1.69935 
0.916277 0.359259 0.136898 1.6695 
0.964396 0.290309 0.20817 1.76448 
0.999376 0.248784 0.0346267 1.81593 
0.999883 0.248139 0.0352558 1.81693 
0.999265 0.238183 0.0398166 1.81525 
1.00007 0.24796 0.0421909 1.81633 
1.00062 0.243005 0.0404399 1.8184 
1.00005 0.249862 0.037109 1.81726 
1.00027 0.245858 0.0349078 1.81743 
1.00028 0.246798 0.0362464 1.8177 
1.00003 0.247065 0.0351538 1.81695 
0.997882 0.253212 0.0376635 1.81379 
0.999772 0.247723 0.0350204 1.8165 
1.00028 0.247243 0.0345878 1.81745 
1.00013 0.24743 0.034958 1.81726 
1.00005 0.247427 0.0348055 1.81708 
0.974696 0.306367 0.138545 1.77412 
0.965649 0.326652 0.133852 1.7589 
0.980277 0.289118 0.131067 1.78468 
0.964404 0.318831 0.156116 1.75791 
0.974474 0.300136 0.152415 1.77285 
0.973273 0.296149 0.161831 1.77051 
0.9573 0.339104 0.148919 1.74724 
0.982566 0.283745 0.0839746 1.79319 
0.985887 0.278107 0.103372 1.79923 
0.981338 0.307534 0.0978248 1.78586 
0.977693 0.315917 0.0882577 1.77667 
0.980259 0.300557 0.0731072 1.7853 
0.979622 0.312159 0.0758173 1.77976 
0.974006 0.328151 0.0942264 1.77216 
0.951665 0.380946 0.0531095 1.7398 
0.958181 0.371817 0.0355651 1.74824 
0.962193 0.356366 0.0603349 1.75602 
0.958726 0.365777 0.0418533 1.74922 
0.962754 0.355862 0.0405318 1.75618 
0.969029 0.342609 0.066641 1.76493 
0.9534 0.370534 0.0721831 1.74334 
0.956731 0.365844 0.0606108 1.74734 
0.960287 0.351937 0.0982761 1.75319 
0.950817 0.372066 0.0971965 1.73839 
0.964881 0.34659 0.0905026 1.76085 
0.995393 0.278887 0.0391302 1.81121 
0.960437 0.32961 0.156657 1.75307 
0.973088 0.327818 0.1052 1.77109 
0.977731 0.313811 0.109843 1.77869 
1.00979 0.20337 0.0322866 1.82894 
1.00946 0.19527 0.041395 1.83121 
1.00771 0.20484 0.0426029 1.82739 
1.00422 0.238415 0.0329807 1.82076 
1.00286 0.229655 0.0422379 1.82065 
1.00321 0.221043 0.047153 1.82233 
1.00267 0.231671 0.0519665 1.82024 
1.00198 0.243229 0.0584211 1.81581 
1.00108 0.241543 0.0500579 1.81659 
0.99975 0.243771 0.0452458 1.81524 
1.00056 0.249782 0.0439541 1.81638 
0.999297 0.250793 0.0392924 1.8157 
0.997945 0.254686 0.0388048 1.81371 
0.999632 0.248335 0.03637 1.8162 
0.998286 0.25724 0.0408027 1.81381 
1.00046 0.24748 0.0344909 1.81782 
1.00068 0.247337 0.0342739 1.81781 
1.00051 0.244162 0.035997 1.81795 
1.0009 0.238867 0.0378551 1.81789 
1.00034 0.246905 0.0347526 1.81762 
1.00147 0.255695 0.0440745 1.81784 
1.00109 0.238295 0.0416436 1.81872 
1.00245 0.227816 0.0333501 1.81917 
1.0009 0.222706 0.0428579 1.81773 
1.00319 0.233007 0.0373628 1.82032 
0.956847 0.315325 0.196246 1.75041 
0.946331 0.326373 0.22236 1.73666 
0.956294 0.333515 0.166906 1.74782 
0.950469 0.341912 0.185797 1.74272 
0.948146 0.350267 0.175222 1.73822 
0.959869 0.31938 0.18175 1.75351 
0.953175 0.347213 0.155784 1.74313 
0.958098 0.340432 0.141842 1.7481 
0.967538 0.317387 0.145669 1.76216 
1.00882 0.207116 0.0272114 1.82479 
1.00961 0.203795 0.0200105 1.82869 
1.01015 0.198892 0.0240976 1.83145 
1.01738 0.17729 0.0354698 1.84313 
1.01613 0.18324 0.0281861 1.84253 
1.01206 0.190855 0.0329596 1.83598 
1.01264 0.192351 0.0131166 1.83828 
1.01276 0.190596 0.0271337 1.83716 
1.01143 0.195119 0.0223702 1.83467 
1.01655 0.186004 0.0189933 1.84252 
1.01384 0.189584 0.0154949 1.83969 
1.01329 0.193118 0.00699495 1.83837 
1.01519 0.190595 0.00617251 1.84109 
1.01915 0.18356 0.0123136 1.84577 
1.01686 0.186088 0.0155089 1.84268 
1.01786 0.186489 0.00970277 1.84417 
1.01015 0.202858 0.068053 1.83207 
0.999865 0.229008 0.11911 1.8154 
1.00652 0.210753 0.10668 1.8221 
1.00461 0.228381 0.0837142 1.8206 
1.00765 0.212807 0.0892632 1.82798 
1 0.214809 0.142004 1.81812 
1.01131 0.173916 0.123617 1.83069 
1.01632 0.16041 0.116958 1.83564 
1.01859 0.157143 0.0938684 1.84349 
1.03949 0.084243 0.114093 1.86736 
1.01813 0.135578 0.115471 1.83876 
1.02436 0.120785 0.0857324 1.84999 
1.00669 0.116656 0.187129 1.83589 
0.992403 0.25095 0.124536 1.8034 
1.01842 0.157461 0.106568 1.84269 
1.01414 0.171174 0.115146 1.83288 
1.01361 0.179359 0.108337 1.83092 
1.00245 0.201078 0.122875 1.82154 
1.00538 0.193793 0.138673 1.8266 
1.00335 0.202851 0.135937 1.82407 
1.00447 0.185872 0.148211 1.8241 
1.01506 0.158152 0.137836 1.83318 
0.982845 0.200169 0.221645 1.79823 
0.988496 0.203535 0.202101 1.80503 
0.997838 0.17618 0.188861 1.81727 
1.00361 0.154169 0.173099 1.82376 
0.989083 0.177569 0.224967 1.80424 
1.00162 0.14166 0.212046 1.81958 
1.02648 0.0862068 0.253752 1.84103 
0.999852 0.137058 0.188981 1.8238 
1.01252 0.164305 0.149891 1.83097 
1.01072 0.174527 0.144299 1.83029 
1.01363 0.167985 0.133244 1.83447 
1.02066 0.137868 0.106401 1.8438 
1.02215 0.126499 0.0981535 1.8475 
1.0231 0.128665 0.0911033 1.84853 
1.02382 0.110745 0.0854356 1.84805 
1.01849 0.104763 0.113108 1.84894 
1.01705 0.122458 0.117731 1.83942 
1.01652 0.147452 0.133504 1.83537 
1.00975 0.154273 0.160197 1.829 
1.01582 0.148285 0.121414 1.83247 
0.966833 0.00413223 0.333451 1.75692 
1.01836 0.079466 0.206532 1.82525 
1.0528 0.0558059 0.166249 1.88062 
0.996821 0.214809 0.155805 1.81298 
1.01526 0.184033 0.0787047 1.84061 
1.01535 0.170664 0.0978449 1.83858 
1.01245 0.189833 0.0847108 1.83527 
1.00816 0.194255 0.109463 1.8255 
1.01024 0.202435 0.0845015 1.83208 
1.01068 0.19972 0.0921887 1.83235 
1.00902 0.209917 0.0824693 1.83084 
0.962718 0.301303 0.197259 1.75987 
0.951697 0.309357 0.230124 1.74605 
0.951317 0.327226 0.206184 1.74475 
0.952471 0.343984 0.164325 1.74346 
0.946548 0.308856 0.251533 1.7366 
0.907778 0.304368 0.307097 1.66992 
0.90342 0.351879 0.256264 1.65814 
0.93177 0.347356 0.257473 1.71419 
0.917041 0.366917 0.156295 1.67347 
0.9361 0.372028 0.192539 1.72167 
0.921919 0.376693 0.206055 1.69367 
0.914611 0.227262 0.351408 1.67662 
0.893715 0.325675 0.284146 1.63732 
0.949245 0.27465 0.300813 1.73936 
0.956988 0.281187 0.254529 1.7539 
0.921423 0.36084 0.250035 1.69609 
0.905859 0.36528 0.173578 1.64971 
0.930834 0.379399 0.191237 1.71216 
0.907374 0.36775 0.199615 1.65822 
0.980585 0.246921 0.191198 1.78651 
0.977209 0.238462 0.223999 1.78793 
0.974713 0.262936 0.203447 1.77996 
1.00046 0.247656 0.0344422 1.81767 
0.999759 0.247224 0.033897 1.81668 
0.999474 0.24491 0.0309664 1.81629 
1.00411 0.232928 0.0758211 1.82063 
1.00301 0.240386 0.0755389 1.81692 
1.00395 0.235281 0.0653315 1.82192 
1.00877 0.220089 0.0730359 1.82719 
1.0024 0.242796 0.0796441 1.81422 
1.01125 0.197649 0.080951 1.83391 
1.01593 0.180094 0.104338 1.83596 
1.00045 0.246409 0.0338902 1.81734 
1.001 0.24179 0.0362259 1.81815 
0.999639 0.244465 0.037478 1.81614 
0.921877 0.170076 0.360051 1.67356 
0.983966 0.249164 0.179818 1.79073 
0.970083 0.276216 0.199474 1.77001 
0.973159 0.280633 0.186315 1.77316 
0.956433 0.120736 0.343753 1.74481 
0.999308 0.136276 0.273598 1.79387 
1.00618 0.0172732 0.266684 1.7759 
0.951883 0.0447195 0.334393 1.73496 
0.958113 0.263075 0.272811 1.75304 
1.00004 0.185323 0.161825 1.82304 
