1.00011 0.24749 0.0347051 1.81721 
1.00007 0.249188 0.0499055 1.81876 
1.00095 0.246553 0.0477359 1.82007 
0.999237 0.252193 0.0441938 1.8171 
0.999497 0.248081 0.0443518 1.81663 
1.00056 0.246843 0.0428002 1.81881 
1.00503 0.236533 0.0384496 1.82719 
1.00044 0.246095 0.0399311 1.81808 
1.00633 0.235664 0.0280436 1.83 
1.00373 0.239196 0.0367733 1.82445 
1.00553 0.241973 0.0254365 1.82949 
1.00372 0.239806 0.033497 1.82447 
1.00236 0.243875 0.0336771 1.82197 
1.0072 0.236873 0.022864 1.83251 
1.01035 0.226264 0.0236655 1.83829 
1.00575 0.235562 0.0335636 1.8286 
1.00805 0.231486 0.0293746 1.83343 
1.00842 0.230367 0.026553 1.83413 
1.00878 0.231811 0.0236863 1.83536 
1.01026 0.227186 0.0211504 1.8383 
1.00791 0.229547 0.0318137 1.83277 
1.01 0.224691 0.0294214 1.83711 
1.00812 0.230285 0.0347738 1.83349 
1.00619 0.234274 0.0307693 1.82938 
1.0058 0.234426 0.0361453 1.82858 
1.00811 0.230386 0.0414725 1.83376 
1.00326 0.241094 0.04044 1.8239 
1.00732 0.232266 0.0408875 1.83212 
1.00497 0.236322 0.0458225 1.82744 
1.00243 0.243201 0.0350466 1.82204 
1.00454 0.238039 0.0345318 1.82615 
1.00275 0.241289 0.0370259 1.8225 
1.0231 0.151813 0.0515627 1.86793 
1.02473 0.15103 0.109111 1.87877 
1.02329 0.163385 0.0778828 1.87032 
1.00359 0.240605 0.0518479 1.82549 
1.00322 0.247237 0.0283734 1.82505 
1.00761 0.244656 -0.00084131 1.83845 
1.00324 0.250025 0.0171401 1.82791 
1.00135 0.249791 0.0194272 1.82383 
1.00245 0.250015 0.023173 1.82538 
0.999845 0.247683 0.0280556 1.81894 
0.99787 0.242848 0.0235522 1.81499 
0.999605 0.244541 0.0130212 1.82118 
1.00203 0.246195 0.0317926 1.82167 
1.0017 0.248093 0.0310915 1.82147 
1.00457 0.243135 0.0277399 1.8273 
1.00551 0.243456 0.0230665 1.82994 
1.00582 0.238242 0.0283567 1.82928 
1.01743 0.181661 0.00496495 1.85099 
1.01642 0.18506 0.00584158 1.84891 
1.01815 0.182642 -0.000896744 1.85309 
1.01716 0.185995 0.00276826 1.85088 
1.01673 0.189007 0.00120476 1.85019 
1.01937 0.171971 0.00264025 1.85518 
1.01827 0.174271 0.0100644 1.85243 
1.01831 0.171524 0.0110801 1.8529 
1.01843 0.169921 0.0121684 1.85358 
1.01794 0.171923 0.0125609 1.85237 
1.01822 0.173137 0.0118486 1.85249 
1.01856 0.175119 0.00566933 1.85324 
1.01765 0.178591 0.00712513 1.85119 
1.01759 0.179672 0.00796391 1.85112 
1.01721 0.182598 0.0060219 1.85054 
1.01673 0.181598 0.00959525 1.84923 
1.01649 0.185466 0.00696078 1.84916 
1.01799 0.177598 0.00443501 1.85203 
1.01656 0.186688 0.00446044 1.84945 
1.0159 0.188191 0.00697125 1.84811 
1.01849 0.187132 -0.00276566 1.85451 
1.01629 0.189606 0.00433339 1.84919 
1.01666 0.197022 0.000101577 1.85114 
1.0165 0.19495 -0.00237473 1.85054 
1.01556 0.201124 0.000601161 1.84894 
1.01625 0.201434 -0.00639868 1.85101 
1.01548 0.212656 -0.00381426 1.85061 
1.01825 0.196377 -0.0198021 1.8563 
1.01484 0.213127 -0.00789411 1.84942 
1.01826 0.201717 -0.0413617 1.85996 
1.02102 0.185015 -0.0543439 1.86618 
1.02125 0.181847 -0.0479749 1.86558 
1.02394 0.170624 -0.0458676 1.87108 
1.02212 0.181027 -0.035198 1.86588 
1.01941 0.194419 -0.0430095 1.86183 
1.01933 0.190102 -0.0283024 1.85915 
1.02098 0.184283 -0.0395023 1.86392 
1.02134 0.182868 -0.0302284 1.86349 
1.02209 0.174246 -0.0370027 1.86536 
1.02356 0.174574 -0.0425943 1.86984 
1.02566 0.156233 -0.0424566 1.8743 
1.0213 0.179232 -0.0254573 1.8625 
1.02181 0.170534 -0.0161623 1.8623 
1.02153 0.164131 -0.0124517 1.86105 
1.01906 0.175991 -0.0018833 1.85477 
1.01563 0.20705 -0.0115628 1.85068 
1.01941 0.183331 -0.0155063 1.85723 
1.01637 0.195866 -0.00537601 1.85046 
1.01264 0.225102 -0.0271809 1.84895 
1.0198 0.190863 -0.038678 1.86168 
1.01615 0.215396 -0.0246218 1.85496 
1.0174 0.206239 -0.0254257 1.85645 
1.01851 0.202083 -0.0307164 1.85922 
1.02011 0.190607 -0.0230926 1.86057 
1.01844 0.194005 -0.0319302 1.85791 
1.01768 0.186616 -0.00622373 1.85258 
1.01811 0.190048 -0.0122321 1.85447 
1.01775 0.195661 -0.014459 1.85446 
1.01978 0.183706 -0.0203871 1.85863 
1.01979 0.177236 -0.0130226 1.85741 
1.01471 0.215423 -0.0152179 1.8502 
1.02097 0.172269 -0.0261269 1.86117 
1.01812 0.173987 0.0112284 1.8521 
1.01903 0.170915 0.00752136 1.85441 
1.0183 0.165128 0.0131651 1.8538 
1.01299 0.189471 0.0205718 1.8425 
1.01207 0.18056 0.0248332 1.83963 
1.01232 0.191994 0.0235945 1.84082 
1.0127 0.207909 0.0229499 1.8425 
1.01232 0.213099 0.0199229 1.84202 
1.01307 0.208424 0.0163872 1.84371 
1.01081 0.225007 0.0183131 1.83945 
1.01467 0.205575 0.00723402 1.84729 
1.01257 0.188714 0.0110665 1.84227 
1.01237 0.183138 0.00907508 1.84175 
1.01243 0.189496 0.0120095 1.84182 
1.01255 0.18823 0.013398 1.84192 
1.01298 0.191271 0.0171677 1.84278 
1.0127 0.194051 0.016476 1.84222 
1.01277 0.192691 0.0192866 1.84217 
1.01279 0.183344 0.01882 1.8418 
1.01312 0.18213 0.0156879 1.84281 
1.01342 0.171911 0.0131533 1.84327 
1.01342 0.198796 0.0230862 1.84391 
1.01333 0.205846 0.0195322 1.84415 
1.01281 0.192758 0.0150326 1.84258 
1.0136 0.193082 0.0106053 1.84392 
1.01368 0.194439 0.0102198 1.84411 
1.01367 0.196399 0.00997111 1.84423 
1.01426 0.193224 0.00991302 1.84524 
1.01407 0.192312 0.0104073 1.8447 
1.0118 0.212598 0.0336509 1.84081 
1.01157 0.217137 0.0323632 1.84027 
1.01181 0.215071 0.0296498 1.84072 
1.01156 0.220727 0.0216402 1.84063 
1.01139 0.220293 0.0273408 1.84001 
1.0111 0.223372 0.0238393 1.83973 
1.01249 0.201766 0.0277855 1.84167 
1.01258 0.19459 0.0146093 1.84213 
1.01275 0.198608 0.017643 1.84241 
1.01306 0.201025 0.0167144 1.84336 
1.01277 0.193172 0.0133022 1.84269 
1.01251 0.202049 0.014286 1.84217 
1.01223 0.19415 0.0128656 1.84139 
1.01273 0.195112 0.0119804 1.84266 
1.01228 0.190208 0.00941505 1.84154 
1.01267 0.180945 0.00982448 1.8422 
1.01196 0.185991 0.00968127 1.84077 
1.01205 0.189856 0.0107984 1.84101 
1.01206 0.185289 0.00818903 1.84107 
1.01138 0.178534 0.00307873 1.83939 
1.01188 0.182244 0.0071278 1.84062 
1.01183 0.184024 0.00877931 1.84045 
1.01209 0.186367 0.009194 1.84109 
1.01185 0.183551 0.00629517 1.84055 
1.01294 0.164508 0.003852 1.84233 
1.01275 0.172346 0.00761475 1.84211 
1.01244 0.18063 0.0111369 1.84147 
1.01304 0.177216 0.0132961 1.84258 
1.01282 0.186108 0.015364 1.84228 
1.01233 0.166565 -0.0022503 1.84128 
1.01199 0.176025 0.00603199 1.84064 
1.01179 0.175831 0.00422013 1.84028 
1.01195 0.17352 0.00491016 1.84047 
1.01204 0.187409 0.0076176 1.84097 
1.0098 0.227782 0.0261365 1.83712 
1.01259 0.221385 0.0115254 1.84379 
1.01232 0.211429 0.0265762 1.84171 
1.0128 0.21484 0.0219154 1.84323 
1.01172 0.221249 0.0185279 1.84122 
1.01231 0.217347 0.0167851 1.84237 
1.01286 0.208705 0.0204761 1.84303 
1.01182 0.217488 0.0305211 1.84089 
1.01207 0.214971 0.0334297 1.84155 
1.01157 0.209691 0.03617 1.84036 
1.01146 0.210536 0.0379982 1.84042 
1.01175 0.218427 0.0334876 1.84079 
1.00871 0.224496 0.0478643 1.83456 
1.0121 0.215745 0.0362423 1.84165 
1.01208 0.215898 0.0350189 1.84166 
1.0121 0.21301 0.0365103 1.84195 
1.0096 0.207605 0.0439825 1.8379 
1.00676 0.179302 0.0539859 1.82797 
1.00405 0.183016 0.0632878 1.82347 
1.03775 0.126846 -0.0079491 1.91014 
1.01408 0.206412 0.0342909 1.84682 
1.01483 0.199171 0.0295382 1.85058 
1.01611 0.200607 0.0345815 1.85143 
1.02233 0.170374 0.00512481 1.873 
1.00689 0.202553 0.0473019 1.83351 
1.0166 0.194428 0.0308235 1.85317 
1.01111 0.208909 0.0401224 1.84163 
1.01338 0.205631 0.0331931 1.8472 
1.01336 0.20764 0.0342588 1.84592 
0.998039 0.193606 0.050569 1.81473 
1.00109 0.248828 0.0537546 1.82153 
1.00266 0.244591 0.0551934 1.82447 
0.99807 0.253307 0.0472645 1.81476 
1.00673 0.231993 0.048304 1.83109 
1.0054 0.235497 0.0538145 1.82898 
1.0055 0.234863 0.0479699 1.82861 
1.00251 0.242069 0.0485691 1.82288 
1.0032 0.240094 0.045698 1.82391 
1.00691 0.231511 0.0514279 1.83167 
1.00036 0.24756 0.0341524 1.81787 
1.00008 0.247652 0.0345518 1.81723 
1.00002 0.247546 0.034509 1.81712 
1.00007 0.24766 0.0347084 1.81719 
1.01951 0.203956 -0.0752422 1.86937 
1.01066 0.218329 -0.0563369 1.85096 
1.02363 0.165286 -0.0602295 1.87166 
1.01112 0.228019 -0.0428438 1.84904 
1.00894 0.232677 -0.0430447 1.84596 
1.00507 0.235315 -0.0357574 1.83714 
1.009 0.22759 -0.0507122 1.84673 
1.01315 0.221984 -0.0547428 1.85434 
1.01565 0.20985 -0.0620668 1.85834 
1.01795 0.207212 -0.0585427 1.86288 
1.01231 0.226791 -0.00209082 1.8451 
1.01351 0.225071 -0.00715388 1.84825 
1.01342 0.215645 0.00238539 1.84547 
1.01343 0.213688 0.0126134 1.84499 
1.01303 0.213129 0.0104786 1.84397 
1.01382 0.211955 0.00341674 1.84593 
1.01436 0.199966 0.00794292 1.84599 
1.01391 0.20298 0.00856611 1.84518 
1.01478 0.20387 0.00615049 1.84735 
1.01385 0.199522 0.00999422 1.84496 
1.01273 0.227027 -0.0151316 1.84776 
1.01217 0.229428 -0.00921808 1.84617 
1.01446 0.219136 -0.0186077 1.85072 
1.01436 0.218231 -0.00987268 1.84931 
1.00541 0.247761 0.0168948 1.8318 
1.00534 0.248211 0.00873175 1.83312 
1.00343 0.249399 0.0108133 1.82947 
1.00943 0.239841 -0.00613119 1.84191 
1.00567 0.247093 0.000803785 1.83487 
1.00589 0.246571 -0.00373802 1.83603 
1.00709 0.24306 0.00910848 1.83507 
1.01091 0.233578 0.00138518 1.84279 
1.01062 0.234335 0.00568944 1.84178 
1.0122 0.200483 0.0196502 1.84105 
1.01258 0.205499 0.0176937 1.8423 
1.01311 0.199547 0.0156639 1.84357 
1.01214 0.209011 0.0127858 1.84141 
1.01256 0.196827 0.0134304 1.84221 
1.00674 0.243025 0.0173249 1.83328 
1.00295 0.249609 0.0242353 1.82595 
1.00021 0.248708 0.0236245 1.82071 
1.00538 0.246311 0.0184733 1.83091 
0.994284 0.232886 0.0211192 1.80406 
0.989876 0.227311 0.00205604 1.79297 
0.98671 0.241332 -0.00569548 1.78709 
0.986332 0.235893 -0.0104496 1.7859 
0.98964 0.236576 0.00221648 1.79298 
0.991366 0.240548 0.0115808 1.79687 
0.990713 0.245055 0.00985752 1.79603 
0.983111 0.254104 -0.0115953 1.78153 
0.985608 0.251162 -0.00252151 1.78586 
0.984608 0.256632 -0.00238526 1.78468 
0.98805 0.201701 -0.00600472 1.78834 
0.987222 0.209324 -0.00492495 1.78632 
0.988987 0.217027 0.00515234 1.791 
0.994436 0.23206 0.0201765 1.80543 
0.988059 0.221562 0.00186173 1.78828 
0.986983 0.218087 -0.00866611 1.78595 
0.985015 0.210875 -0.0182087 1.78112 
0.966178 0.181518 -0.0895892 1.73899 
0.97803 0.204312 -0.0471677 1.76561 
0.97782 0.183304 -0.0474234 1.76288 
0.979708 0.199101 -0.0398675 1.7685 
0.965659 0.20515 -0.0846323 1.74135 
0.967876 0.200814 -0.0767804 1.74443 
0.97464 0.201947 -0.0618033 1.75896 
0.972759 0.211221 -0.0617309 1.75574 
0.969473 0.212086 -0.0696562 1.74916 
0.97657 0.187484 -0.0541723 1.76091 
0.964183 0.255465 -0.0518471 1.74526 
0.979817 0.252975 -0.0238488 1.77487 
0.97623 0.249211 -0.0369481 1.76763 
0.976814 0.243193 -0.0393422 1.76793 
0.969282 0.231098 -0.0616013 1.75109 
0.977586 0.240315 -0.035417 1.76842 
0.97527 0.237072 -0.0453597 1.76378 
0.972864 0.237155 -0.0503474 1.75895 
0.976723 0.221312 -0.0487875 1.76496 
0.980357 0.227787 -0.034035 1.7728 
0.979702 0.256648 -0.022497 1.77536 
0.978499 0.258754 -0.023641 1.77337 
0.979285 0.25019 -0.0282993 1.77365 
1.01424 0.21577 -0.0606546 1.85629 
1.01674 0.209926 -0.0529753 1.85954 
1.01419 0.217466 -0.0482587 1.85426 
1.01773 0.199846 -0.0609123 1.86114 
1.01813 0.204881 -0.0502876 1.86158 
1.01736 0.205223 -0.0349339 1.85749 
1.00825 0.239932 -0.02202 1.84242 
1.00926 0.236259 -0.0312966 1.84554 
1.00931 0.232058 -0.0405423 1.84585 
1.0107 0.229803 -0.0357664 1.8474 
1.01018 0.235405 -0.0247822 1.84566 
1.00018 0.244131 0.00320545 1.82373 
1.00346 0.229553 -0.0393336 1.83361 
0.999348 0.230258 -0.024927 1.82316 
0.997009 0.228453 -0.0128593 1.81668 
0.993169 0.214301 -0.0110962 1.8055 
0.989965 0.193724 -0.0229546 1.796 
0.997938 0.212376 -0.0325971 1.81863 
0.991959 0.210384 -0.0160774 1.80243 
0.991256 0.206987 -0.00708459 1.79939 
0.983776 0.180656 -0.0214933 1.77824 
0.983283 0.173835 -0.0260867 1.77536 
0.974185 0.150483 -0.0644281 1.75249 
0.998177 0.220934 -0.0311814 1.81983 
0.996788 0.221897 -0.0231537 1.81616 
0.981377 0.161263 -0.0380712 1.77115 
1.01164 0.231696 -0.016322 1.84651 
1.00809 0.242864 -0.0103866 1.84064 
1.01071 0.220742 -0.0585929 1.85025 
1.01229 0.222094 -0.0485894 1.85097 
1.0103 0.227755 -0.0503787 1.84885 
1.00037 0.248462 0.0294867 1.8198 
0.997107 0.242169 0.0303298 1.81029 
1.00074 0.249307 0.0253609 1.8215 
0.998426 0.244562 0.0283055 1.81544 
0.998562 0.245696 0.0253701 1.81647 
0.998392 0.242232 0.0169515 1.81751 
0.991182 0.231953 0.0113327 1.79594 
0.989972 0.222443 0.00897132 1.79307 
0.992444 0.23329 0.0178205 1.79901 
0.996932 0.240594 0.0288272 1.81054 
0.998102 0.243539 0.0313717 1.81326 
0.995623 0.239678 0.0267765 1.80638 
0.993171 0.235835 0.0200991 1.80052 
0.985536 0.212496 -0.0111715 1.78221 
0.99294 0.229002 0.017804 1.80072 
0.991081 0.221692 0.0109859 1.79639 
0.994295 0.229731 0.0170693 1.80551 
0.988734 0.240591 0.000287734 1.79138 
0.989915 0.228204 0.00849085 1.79284 
0.990366 0.236107 0.00790538 1.79431 
0.99691 0.240923 0.0280618 1.8111 
0.994743 0.237685 0.0249979 1.80438 
0.997348 0.24319 0.0308864 1.81059 
0.99666 0.243258 0.028365 1.80887 
0.993044 0.246751 0.0206963 1.8009 
0.995193 0.241044 0.0247259 1.80525 
0.995931 0.245066 0.0275996 1.80713 
0.988632 0.245395 0.00394689 1.79149 
1.00364 0.248591 0.00741419 1.83042 
1.0017 0.247419 0.00896617 1.8263 
1.00124 0.248935 0.0167375 1.82408 
0.998581 0.244888 0.0194345 1.81754 
0.991512 0.225687 0.012664 1.79685 
0.996043 0.237639 0.0237195 1.80973 
0.995481 0.236602 0.0247617 1.8075 
0.996726 0.236476 0.0127244 1.81404 
1.00338 0.247414 -0.000870373 1.83079 
1.00031 0.245241 0.00682251 1.82372 
0.998378 0.242068 0.011667 1.81843 
0.996105 0.234069 0.00930616 1.8128 
0.999451 0.238361 -0.0104033 1.82307 
0.998534 0.237888 -0.000154945 1.82009 
1.00299 0.243244 -0.0109679 1.83123 
0.998241 0.239508 0.00440089 1.81896 
0.994671 0.22742 0.00880278 1.80868 
0.99269 0.221293 0.00859663 1.80276 
0.991849 0.213198 0.00490173 1.79994 
0.990896 0.207818 -0.000547673 1.79771 
1.00591 0.24638 0.0121441 1.83303 
1.00357 0.249784 0.0191628 1.82812 
1.00512 0.24877 0.0123191 1.83219 
0.994536 0.224644 0.00524357 1.80852 
1.0045 0.247948 0.0221127 1.82904 
1.00814 0.24205 0.00351614 1.83802 
1.00692 0.245226 0.0036647 1.83624 
1.01081 0.235806 -0.00557111 1.84394 
1.00954 0.237148 -0.000112101 1.84048 
1.00554 0.239308 0.0254955 1.82887 
1.00477 0.246733 0.0238399 1.82904 
0.999867 0.247414 0.0346534 1.81661 
0.999757 0.247524 0.0344611 1.81637 
0.999766 0.247302 0.0344425 1.81639 
1.00153 0.249364 0.0305733 1.82184 
1.00087 0.247434 0.0331016 1.81914 
1.00064 0.248407 0.032937 1.81912 
1.00035 0.247968 0.0338378 1.81809 
0.999733 0.24722 0.0343983 1.81633 
0.999484 0.246906 0.0339136 1.81569 
0.99892 0.246017 0.0330264 1.8144 
0.999543 0.24756 0.0340423 1.81589 
0.998954 0.245917 0.0330864 1.81473 
0.999959 0.247509 0.0347406 1.81688 
0.999483 0.246696 0.0316388 1.81703 
1.00225 0.249737 0.0271558 1.8242 
1.00003 0.247961 0.0322076 1.81814 
1.00055 0.247763 0.0336414 1.81845 
0.999342 0.246657 0.0338838 1.8154 
0.999987 0.247515 0.0334054 1.8176 
0.999642 0.24826 0.0370103 1.81647 
0.994492 0.26109 0.0407541 1.80795 
0.996476 0.255713 0.0486565 1.81165 
0.990761 0.266844 0.0336288 1.8005 
0.998331 0.250916 0.0348582 1.81393 
0.994063 0.247325 0.0242494 1.80313 
0.999708 0.247862 0.0346169 1.81634 
0.998678 0.249802 0.0339449 1.81443 
0.996822 0.246298 0.0292259 1.80929 
0.999843 0.247471 0.0345796 1.81656 
0.999852 0.247627 0.0346019 1.81662 
0.999896 0.247686 0.03469 1.81674 
0.999936 0.247625 0.0347591 1.81682 
1.00003 0.247528 0.0348449 1.81704 
0.991992 0.250607 0.0180171 1.7993 
0.995805 0.250623 0.0272747 1.80791 
0.998868 0.248159 0.0328933 1.81443 
0.998028 0.246096 0.0313886 1.8121 
0.998829 0.247298 0.0326163 1.81417 
0.999591 0.247885 0.0342866 1.81607 
0.99784 0.249184 0.0319416 1.81222 
0.999242 0.247126 0.0334557 1.8151 
0.99366 0.258521 0.0324263 1.80483 
0.992537 0.265575 0.0393278 1.80456 
0.991404 0.261572 0.0298767 1.80031 
0.9882 0.271042 0.0293857 1.79564 
0.983226 0.274983 0.0142999 1.7854 
0.967814 0.222436 -0.0688937 1.74705 
0.973112 0.220342 -0.0563915 1.7572 
0.972598 0.229729 -0.0564324 1.75784 
0.976449 0.230035 -0.0444629 1.7651 
0.976815 0.256868 -0.0235361 1.77106 
0.97668 0.256497 -0.028734 1.76974 
0.977949 0.258215 -0.0243834 1.77224 
0.978213 0.251125 -0.026349 1.77186 
0.978489 0.252094 -0.0225544 1.77319 
0.97766 0.25429 -0.026052 1.77098 
0.97755 0.259742 -0.0242187 1.77139 
0.978735 0.249927 -0.0243333 1.77314 
0.978437 0.253553 -0.00227522 1.77902 
0.999831 0.247353 0.0346124 1.81654 
0.999672 0.24743 0.0342791 1.81616 
0.996611 0.248792 0.0294633 1.80926 
0.99272 0.222056 0.0101114 1.80231 
0.995168 0.233209 0.0167942 1.80868 
0.987753 0.218826 -0.00206293 1.78771 
0.986323 0.204194 -0.00877158 1.7839 
0.991517 0.215213 0.0063183 1.7983 
0.988907 0.21401 0.0031482 1.79106 
0.982019 0.233199 -0.0273885 1.77681 
0.987119 0.230383 -0.00833875 1.787 
0.979244 0.244216 -0.0306894 1.7725 
0.978755 0.232397 -0.0380533 1.77018 
0.981236 0.241154 -0.0264567 1.77615 
0.984724 0.237274 -0.0159594 1.78273 
0.988628 0.230379 -0.00210949 1.79022 
0.985619 0.246867 -0.00674475 1.78551 
0.981825 0.245572 -0.0212996 1.77773 
0.98428 0.23092 -0.0217202 1.78141 
0.981754 0.219458 -0.0359608 1.77539 
0.978704 0.21463 -0.0453429 1.76833 
0.981256 0.203828 -0.0328305 1.77221 
0.985122 0.224453 -0.0198226 1.78256 
0.98347 0.20332 -0.0184322 1.77681 
0.986318 0.223931 -0.0126508 1.78488 
0.974515 0.250606 -0.041264 1.76499 
0.975187 0.197594 -0.0547607 1.75872 
0.98336 0.215914 -0.023943 1.77776 
1.00376 0.248148 0.0266938 1.82681 
1.00108 0.24869 0.0317329 1.82023 
1.00232 0.249513 0.0282505 1.82387 
0.979857 0.167153 -0.0365053 1.76638 
0.978553 0.173696 -0.0478675 1.76389 
0.982777 0.187215 -0.0314803 1.77459 
0.96786 0.18027 -0.0840224 1.74213 
0.973696 0.181928 -0.0684467 1.75473 
0.972093 0.190327 -0.06986 1.75205 
0.976426 0.157664 -0.0553817 1.75807 
0.979994 0.160658 -0.0394772 1.76703 
0.979269 0.152375 -0.047156 1.76485 
0.97841 0.160747 -0.0445956 1.76279 
0.974142 0.144398 -0.0608729 1.75182 
0.97115 0.152655 -0.0742142 1.74588 
0.96868 0.139317 -0.0848363 1.73953 
0.966811 0.161048 -0.0912822 1.73781 
0.965006 0.134642 -0.0957173 1.73098 
0.966482 0.131751 -0.0663395 1.7324 
0.970435 0.137422 -0.0732475 1.74286 
0.956992 0.123415 -0.088584 1.70962 
0.982755 0.200358 -0.0243624 1.77519 
0.982539 0.214311 -0.0316662 1.7763 
0.980866 0.188801 -0.0388705 1.77033 
0.974676 0.171131 -0.0573344 1.75479 
0.988452 0.196524 -0.0055381 1.78962 
0.984413 0.182666 -0.0212247 1.77831 
0.980722 0.17289 -0.0393961 1.76881 
0.984763 0.181303 -0.0190057 1.77943 
0.986389 0.188786 -0.0115972 1.78436 
0.98359 0.174449 -0.0274999 1.77773 
0.993888 0.230099 0.0138045 1.80584 
0.96957 0.191342 -0.0764486 1.74694 
0.966103 0.19965 -0.083786 1.74112 
0.973245 0.16343 -0.0714157 1.75191 
0.986259 0.190636 -0.0127879 1.7834 
0.984179 0.193185 -0.0227068 1.77827 
0.982592 0.179705 -0.0302822 1.77362 
0.981544 0.169906 -0.0296423 1.77175 
0.96933 0.148519 -0.0848804 1.74196 
1.00085 0.211382 -0.0417256 1.82604 
0.999223 0.195862 -0.0397673 1.82016 
1.01488 0.213109 -0.0611484 1.86125 
0.989635 0.206318 0.000571451 1.79292 
0.986134 0.193981 -0.0139519 1.7831 
0.990087 0.205675 0.00114956 1.79446 
0.988066 0.196758 -0.00524359 1.78915 
0.986636 0.191011 -0.0114238 1.78572 
0.984211 0.181461 -0.0191371 1.7789 
0.989751 0.197068 -0.0180166 1.79545 
0.991874 0.213101 -0.00270761 1.80129 
1.00268 0.240544 -0.0178374 1.83129 
1.00361 0.246417 -0.00411975 1.83217 
0.994788 0.225655 -0.0025005 1.81007 
0.999974 0.240509 -0.00642121 1.82407 
0.995573 0.229422 0.00181458 1.81198 
0.991838 0.214746 0.00385769 1.80055 
0.996832 0.231185 -0.00796212 1.81613 
0.981478 0.251485 -0.0204007 1.77807 
0.977843 0.267535 -0.0179111 1.77313 
0.980223 0.272114 -0.00419841 1.77875 
0.975402 0.286841 -0.00211011 1.77209 
0.975955 0.278595 -0.00798198 1.77095 
0.976859 0.283672 0.000126638 1.77413 
0.965236 0.18887 -0.0897864 1.73797 
0.960543 0.192149 -0.0963585 1.7282 
0.956377 0.179842 -0.106834 1.71723 
0.960677 0.176841 -0.0994609 1.72614 
0.964265 0.172794 -0.0958213 1.73379 
0.964793 0.164505 -0.0967604 1.73398 
0.962722 0.149799 -0.104476 1.72776 
0.964251 0.145663 -0.10069 1.73062 
0.969008 0.171 -0.0830071 1.74351 
0.973664 0.164065 -0.0610166 1.75208 
0.974648 0.180124 -0.0617604 1.75611 
0.971547 0.170032 -0.0756916 1.7488 
0.981837 0.158547 -0.04156 1.77246 
0.977804 0.252372 -0.0311141 1.77119 
0.950534 0.199232 -0.105424 1.70674 
0.95891 0.207866 -0.0909095 1.72659 
0.951496 0.212405 -0.0988004 1.71117 
0.96815 0.152261 -0.091448 1.74009 
0.964084 0.137822 -0.101224 1.72945 
0.955879 0.206998 -0.0949432 1.71981 
0.955563 0.19677 -0.10174 1.71794 
0.960945 0.201188 -0.0914767 1.73018 
0.959066 0.163294 -0.10693 1.721 
0.961912 0.157963 -0.103419 1.72675 
0.96205 0.186057 -0.0961731 1.73066 
0.958295 0.261985 -0.0314899 1.73526 
0.970014 0.241338 -0.0572274 1.7547 
0.963767 0.23631 -0.0694086 1.74089 
0.959967 0.244302 -0.0688982 1.73494 
0.961221 0.218126 -0.0841306 1.73335 
0.964794 0.224367 -0.0734603 1.74111 
0.975135 0.258306 -0.0277804 1.76792 
0.977977 0.254229 -0.0192352 1.7737 
0.973048 0.260171 -0.0289275 1.7646 
0.97092 0.26305 -0.0226103 1.76269 
0.960776 0.26157 -0.0416906 1.74015 
0.957113 0.255326 -0.0554628 1.73057 
0.972403 0.244658 -0.0487782 1.75955 
0.970433 0.255619 -0.0423881 1.75784 
0.970356 0.259702 -0.0366238 1.75883 
0.969204 0.252139 -0.0515141 1.75554 
0.968422 0.245151 -0.0588766 1.75256 
0.958767 0.172837 -0.104839 1.72156 
0.95739 0.189714 -0.102467 1.72102 
0.947819 0.21866 -0.0973696 1.70366 
0.951505 0.232527 -0.083672 1.71438 
0.948306 0.238917 -0.0767646 1.70783 
0.9741 0.254535 -0.0383054 1.765 
0.975185 0.2568 -0.0314845 1.76725 
0.967574 0.26073 -0.0410891 1.75396 
0.960436 0.251611 -0.059671 1.73692 
0.949675 0.249086 -0.063268 1.71263 
0.955809 0.225916 -0.0853801 1.72259 
0.962524 0.215726 -0.0805081 1.73515 
0.959492 0.22649 -0.0813602 1.73076 
0.961048 0.236199 -0.0734609 1.73556 
0.954546 0.234045 -0.0806097 1.72105 
0.953544 0.215239 -0.0932177 1.7158 
0.979065 0.249809 -0.0079825 1.77752 
0.972118 0.260965 -0.0134153 1.766 
0.973766 0.260117 -0.0217949 1.76701 
1.00669 0.229313 0.0663815 1.83228 
1.00639 0.228796 0.0816039 1.83368 
1.003 0.238713 0.0968237 1.83062 
0.99753 0.251529 0.0947482 1.82017 
1.00254 0.243424 0.0591449 1.82432 
1.00402 0.238847 0.0743433 1.82885 
1.00108 0.247662 0.0622652 1.8221 
0.979481 0.223248 -0.0362119 1.77107 
0.977687 0.242297 -0.0333783 1.76909 
0.978125 0.235593 -0.0401692 1.76929 
0.978736 0.230956 -0.0357943 1.77013 
0.980318 0.236308 -0.0211859 1.77513 
0.978185 0.250844 -0.0194807 1.7728 
0.97753 0.255483 -0.0154608 1.77431 
0.977626 0.25571 -0.0247163 1.7712 
0.978751 0.243502 -0.0261332 1.77202 
0.977537 0.256345 -0.0242754 1.77183 
0.978049 0.249374 -0.0294985 1.77113 
0.97896 0.237897 -0.0308372 1.7716 
0.979904 0.239648 -0.0258685 1.77431 
0.97813 0.245415 -0.0298089 1.77069 
0.95783 0.304063 -0.00369429 1.73903 
0.976917 0.243788 -0.0363776 1.7675 
0.976309 0.260181 -0.0254336 1.76854 
0.974938 0.262198 -0.0283892 1.76607 
0.975861 0.256858 -0.0303331 1.76721 
0.975036 0.269823 -0.0214931 1.7675 
0.974086 0.267616 -0.0264661 1.76524 
0.976031 0.267318 -0.0223128 1.76928 
0.97642 0.26276 -0.0245747 1.76928 
0.978499 0.265306 -0.0168924 1.77392 
0.977358 0.263571 -0.0223115 1.77149 
0.977907 0.261806 -0.0226335 1.77245 
0.97782 0.260895 -0.0218764 1.77184 
0.975342 0.264866 -0.02486 1.76725 
0.976532 0.265897 -0.0209503 1.76988 
0.973617 0.273166 -0.0228561 1.76537 
0.976026 0.27198 -0.0178793 1.77008 
0.975562 0.274836 -0.0161554 1.76966 
0.973246 0.26946 -0.0283814 1.76406 
0.976989 0.241164 -0.0396309 1.7673 
0.977054 0.251262 -0.0311037 1.76902 
0.976583 0.25466 -0.0295689 1.76847 
0.977043 0.255596 -0.0271577 1.76966 
0.975884 0.259496 -0.0283733 1.76772 
0.975451 0.254311 -0.0343812 1.7659 
0.974431 0.249101 -0.0427171 1.76265 
0.975061 0.249373 -0.038854 1.76409 
0.975903 0.251169 -0.0340241 1.7663 
0.97389 0.254604 -0.0392844 1.76243 
0.974683 0.254811 -0.0361766 1.76424 
0.974188 0.257377 -0.0360797 1.76365 
0.973832 0.257219 -0.0379309 1.76286 
0.973565 0.254247 -0.0407348 1.76163 
0.975313 0.257092 -0.0322967 1.76607 
0.976005 0.258471 -0.0267156 1.76762 
0.973818 0.265325 -0.0306101 1.76446 
0.972936 0.265713 -0.0324114 1.7626 
0.973108 0.262183 -0.035312 1.76223 
0.97447 0.261968 -0.030652 1.7651 
0.97382 0.26151 -0.0342305 1.76369 
0.974232 0.259518 -0.0344079 1.76418 
0.97622 0.248084 -0.0364753 1.76658 
0.975002 0.247551 -0.0411735 1.76366 
0.976068 0.243543 -0.041986 1.76552 
0.973475 0.25873 -0.0382877 1.76241 
0.973899 0.252281 -0.0419448 1.76204 
0.974844 0.253027 -0.0381427 1.76434 
0.972049 0.261128 -0.0393013 1.75964 
0.971474 0.262487 -0.0396075 1.75863 
0.97237 0.259554 -0.0402796 1.76005 
0.970729 0.266571 -0.0373366 1.75788 
0.971716 0.263588 -0.0372115 1.75939 
0.971946 0.26479 -0.0357725 1.7602 
0.971505 0.263929 -0.0384568 1.75906 
0.970483 0.268742 -0.0353138 1.75781 
0.97105 0.265203 -0.0383847 1.75832 
0.97154 0.266409 -0.0351698 1.75965 
0.969965 0.272708 -0.0316164 1.75749 
0.970166 0.271343 -0.0330909 1.75768 
0.971787 0.270238 -0.0307363 1.76103 
0.972173 0.268756 -0.0306209 1.76148 
0.972686 0.264176 -0.0345384 1.76171 
0.973497 0.267718 -0.0283021 1.7641 
0.970356 0.278039 -0.0251327 1.75949 
0.969758 0.276704 -0.0284016 1.75802 
0.970958 0.274494 -0.0272091 1.75999 
0.972374 0.271661 -0.0268865 1.76246 
0.974455 0.270726 -0.0233278 1.76666 
0.96967 0.274297 -0.0312446 1.75725 
0.971224 0.269143 -0.0328505 1.75952 
0.970919 0.276121 -0.0256538 1.76024 
0.970599 0.272702 -0.030227 1.75888 
0.971712 0.272626 -0.0279066 1.7613 
0.974818 0.265001 -0.0265518 1.76627 
0.971924 0.279023 -0.019807 1.76284 
0.968616 0.281026 -0.0247187 1.75637 
0.967669 0.283145 -0.0246459 1.75488 
0.967026 0.282305 -0.0271028 1.75332 
0.970361 0.274313 -0.0289681 1.7587 
0.971296 0.282062 -0.0171512 1.76205 
0.970116 0.267809 -0.0375076 1.75677 
0.9716 0.267537 -0.0334305 1.75999 
0.972598 0.267172 -0.0320326 1.76218 
0.971432 0.271611 -0.0297544 1.76051 
0.969594 0.270353 -0.0359821 1.7562 
0.970711 0.269873 -0.0337089 1.75859 
0.969561 0.27173 -0.0342271 1.75642 
0.970221 0.269144 -0.0362935 1.75736 
0.968479 0.272513 -0.0356331 1.75413 
0.968955 0.270841 -0.0366647 1.75483 
0.968944 0.275768 -0.0314846 1.75604 
0.969225 0.27459 -0.0321155 1.75636 
0.974476 0.263554 -0.0313563 1.76563 
0.970939 0.267153 -0.0359981 1.75848 
0.974979 0.259452 -0.0324557 1.76585 
0.972788 0.260813 -0.0371866 1.76122 
0.972928 0.258083 -0.0400132 1.761 
0.972288 0.261782 -0.0379241 1.76032 
0.973248 0.256355 -0.0410221 1.76139 
0.967511 0.279055 -0.0302084 1.75363 
0.968189 0.274958 -0.0337797 1.75411 
0.968996 0.276893 -0.0297581 1.7564 
0.969135 0.273393 -0.0336049 1.75587 
0.96832 0.275969 -0.032538 1.75469 
0.968548 0.273588 -0.0344865 1.75457 
0.968468 0.277988 -0.0293143 1.75546 
0.964727 0.293556 -0.01528 1.7511 
0.964765 0.291086 -0.0181751 1.75045 
0.965407 0.292614 -0.0146917 1.75217 
0.964784 0.290032 -0.0196933 1.75027 
0.968304 0.290126 -0.0141493 1.75792 
0.96843 0.279301 -0.0278255 1.75567 
0.966834 0.280755 -0.0297909 1.75256 
0.965032 0.283547 -0.028378 1.74912 
0.965677 0.282092 -0.0296007 1.75023 
0.966145 0.286314 -0.023311 1.75238 
0.966188 0.283916 -0.026652 1.75187 
0.97465 0.289456 0.000257561 1.77121 
0.973958 0.285174 -0.006678 1.76838 
0.971262 0.291618 -0.00318807 1.76426 
0.972465 0.285802 -0.0108256 1.76552 
0.971427 0.288323 -0.0104142 1.76405 
0.9686 0.286991 -0.0179923 1.75775 
0.969252 0.283547 -0.0191366 1.75806 
0.972369 0.273455 -0.0246806 1.7627 
0.974374 0.277023 -0.0167944 1.76761 
0.971752 0.276014 -0.0239581 1.762 
0.970946 0.278231 -0.0219682 1.76053 
0.970238 0.284186 -0.0171621 1.76036 
0.970139 0.281494 -0.0215237 1.75981 
0.969681 0.278146 -0.0266116 1.75811 
0.970918 0.279774 -0.022588 1.76116 
0.969002 0.282139 -0.0228673 1.75745 
0.969172 0.285283 -0.0194139 1.75862 
0.967462 0.287031 -0.0199199 1.75534 
0.967027 0.283318 -0.025605 1.75353 
0.967423 0.285705 -0.0219258 1.75497 
0.966604 0.285488 -0.0236301 1.75316 
0.970242 0.275518 -0.0292484 1.75886 
0.97719 0.279665 -0.00355448 1.77382 
0.973717 0.280446 -0.013656 1.76684 
0.97248 0.282875 -0.0141666 1.76481 
0.972727 0.276339 -0.019935 1.76382 
0.97719 0.275561 -0.0111476 1.7733 
0.978757 0.27016 -0.00965389 1.77514 
0.977233 0.270331 -0.016175 1.77229 
0.980051 0.266518 -0.0123216 1.7775 
0.979151 0.262357 -0.0191009 1.77501 
0.97832 0.257008 -0.0247056 1.77256 
0.977637 0.257998 -0.0245662 1.77149 
0.978157 0.255448 -0.0283075 1.77255 
0.979387 0.259474 -0.0192291 1.77478 
0.981523 0.255299 -0.0157278 1.77844 
0.985157 0.263956 0.00633565 1.78713 
0.977786 0.272287 -0.0121185 1.77376 
0.981161 0.259476 -0.0153689 1.7786 
0.977682 0.257318 -0.0255005 1.77203 
0.983177 0.25839 -0.00666379 1.78217 
0.980479 0.263144 -0.0117201 1.77747 
0.983898 0.248473 -0.0117112 1.7822 
0.96686 0.288281 -0.0192046 1.75435 
0.966055 0.291083 -0.0166309 1.75332 
0.965421 0.288715 -0.0211795 1.75141 
0.964915 0.287144 -0.024159 1.74987 
0.964109 0.289265 -0.0222508 1.74861 
0.963834 0.287911 -0.0248496 1.74762 
0.965332 0.284686 -0.0265444 1.75011 
0.964696 0.288286 -0.0227123 1.74966 
0.964647 0.285765 -0.0266789 1.74889 
0.965861 0.287754 -0.0214445 1.75206 
0.964202 0.290331 -0.0206807 1.74912 
0.96369 0.291421 -0.019889 1.74829 
0.963299 0.290127 -0.0227156 1.74705 
0.964395 0.286924 -0.0253006 1.74863 
0.962683 0.292172 -0.020498 1.74626 
0.962527 0.293285 -0.0188556 1.74624 
0.964102 0.294898 -0.0140526 1.75008 
0.964632 0.296214 -0.0116474 1.75162 
0.96229 0.29696 -0.0132154 1.74677 
0.962156 0.299495 -0.00981183 1.74718 
0.961092 0.296041 -0.0162158 1.74383 
0.960234 0.300285 -0.00999039 1.74315 
0.960136 0.298223 -0.0138172 1.74234 
0.961765 0.295202 -0.0167208 1.7451 
0.962049 0.294107 -0.0183142 1.74542 
0.96321 0.294791 -0.0155555 1.74819 
0.960757 0.297347 -0.014355 1.74347 
0.962662 0.295742 -0.0148895 1.74729 
0.961197 0.29773 -0.0129836 1.74453 
0.953757 0.311263 0.03489 1.73423 
0.96765 0.304641 0.0117596 1.76046 
0.955531 0.311348 0.0275422 1.73787 
0.957261 0.311086 0.0168293 1.74086 
0.956573 0.312033 0.0288484 1.74043 
0.957735 0.312164 0.0257762 1.74285 
0.957922 0.311556 0.0199742 1.74272 
0.961711 0.312194 0.0231255 1.75099 
0.959042 0.312907 0.0338314 1.74639 
0.965327 0.311984 0.0350137 1.75908 
0.95766 0.312322 0.0420942 1.74407 
0.96092 0.312656 0.0458703 1.75145 
0.959786 0.31298 0.0378132 1.74827 
0.962371 0.312589 0.0435325 1.75398 
0.963307 0.312812 0.0348846 1.75544 
0.967395 0.309284 0.0554467 1.76473 
0.958869 0.310977 0.0520046 1.74741 
0.968831 0.309465 0.0496611 1.76724 
0.963791 0.31103 0.055573 1.7583 
0.967476 0.311091 0.0450432 1.76453 
0.956905 0.299385 0.0778249 1.74353 
0.960368 0.305501 0.0681933 1.75145 
0.96186 0.303036 0.0740181 1.75488 
0.956095 0.311212 0.0211678 1.73869 
0.974861 0.291733 0.00957172 1.77175 
0.968765 0.296331 -0.00236093 1.76028 
0.966258 0.299775 -0.00211176 1.75598 
0.965813 0.298401 -0.00569045 1.75468 
0.967601 0.291864 -0.0117429 1.75665 
0.966715 0.289765 -0.0171489 1.75436 
0.96432 0.292505 -0.0171691 1.7499 
0.963166 0.291285 -0.0210612 1.74709 
0.963707 0.292567 -0.0182008 1.74864 
0.962784 0.297974 -0.0112889 1.74812 
0.963212 0.293595 -0.0174198 1.74785 
0.963705 0.289155 -0.0232775 1.74768 
0.972553 0.302607 0.0707914 1.77564 
0.970137 0.294829 0.0866944 1.7721 
0.967672 0.304528 0.0727116 1.76694 
0.959898 0.31291 0.0300142 1.7479 
0.955328 0.311085 0.0233517 1.73704 
0.960776 0.311803 0.0508741 1.75142 
0.959403 0.312888 0.0419016 1.74788 
0.965171 0.311028 0.0525734 1.76054 
0.970917 0.305784 0.0637211 1.77198 
0.966567 0.307796 0.0662018 1.76443 
0.963989 0.311433 0.0265071 1.75542 
0.960305 0.31014 0.0145254 1.74697 
0.96276 0.307994 0.0108039 1.75135 
0.97069 0.290552 -0.00725246 1.7629 
0.97304 0.291594 0.00496505 1.76773 
0.967988 0.29888 0.000125065 1.75938 
0.971585 0.295414 0.00392625 1.76596 
0.970566 0.298653 0.00758665 1.76465 
0.974026 0.295822 0.014845 1.77108 
0.968386 0.300462 0.00466501 1.76059 
0.96382 0.300702 -0.00588577 1.75117 
0.962407 0.303617 -0.00248297 1.74909 
0.962084 0.304502 -0.000970303 1.74877 
0.959818 0.303172 -0.00549681 1.74321 
0.960542 0.301955 -0.00731141 1.7444 
0.979187 0.286134 0.01625 1.77954 
0.982389 0.281548 0.0265869 1.78534 
0.979148 0.29071 0.0216706 1.78104 
0.981923 0.2908 0.0342886 1.78795 
0.985314 0.284628 0.0438171 1.79404 
0.985149 0.287011 0.0686191 1.79732 
0.972547 0.305168 0.0324715 1.77174 
0.97329 0.30716 0.0514152 1.77634 
0.979406 0.299322 0.0523138 1.78666 
0.98115 0.297721 0.0590389 1.79097 
0.982014 0.29467 0.0504989 1.79066 
0.9838 0.287898 0.0793577 1.79656 
0.968039 0.309306 0.0285044 1.76334 
0.964461 0.310601 0.0224225 1.75614 
0.959123 0.312644 0.0264892 1.74592 
0.962449 0.311118 0.0202643 1.75194 
0.970628 0.303494 0.0165396 1.76663 
0.96578 0.308823 0.0200374 1.75805 
0.976002 0.29585 0.0201264 1.77561 
0.977722 0.296868 0.0323081 1.78023 
0.971537 0.299711 0.0124324 1.7671 
0.965216 0.303172 0.00342606 1.75464 
0.966622 0.306823 0.0130239 1.75937 
0.964013 0.306945 0.00922078 1.75364 
0.970445 0.294438 -0.000593537 1.76324 
0.969554 0.287129 -0.0141792 1.75949 
0.968703 0.292728 -0.00862828 1.75925 
0.969018 0.288443 -0.0153494 1.75901 
0.966258 0.293467 -0.0124383 1.75426 
0.966661 0.279694 -0.0312021 1.75185 
0.967103 0.278775 -0.0314155 1.75262 
0.967194 0.27747 -0.0324943 1.75247 
0.967846 0.278003 -0.030472 1.75408 
0.96643 0.282692 -0.027635 1.75209 
0.967085 0.280243 -0.0291399 1.75292 
0.967299 0.281069 -0.0279393 1.7536 
0.968064 0.276919 -0.031996 1.75437 
0.967988 0.280647 -0.0271995 1.75502 
0.96629 0.281671 -0.0292074 1.75153 
0.969378 0.27944 -0.0262662 1.75783 
0.967873 0.284376 -0.0228145 1.75561 
0.968172 0.281749 -0.0254691 1.75567 
0.968621 0.284004 -0.0217523 1.75709 
0.965313 0.286108 -0.0247135 1.75045 
0.964942 0.28462 -0.0272669 1.74921 
0.966714 0.284505 -0.0249759 1.75318 
0.991544 0.26203 0.0251961 1.80093 
0.987624 0.278397 0.0404443 1.79714 
0.982474 0.263154 -0.00635297 1.78176 
0.986508 0.259761 0.00383089 1.78953 
0.981026 0.267564 -0.00215948 1.77905 
0.982472 0.268255 0.00319166 1.78218 
0.986656 0.264947 0.0127066 1.79056 
0.988353 0.259954 0.0146761 1.79302 
0.98737 0.268661 0.0231565 1.79291 
0.985493 0.269274 0.0170778 1.78881 
0.979875 0.278291 0.00434986 1.77917 
0.974748 0.281484 -0.00949078 1.76923 
0.991635 0.259639 0.0209994 1.80058 
0.981587 0.274132 0.00769909 1.78159 
0.9865 0.25482 0.00580293 1.78802 
0.997614 0.25443 0.0577182 1.81491 
1.00467 0.235698 0.0650934 1.82848 
0.995479 0.263169 0.0674341 1.81347 
0.967503 0.311308 0.0394845 1.764 
0.973511 0.307007 0.0457724 1.77599 
0.981562 0.295149 0.0444559 1.78928 
0.963833 0.309441 0.0613845 1.75857 
0.968184 0.307855 0.0611975 1.76649 
0.977934 0.288815 0.0894982 1.78738 
0.97258 0.297651 0.0821219 1.77684 
0.976956 0.298397 0.0736193 1.78437 
0.96108 0.308244 0.0624794 1.7529 
0.955173 0.305838 0.0629333 1.73904 
0.964425 0.312025 0.0463916 1.75846 
0.955275 0.310499 0.0476531 1.73879 
0.958625 0.309514 0.0572018 1.74712 
0.954556 0.309044 0.0527947 1.73725 
0.962436 0.312774 0.0389097 1.754 
0.978205 0.286102 0.0112873 1.77751 
0.979428 0.276619 -0.00119924 1.77801 
0.982984 0.281081 0.0193111 1.7868 
0.994559 0.263248 0.0484579 1.80931 
0.982134 0.288786 0.0284426 1.78753 
0.986402 0.277812 0.0315735 1.79371 
0.986288 0.283798 0.052891 1.7967 
0.965709 0.311291 0.0295731 1.75927 
0.968419 0.307986 0.0231392 1.76359 
0.970644 0.309355 0.0392522 1.76996 
0.979576 0.283734 0.00683482 1.78026 
0.960486 0.307201 0.00555032 1.7462 
0.958941 0.305785 0.000211401 1.74223 
0.961866 0.305536 0.00231108 1.74853 
0.960115 0.305462 -0.00021075 1.74476 
0.960278 0.304439 -0.00241811 1.74468 
0.958269 0.301795 -0.00828777 1.73918 
0.962521 0.300893 -0.00735387 1.74841 
0.959683 0.299695 -0.0114964 1.74176 
0.96649 0.296462 -0.00757561 1.75557 
0.964467 0.299047 -0.00735768 1.75204 
0.965684 0.295363 -0.0104819 1.75351 
0.983636 0.243696 -0.0166718 1.78123 
0.988703 0.255247 0.010952 1.79299 
0.987796 0.250195 0.00255781 1.79052 
0.989435 0.250096 0.0126941 1.79342 
0.991949 0.239363 0.0161655 1.79774 
0.993635 0.242008 0.0205624 1.80176 
0.995993 0.257731 0.0587761 1.81204 
0.997121 0.257721 0.0657832 1.81562 
0.995141 0.263266 0.0546539 1.81129 
0.995839 0.254251 0.0314498 1.80886 
0.995003 0.257965 0.0379139 1.80806 
0.992472 0.255061 0.0216026 1.80126 
1.00115 0.244665 0.0375222 1.81933 
1.00223 0.243058 0.0398672 1.82175 
1.00082 0.246455 0.0382992 1.81901 
1.00016 0.247592 0.0406709 1.81783 
0.996826 0.254669 0.0394849 1.81158 
0.997626 0.252756 0.0379509 1.81288 
0.998939 0.24973 0.0368643 1.81515 
0.998787 0.25033 0.0386935 1.81507 
0.99659 0.252885 0.0341767 1.81025 
0.961194 0.299177 -0.0110917 1.74498 
0.964041 0.297635 -0.0102904 1.75075 
0.96793 0.295098 -0.00618893 1.75818 
0.965725 0.301601 -0.00038948 1.7555 
0.961265 0.306284 0.00309909 1.74764 
0.963751 0.303574 -0.000802599 1.75195 
0.96487 0.304814 0.0035468 1.75488 
0.964234 0.30214 -0.00240992 1.75248 
0.967571 0.303322 0.00730421 1.75989 
0.958557 0.302938 -0.00616354 1.74026 
0.959156 0.300329 -0.0109858 1.74078 
0.961883 0.302222 -0.00586348 1.74746 
0.957734 0.305192 -0.00116248 1.73924 
0.957039 0.30699 0.00333861 1.73841 
0.962042 0.310165 0.0166098 1.75068 
0.960862 0.308277 0.00882895 1.74739 
0.963182 0.308881 0.0142013 1.75263 
0.963923 0.305925 0.00582748 1.75315 
0.965614 0.307992 0.0164161 1.75751 
0.956329 0.31074 0.0153188 1.73863 
0.957847 0.310203 0.012488 1.74167 
0.957235 0.311652 0.022364 1.74138 
0.957926 0.310683 0.0149124 1.74207 
0.959525 0.310863 0.0164537 1.74575 
0.957927 0.308555 0.00767308 1.74109 
0.956591 0.308532 0.0075927 1.73804 
0.958582 0.307521 0.00482086 1.74222 
0.957058 0.306028 0.000804648 1.73804 
0.9592 0.306944 0.00351539 1.74332 
0.956141 0.31019 0.0122163 1.73776 
0.956364 0.307755 0.00536198 1.73716 
0.9589 0.311604 0.0199188 1.74467 
0.958372 0.309355 0.010004 1.7424 
0.960184 0.309303 0.0110531 1.7464 
0.95555 0.31081 0.0168253 1.73699 
0.955769 0.309391 0.0100487 1.73651 
0.962815 0.312491 0.0270881 1.7537 
0.962146 0.312923 0.0307986 1.75269 
0.95973 0.312238 0.0225326 1.74678 
0.954697 0.310972 0.0297237 1.73602 
0.956683 0.312345 0.037521 1.74154 
0.981609 0.271041 0.0980827 1.79282 
0.97254 0.289283 0.0927664 1.77718 
0.981249 0.28394 0.0908753 1.79349 
0.973872 0.304403 0.0586296 1.77709 
0.983034 0.284354 0.0885459 1.79623 
0.982942 0.291028 0.0734317 1.79469 
0.978379 0.294307 0.0802964 1.78738 
0.979469 0.296957 0.0695946 1.78851 
0.99113 0.276538 0.0692805 1.8077 
0.955847 0.307989 0.057662 1.74054 
0.976749 0.293777 0.0847163 1.78512 
0.962078 0.281108 0.100419 1.7549 
0.961555 0.295634 0.0849477 1.75434 
0.965628 0.286261 0.095887 1.76319 
0.983651 0.252511 0.0878551 1.79299 
0.98853 0.22026 0.0783647 1.80048 
0.984711 0.262909 0.0945075 1.79737 
0.957461 0.312606 0.0332872 1.74294 
0.954261 0.310939 0.0436904 1.73613 
0.954772 0.311682 0.0378427 1.73701 
0.957195 0.311463 0.0471373 1.74333 
0.984242 0.229453 0.0617077 1.78949 
0.9832 0.262782 0.10261 1.79692 
0.96566 0.302188 0.076335 1.76308 
0.964893 0.293543 0.088201 1.76179 
0.960866 0.299746 0.0787447 1.75289 
0.956583 0.295453 0.0837203 1.74267 
0.955672 0.301449 0.0731789 1.74046 
0.956346 0.304223 0.0677609 1.74198 
0.959278 0.291979 0.0888047 1.749 
0.986208 0.265855 0.0976163 1.80101 
1.00366 0.240023 0.0693929 1.8275 
1.0165 0.156117 0.158789 1.86938 
1.00732 0.227363 0.0713338 1.83416 
1.00028 0.246861 0.0924587 1.82502 
1.00113 0.247195 0.067022 1.8227 
1.00169 0.241897 0.0783198 1.82444 
1.00303 0.240059 0.0843812 1.82835 
1.00114 0.24836 0.0786414 1.82479 
1.0001 0.252914 0.0746364 1.82278 
1.01499 0.197423 0.0606467 1.8484 
1.01325 0.210771 0.068318 1.84593 
1.01054 0.208101 0.0983997 1.84422 
1.01803 0.180452 0.10209 1.8615 
1.02295 0.163708 0.097351 1.87234 
1.02172 0.157599 0.129173 1.87586 
1.01087 0.209373 0.108802 1.8478 
1.00487 0.232836 0.0864249 1.83166 
1.01738 0.189165 0.0906638 1.85802 
1.00772 0.221171 0.111847 1.84264 
1.01341 0.210716 0.060259 1.84546 
1.01409 0.205776 0.0571741 1.8465 
1.01534 0.196243 0.0489514 1.84847 
1.01923 0.179796 0.0574674 1.85817 
1.01364 0.205388 0.0734232 1.8471 
1.00985 0.219887 0.0634788 1.83811 
1.00866 0.2205 0.0729868 1.83646 
1.01217 0.206944 0.0820297 1.845 
1.00619 0.231191 0.0759951 1.83279 
1.00754 0.226045 0.062135 1.83328 
1.00754 0.229365 0.045317 1.83236 
1.01095 0.222094 0.0375366 1.83922 
1.01016 0.219814 0.0442312 1.8372 
1.01053 0.220429 0.0402412 1.838 
1.00879 0.224879 0.0425947 1.8345 
1.00907 0.225812 0.0398191 1.83521 
1.01216 0.217717 0.036074 1.8418 
1.01125 0.220898 0.0361196 1.8398 
1.0108 0.220328 0.0339068 1.83857 
1.0118 0.216188 0.0434436 1.84081 
1.00839 0.22595 0.051392 1.83431 
1.00971 0.223664 0.0542811 1.83743 
1.00998 0.217025 0.068492 1.83859 
1.00805 0.227347 0.0585142 1.83436 
1.00498 0.237268 0.0518477 1.82817 
1.00768 0.229929 0.0569254 1.83375 
1.00405 0.234946 0.0572637 1.82585 
0.988794 0.203486 0.0562699 1.79795 
0.979801 0.25835 0.092168 1.78504 
0.98027 0.241254 0.0740642 1.78216 
0.983679 0.259791 0.0930162 1.7944 
0.984459 0.258671 0.0919643 1.79607 
0.986421 0.255514 0.0942269 1.80105 
0.984603 0.262399 0.0958152 1.79746 
0.985726 0.266637 0.0960163 1.80014 
0.979921 0.24748 0.0744381 1.78254 
0.99589 0.0917266 0.132742 1.81649 
0.984681 0.147087 0.143347 1.79606 
0.998609 0.123114 0.0870112 1.81581 
0.999072 0.110786 0.0972443 1.81774 
0.995092 0.170338 0.102225 1.81594 
0.964024 0.264479 0.111774 1.75803 
0.959096 0.28583 0.0958885 1.74814 
0.969219 0.28203 0.0994444 1.77085 
0.967568 0.215328 0.136018 1.76245 
0.987317 0.215807 0.112401 1.80391 
0.983445 0.192113 0.12389 1.79438 
0.980592 0.239879 0.116924 1.79295 
0.979648 0.262223 0.107233 1.79018 
0.983592 0.250998 0.110734 1.79867 
0.976709 0.276224 0.101785 1.78571 
0.972952 0.28354 0.0977974 1.77855 
0.976311 0.286493 0.0930903 1.78449 
0.980156 0.27712 0.0958506 1.79058 
0.984051 0.253853 0.101118 1.79707 
0.985912 0.234517 0.104758 1.80022 
0.980091 0.223576 0.121345 1.79028 
0.982597 0.191698 0.131977 1.79448 
0.977695 0.222012 0.127794 1.78614 
0.984111 0.21187 0.119351 1.79767 
0.991455 0.205193 0.106622 1.81134 
0.97818 0.207698 0.132417 1.78632 
0.986361 0.17903 0.120883 1.79901 
0.992562 0.154714 0.122715 1.81192 
0.97571 0.183229 0.145419 1.77904 
0.964578 0.252677 0.119579 1.75861 
0.988095 0.279514 0.0875962 1.8053 
0.981767 0.289378 0.0827062 1.79356 
0.98608 0.283251 0.0817004 1.80043 
0.985746 0.279543 0.0903945 1.80103 
0.987273 0.281737 0.0713193 1.80064 
0.990319 0.274118 0.0824888 1.80722 
0.988734 0.280116 0.0791818 1.80497 
0.99704 0.25754 0.0820888 1.81791 
0.993086 0.270036 0.0744204 1.81094 
0.995606 0.264228 0.0731609 1.81493 
0.986077 0.271074 0.0951368 1.80169 
0.987886 0.270044 0.096394 1.80437 
0.988038 0.26668 0.0994918 1.8051 
0.989256 0.263184 0.103239 1.80754 
0.99486 0.254489 0.103211 1.81682 
0.988325 0.260345 0.106104 1.80612 
0.992419 0.250597 0.115682 1.81477 
0.995593 0.249807 0.112859 1.82055 
1.00865 0.194121 0.141027 1.84982 
0.983282 0.235028 0.135199 1.79537 
0.993303 0.243115 0.122513 1.81687 
1.00402 0.21187 0.135443 1.83932 
0.989787 0.242389 0.126642 1.80995 
0.996912 0.234755 0.124924 1.8238 
0.986696 0.273967 0.0944079 1.80274 
0.985434 0.262644 0.0978287 1.79919 
0.982845 0.269375 0.0962973 1.79452 
0.990036 0.212528 0.0966096 1.80626 
0.986847 0.22956 0.110922 1.80385 
0.970616 0.238051 0.12498 1.77153 
0.974167 0.264241 0.110388 1.78072 
0.977241 0.268228 0.106244 1.78627 
0.984411 0.241807 0.113342 1.80073 
0.975282 0.244712 0.118397 1.78169 
0.986436 0.251392 0.0963876 1.80131 
0.991107 0.207149 0.0865095 1.80659 
0.987284 0.23767 0.0926283 1.80118 
0.986475 0.23332 0.0842605 1.79734 
0.988604 0.219755 0.0642355 1.79943 
0.988515 0.229104 0.0986813 1.80455 
1.00007 0.189886 0.0767476 1.82637 
0.997914 0.101 0.115535 1.81833 
0.994631 0.110163 0.126841 1.81352 
0.994372 0.145076 0.110572 1.81282 
0.991544 0.124289 0.148681 1.81156 
0.991508 0.185077 0.109356 1.80997 
0.962319 0.270769 0.1093 1.75468 
0.970386 0.272023 0.106755 1.77321 
0.978056 0.280396 0.0969197 1.78769 
0.967069 0.297275 0.0838756 1.76607 
0.971347 0.301766 0.0762487 1.77433 
0.985465 0.246126 0.105751 1.80081 
0.965178 0.241071 0.126314 1.75922 
0.969364 0.248414 0.120272 1.76944 
0.974226 0.253702 0.115568 1.78039 
0.973404 0.23339 0.125403 1.77716 
0.967724 0.229175 0.129975 1.76412 
0.971831 0.204051 0.138097 1.77152 
1.00346 0.167088 0.0883403 1.834 
0.979328 0.171693 0.141233 1.78564 
1.00037 0.104435 0.077239 1.81471 
1.00433 0.0800497 0.0847525 1.82493 
1.0043 0.070829 0.09697 1.82828 
0.991864 0.140287 0.131283 1.81065 
0.995437 0.119163 0.107285 1.81181 
1.00353 0.085518 0.0932928 1.82576 
1.00809 0.0675459 0.0687944 1.83039 
1.00166 0.0756714 0.108722 1.82459 
1.00894 0.0522626 0.0731096 1.83485 
1.00705 0.0336614 0.101187 1.83608 
0.991941 0.0975923 0.142247 1.80881 
0.997265 0.105141 0.0829205 1.80856 
1.00494 0.0963079 0.0704636 1.82281 
1.00497 0.0882393 0.0830832 1.82597 
1.00793 0.0763219 0.0701704 1.82959 
1.00788 0.0776931 0.0653267 1.82798 
1.01318 0.0700664 0.0459557 1.84 
0.998388 0.063541 0.125797 1.81959 
1.00551 0.0844856 0.0759514 1.82495 
1.00325 0.0569782 0.113275 1.82907 
1.0056 0.0921557 0.0690774 1.82317 
1.00931 0.0496943 0.0839628 1.83821 
1.00665 0.0888673 0.0746507 1.82733 
1.00296 0.0966873 0.0752701 1.81906 
1.00571 0.0881386 0.0702527 1.82334 
1.0064 0.0916532 0.0666545 1.82419 
1.00684 0.0898604 0.0660986 1.82452 
1.01181 0.0623056 0.0583182 1.8384 
1.01477 0.0432537 0.0546897 1.84755 
1.00822 0.0660861 0.0756872 1.83263 
1.00905 0.0876944 0.06034 1.82898 
1.00634 0.0931846 0.066625 1.82188 
1.01187 0.0311824 0.0844057 1.84553 
1.01872 0.0491654 0.0228168 1.85486 
1.01602 0.0136551 0.0487725 1.85236 
1.01489 0.0538766 0.0375373 1.84526 
1.01324 0.0521611 0.0499726 1.84217 
1.01694 0.0278744 0.0424939 1.85321 
1.01445 0.0136573 0.0666937 1.85038 
1.01136 0.068837 0.0546105 1.8361 
1.00775 0.0944618 0.061354 1.82536 
1.00796 0.0918976 0.0586244 1.82589 
1.00764 0.090539 0.0644216 1.82549 
1.00732 0.0879769 0.0658101 1.82559 
1.0068 0.0921598 0.0643908 1.82306 
1.00999 0.0841934 0.0602877 1.83179 
1.00863 0.0825394 0.0653952 1.82934 
1.00691 0.090213 0.0653092 1.82405 
0.999392 0.110303 0.0772961 1.80619 
1.00535 0.100333 0.0658968 1.81962 
1.01057 0.110414 0.0482418 1.83267 
1.01315 0.120511 0.0321254 1.83958 
1.013 0.0928276 0.034889 1.83851 
1.00574 0.0995749 0.062188 1.82042 
1.00986 0.0949306 0.0535945 1.83057 
1.0074 0.088419 0.06381 1.82512 
1.01303 0.0786629 0.0443821 1.839 
1.00701 0.0857854 0.0677897 1.82555 
1.00949 0.0809367 0.0563175 1.83047 
1.01073 0.0752132 0.0587376 1.83433 
1.00814 0.10278 0.0540167 1.82635 
1.00557 0.113678 0.0606931 1.82067 
1.00538 0.113817 0.0667158 1.82061 
1.00726 0.132925 0.0572721 1.8259 
1.01149 0.132513 0.0433032 1.8359 
1.00775 0.123339 0.0563687 1.82649 
1.00617 0.152081 0.0548583 1.82436 
1.01442 0.101117 0.0199837 1.84253 
1.0121 0.131391 0.0361094 1.83732 
1.01455 0.110672 0.0174394 1.84317 
1.01867 0.0623991 0.00322257 1.85422 
1.02319 0.0377036 -0.00433056 1.86644 
1.01515 0.0256561 0.0240671 1.84744 
1.00368 0.0976658 0.0715076 1.81553 
1.01057 0.18983 0.0418468 1.83697 
1.00918 0.120581 0.0494243 1.82964 
1.00531 0.174483 0.0648671 1.82571 
1.00426 0.170868 0.0602509 1.82184 
1.00628 0.157891 0.0630886 1.826 
1.0047 0.137207 0.0634245 1.82024 
1.00081 0.137913 0.0736636 1.81164 
1.00242 0.131136 0.0683859 1.81454 
1.004 0.120061 0.0689294 1.81772 
1.00721 0.105236 0.0589583 1.82426 
1.00381 0.105889 0.0684458 1.81622 
1.00493 0.0965507 0.0679119 1.81844 
1.00323 0.1025 0.0722992 1.81478 
1.00207 0.104453 0.0756818 1.81225 
0.997172 0.111096 0.0829138 1.80129 
0.982553 0.133111 0.0962725 1.76916 
0.999842 0.118337 0.0749432 1.80774 
0.98971 0.119999 0.0925385 1.78481 
1.01773 0.0797509 0.0296525 1.85106 
1.01326 0.100618 0.0291565 1.83931 
1.01138 0.0968506 0.0426634 1.83445 
1.01044 0.10955 0.0355778 1.83234 
1.01696 0.0914699 -0.0155659 1.85026 
1.01875 0.0730765 -0.0157952 1.85462 
1.01906 0.0896207 -0.0061051 1.85523 
1.01409 0.0816512 0.0126318 1.842 
1.01664 0.0965916 0.000989897 1.84887 
1.0172 0.106858 0.000964557 1.85056 
1.01509 0.122946 0.00973933 1.84531 
1.01504 0.118305 -0.00799223 1.84569 
1.01483 0.0836174 0.0345487 1.84331 
1.01078 0.091535 0.0491009 1.83293 
1.01187 0.107085 0.0427659 1.83589 
1.01573 0.0922541 0.012342 1.84608 
1.01167 0.0840293 0.050002 1.83546 
1.01709 0.0691117 0.0208899 1.84989 
1.01486 0.0649567 0.0384641 1.84444 
1.01456 0.0701838 0.0303437 1.84336 
1.0192 0.0363822 0.015375 1.85663 
0.99379 0.146677 0.0841185 1.7969 
0.996007 0.131052 0.0831789 1.80045 
0.990032 0.167472 0.0811245 1.79126 
0.9973 0.18217 0.0708322 1.80884 
1.01707 0.0604927 0.0147228 1.85014 
1.01246 0.0789167 0.0192677 1.83795 
1.02003 0.054316 -0.00737227 1.858 
1.01691 0.0739719 0.00190971 1.84949 
1.01737 0.0781212 -0.0057496 1.85083 
1.02035 0.0611218 -0.0177415 1.8588 
1.01043 0.201934 0.0413095 1.83755 
1.01546 0.131025 -0.0100991 1.84732 
1.01353 0.143171 -0.00741551 1.84308 
1.01569 0.136848 -0.012997 1.84832 
1.01538 0.135179 -0.00244256 1.84706 
1.01603 0.123075 -0.0135209 1.84845 
1.01432 0.147078 0.00867247 1.84454 
1.01398 0.127417 0.0189741 1.84232 
1.014 0.120008 0.0239173 1.84191 
1.01293 0.142083 0.0300882 1.83994 
1.0129 0.155276 0.0321444 1.84037 
1.01145 0.179192 0.0335191 1.83804 
1.01278 0.17502 0.0280493 1.84112 
1.01343 0.153012 -0.00122468 1.84314 
0.985294 0.173933 0.0779388 1.78147 
1.01427 0.125815 0.00368965 1.84361 
1.01615 0.113388 0.00877089 1.84768 
1.01784 0.101671 -0.0175977 1.85272 
1.01942 0.0816152 -0.0214371 1.85649 
1.01152 0.193772 0.0293176 1.83889 
1.01321 0.178283 0.0202219 1.84257 
1.01076 0.160158 0.038454 1.83533 
1.01062 0.173681 0.03866 1.83585 
1.01403 0.152707 0.0187535 1.84361 
1.01228 0.161712 0.0076834 1.84026 
1.01286 0.168313 0.00737679 1.84217 
1.01304 0.1611 0.00335509 1.84239 
1.01352 0.138833 0.0226839 1.84153 
1.01524 0.110387 -0.00959569 1.84611 
1.01304 0.158914 0.00849148 1.84204 
1.0152 0.161462 0.0216213 1.84685 
1.00836 0.154786 0.0441914 1.82924 
1.01059 0.141889 0.0454192 1.83417 
1.00758 0.141764 0.0523589 1.82694 
1.00837 0.190807 0.0502443 1.83267 
1.00836 0.161653 0.0502575 1.83015 
1.00738 0.151556 0.0610928 1.828 
1.01188 0.195275 0.0363131 1.84022 
1.01003 0.195009 0.0442014 1.83631 
1.01025 0.179996 0.0435954 1.83562 
1.00838 0.173059 0.0496698 1.83095 
1.0115 0.202817 0.0348925 1.83961 
1.01351 0.147778 -0.00714734 1.8432 
1.00618 0.190636 0.0246851 1.83525 
1.01466 0.195492 0.0264783 1.85212 
0.998326 0.128524 0.0780041 1.80519 
0.992892 0.118988 0.086839 1.79188 
1.00222 0.160287 0.0727393 1.81737 
0.996885 0.160394 0.0778159 1.80505 
0.988957 0.150247 0.0891208 1.7866 
1.00005 0.175744 0.0720955 1.81435 
1.00406 0.19817 0.05707 1.82623 
1.00724 0.201405 0.0521425 1.83266 
1.0031 0.152143 0.0713 1.81844 
1.01013 0.206223 0.0414787 1.83735 
1.01172 0.213256 0.0367694 1.84113 
1.01137 0.205367 0.037365 1.83969 
1.01167 0.177437 0.00459214 1.84002 
1.01144 0.179877 0.00445625 1.83953 
1.01155 0.177095 0.00283007 1.83978 
1.01396 0.15529 -0.00865061 1.84485 
1.01243 0.19816 0.0207908 1.84155 
1.01255 0.189354 0.0260199 1.84124 
1.01358 0.163692 0.0263463 1.84256 
1.01177 0.190897 0.0331508 1.83953 
1.01268 0.202619 0.0242702 1.84216 
1.01226 0.206744 0.0288688 1.84135 
1.01163 0.207349 0.0317316 1.83996 
1.01183 0.21785 0.025758 1.84092 
1.0119 0.217784 0.0225101 1.84114 
1.01246 0.21121 0.0240833 1.84207 
1.01203 0.21483 0.0272874 1.8412 
1.01198 0.211964 0.0316398 1.8411 
1.01084 0.222642 0.0269079 1.83892 
1.01195 0.179509 0.00623101 1.84076 
1.01419 0.147893 0.00360939 1.84456 
1.01431 0.132706 0.00375963 1.84395 
1.0149 0.140524 0.00983852 1.84551 
1.01264 0.176655 0.0104223 1.84183 
1.0129 0.185283 0.0135794 1.84262 
1.01252 0.183979 0.0102701 1.84198 
1.01452 0.142236 -0.00191289 1.84533 
1.01379 0.153302 0.0133676 1.8433 
1.01232 0.142702 0.0181968 1.83877 
1.01362 0.167495 0.00983703 1.84382 
1.01218 0.165176 0.0170548 1.83966 
1.0128 0.171348 0.0172867 1.84141 
1.01329 0.152618 0.0032143 1.84258 
1.01341 0.15898 0.0124239 1.8427 
1.01454 0.150019 -0.0101435 1.84599 
1.01291 0.157042 -0.000950362 1.84205 
1.01311 0.15841 -0.0047283 1.84282 
1.01292 0.165114 0.00177218 1.84248 
1.01277 0.168424 0.000585864 1.84243 
1.01288 0.171766 0.00539537 1.84263 
1.01216 0.172628 0.00251049 1.84109 
1.01259 0.163825 -0.00419395 1.84178 
1.01233 0.161865 -0.00299351 1.84101 
1.01228 0.168478 -0.00261266 1.8413 
1.01245 0.167908 0.00229559 1.84147 
1.01199 0.170448 -0.000884899 1.84068 
1.01209 0.170632 0.000867526 1.84088 
1.01189 0.174233 0.00267455 1.84052 
1.01169 0.17391 0.00103035 1.84007 
1.01171 0.172217 -0.000626683 1.84005 
1.01158 0.180492 0.0061626 1.83987 
1.01153 0.175541 0.00126984 1.83971 
1.01171 0.183382 0.00489912 1.84022 
1.01187 0.188027 0.00923433 1.8406 
1.01166 0.183516 0.00703072 1.84006 
1.01223 0.188247 0.00975463 1.84147 
1.01232 0.190678 0.00887389 1.84157 
1.01205 0.188847 0.00742482 1.84095 
1.01207 0.188769 0.00809365 1.84103 
1.01195 0.187637 0.00695396 1.84073 
1.01237 0.191024 0.0104366 1.84177 
1.01223 0.191365 0.0102237 1.84141 
1.01205 0.188924 0.00881311 1.84097 
1.01232 0.192565 0.0113584 1.84162 
1.01199 0.186345 0.00818604 1.84091 
1.01227 0.192003 0.0115731 1.84151 
1.01247 0.192754 0.00998136 1.84182 
1.03626 0.128417 0.0937781 1.90547 
1.01541 0.18654 0.0114467 1.84684 
1.01511 0.18753 0.0115667 1.84633 
1.01523 0.187684 0.0108537 1.84661 
1.0117 0.185634 0.00639532 1.84016 
1.01166 0.184299 0.00574016 1.84011 
1.01174 0.184508 0.00657151 1.84029 
1.01269 0.196821 0.0116348 1.84252 
1.01242 0.192224 0.00966329 1.84176 
1.01266 0.192722 0.0099974 1.84222 
1.01239 0.191489 0.00921743 1.84168 
1.01204 0.188389 0.00749399 1.84093 
1.01569 0.195492 0.00410459 1.84852 
1.01584 0.18778 0.00810888 1.84795 
1.01545 0.193267 0.00666331 1.84775 
1.01463 0.189993 0.0104132 1.84555 
1.01489 0.188422 0.011484 1.84597 
1.0143 0.190217 0.0111317 1.84491 
1.01437 0.197988 0.0083131 1.84584 
1.01444 0.195176 0.00874104 1.8457 
1.01409 0.195668 0.00924743 1.845 
1.01293 0.198801 0.0113307 1.84295 
1.01437 0.200997 0.0084977 1.84616 
1.01494 0.198527 0.00609002 1.84713 
1.0148 0.19635 0.00702864 1.84657 
1.01266 0.199908 0.0124968 1.84252 
1.01297 0.207037 0.0149624 1.84349 
1.01309 0.199118 0.0109906 1.84325 
1.01315 0.203551 0.0122398 1.84368 
1.0124 0.207291 0.0135365 1.84205 
1.01304 0.207503 0.0106553 1.84346 
1.01389 0.203142 0.00959966 1.84526 
1.01261 0.191975 0.0100082 1.84197 
1.01277 0.192197 0.0102348 1.84229 
1.01259 0.192235 0.00994353 1.842 
1.01276 0.192685 0.0101918 1.84237 
1.01247 0.19166 0.00940183 1.84183 
1.01286 0.193529 0.0102514 1.8427 
1.01314 0.193187 0.0106156 1.84305 
1.01236 0.191072 0.00881873 1.84157 
1.01297 0.19399 0.0104779 1.84283 
1.01243 0.191635 0.00949238 1.84166 
1.01464 0.196555 0.00802548 1.8463 
1.00876 0.24004 0.00986241 1.8382 
1.01293 0.219573 0.00884549 1.84458 
1.00939 0.234621 0.0168101 1.83775 
1.01143 0.230094 0.00729533 1.8427 
1.00924 0.230957 0.0179385 1.83656 
1.02158 0.164454 -0.00615751 1.86089 
1.01966 0.168382 0.00174756 1.85584 
1.01849 0.175356 0.000883268 1.85321 
1.01944 0.177709 -0.00845482 1.85625 
1.00208 0.247338 0.00478748 1.82776 
1.00406 0.244774 -0.00987713 1.8332 
1.00307 0.238464 -0.0233782 1.83238 
1.00837 0.236092 -0.0337208 1.84414 
1.00504 0.237759 -0.0304694 1.83697 
0.999634 0.232705 -0.0197926 1.82383 
1.00296 0.233111 -0.0332787 1.83238 
1.01296 0.226312 -0.0352028 1.85165 
1.00905 0.24147 -0.0149871 1.84342 
1.00769 0.240324 -0.0241006 1.84203 
1.00637 0.243081 -0.014895 1.83798 
1.00395 0.242177 -0.017849 1.83371 
1.01024 0.238686 -0.0110635 1.84437 
1.01015 0.236224 -0.0201487 1.84503 
1.01278 0.231612 -0.0207711 1.85008 
1.0151 0.206442 -0.00288791 1.84867 
1.01596 0.190605 0.00542222 1.84855 
1.01747 0.189619 -0.00136285 1.85219 
1.01799 0.179337 0.00547336 1.85214 
1.01788 0.183209 0.0029731 1.85235 
1.01835 0.178201 0.00243624 1.85303 
1.01786 0.181667 0.00151887 1.85217 
1.01997 0.173439 -0.00493898 1.85701 
1.01879 0.180007 -0.00274345 1.85447 
1.0195 0.181525 -0.00617499 1.8566 
1.01487 0.205383 -0.000141382 1.84782 
1.01523 0.201207 0.0030969 1.84809 
1.01467 0.204216 0.00413505 1.84708 
1.01211 0.188318 0.00876025 1.84114 
1.0121 0.188355 0.00814518 1.8411 
1.01179 0.187054 0.00786138 1.84036 
1.01182 0.186264 0.00641508 1.84043 
1.0116 0.184916 0.00577428 1.83995 
1.01255 0.193074 0.0106572 1.84219 
1.0123 0.191398 0.00962909 1.84156 
1.01188 0.188864 0.00946219 1.84057 
1.01219 0.190438 0.00923934 1.84131 
1.01196 0.187036 0.00702405 1.84078 
1.01386 0.194954 0.00961965 1.84444 
1.01408 0.197808 0.0095588 1.84529 
1.0141 0.197172 0.00911332 1.84518 
1.01385 0.195316 0.00993715 1.84456 
1.01332 0.194071 0.0105834 1.84344 
1.01369 0.196065 0.010264 1.84439 
1.01359 0.19487 0.0104608 1.84407 
1.01362 0.194364 0.0104152 1.84407 
1.01351 0.193519 0.0105656 1.84377 
1.01337 0.193444 0.0106271 1.84349 
1.01347 0.192517 0.010802 1.8436 
1.01306 0.192492 0.0106577 1.84282 
1.01318 0.192838 0.0106709 1.8431 
1.01323 0.192202 0.0108714 1.84309 
1.01311 0.192239 0.0107656 1.8429 
1.01299 0.19593 0.0106252 1.84292 
1.01293 0.195773 0.0107459 1.84295 
1.01331 0.194012 0.0105764 1.8435 
1.01218 0.18961 0.00855594 1.84128 
1.01235 0.191444 0.00941086 1.84165 
1.01222 0.189909 0.00846529 1.84134 
1.01268 0.197152 0.0128902 1.84253 
1.01252 0.199914 0.0147668 1.84217 
1.01297 0.20002 0.0131858 1.8433 
1.01243 0.200761 0.0121897 1.84184 
1.01366 0.201121 0.0101437 1.8446 
1.01349 0.201173 0.0108085 1.84427 
1.01345 0.204917 0.0102329 1.84432 
1.01326 0.203239 0.0112103 1.84383 
1.01341 0.209456 0.00962306 1.84454 
1.01401 0.208663 0.00749377 1.84593 
1.01395 0.19922 0.00946663 1.84508 
1.01345 0.197765 0.0103681 1.84394 
1.01268 0.197075 0.011095 1.84238 
1.01254 0.194476 0.0107314 1.84206 
1.01252 0.195172 0.0115298 1.84213 
1.0128 0.196435 0.0112673 1.84275 
1.01337 0.197691 0.0106721 1.84385 
1.01362 0.196471 0.0103496 1.8443 
1.01323 0.195324 0.0105028 1.84336 
1.01284 0.195465 0.0106089 1.84265 
1.01267 0.194583 0.0106392 1.84232 
1.01283 0.194179 0.0103491 1.84265 
1.0123 0.193335 0.0103255 1.84151 
1.01275 0.193832 0.0103585 1.8425 
1.0125 0.192851 0.0103161 1.84207 
1.0124 0.192211 0.00969023 1.84176 
1.0123 0.190692 0.00838156 1.84146 
1.01216 0.189516 0.00792619 1.84119 
1.01235 0.190881 0.00882684 1.84162 
1.01219 0.189878 0.00786157 1.84125 
1.01261 0.192184 0.00977404 1.84211 
1.01246 0.191419 0.00919945 1.84178 
1.01229 0.190503 0.00839529 1.84147 
1.01255 0.191882 0.00978332 1.84189 
1.01334 0.192506 0.0107951 1.84336 
1.01292 0.192185 0.0104508 1.84255 
1.01325 0.192861 0.0106968 1.8432 
1.013 0.192517 0.0105455 1.84276 
1.01304 0.192932 0.0105278 1.84288 
1.01281 0.192634 0.0103052 1.84243 
1.0133 0.194353 0.0105053 1.84353 
1.01308 0.193761 0.0104975 1.84303 
1.01299 0.193045 0.0104595 1.84281 
1.01284 0.193482 0.010326 1.84258 
1.01326 0.195275 0.0105307 1.84353 
1.01285 0.192232 0.0103902 1.84242 
1.01301 0.192167 0.0107302 1.84267 
1.01355 0.192207 0.0109258 1.84372 
1.0138 0.192506 0.0106235 1.84423 
1.01363 0.191569 0.0112572 1.84376 
1.0133 0.192034 0.0110339 1.84319 
1.01351 0.191732 0.0112598 1.84355 
1.01358 0.215715 -0.064695 1.85578 
1.02104 0.207311 -0.0753002 1.87493 
1.01767 0.207564 -0.0716284 1.86469 
1.02044 0.198958 -0.0764234 1.87016 
1.02014 0.194218 -0.0720684 1.86757 
1.01379 0.193701 0.0102041 1.84427 
1.01383 0.191082 0.0114351 1.84406 
1.01371 0.191323 0.0114293 1.84388 
1.01344 0.191944 0.0110967 1.84345 
1.01386 0.191664 0.0109371 1.84424 
1.01368 0.19304 0.0104662 1.84401 
1.0141 0.193838 0.00981814 1.84497 
1.0202 0.194324 -0.0684168 1.86727 
1.01407 0.190264 0.0116488 1.84443 
1.0139 0.190817 0.0116323 1.84418 
1.0142 0.191806 0.0104148 1.84492 
1.01397 0.191256 0.0111493 1.84442 
1.01364 0.192115 0.0108997 1.84386 
1.01386 0.192155 0.0106574 1.84427 
1.01371 0.191772 0.0110395 1.84394 
1.02131 0.18712 -0.071439 1.86907 
1.021 0.186049 -0.068351 1.86787 
1.02101 0.190199 -0.0661453 1.86829 
1.01533 0.194351 0.00725456 1.84765 
1.01534 0.191131 0.00729165 1.84717 
1.0156 0.18983 0.00653425 1.84759 
1.01527 0.188078 0.00945767 1.84667 
1.0143 0.190644 0.0108114 1.84497 
1.01518 0.19069 0.00881146 1.84686 
1.01469 0.189332 0.0107488 1.84562 
1.01484 0.190236 0.00987605 1.84606 
1.01502 0.188346 0.0105451 1.8462 
1.01503 0.189833 0.00955756 1.84642 
1.01514 0.190243 0.00821536 1.84663 
1.01553 0.188562 0.0086146 1.84735 
1.01589 0.186461 0.0084001 1.84787 
1.01598 0.186315 0.0100796 1.84817 
1.01496 0.188691 0.0108505 1.84615 
1.0153 0.187029 0.0107563 1.84663 
1.0146 0.193883 0.00894016 1.84594 
1.01449 0.190641 0.0105009 1.84535 
1.01418 0.191204 0.0107498 1.84479 
1.01448 0.19203 0.00988471 1.84555 
1.01424 0.192981 0.00958753 1.84504 
1.01521 0.188828 0.00984406 1.84671 
1.01464 0.191156 0.00961417 1.8457 
1.01494 0.191792 0.00886826 1.84644 
1.01407 0.190994 0.0111024 1.84456 
1.01465 0.191417 0.00995935 1.84584 
1.01474 0.193153 0.00847954 1.84612 
1.01457 0.189261 0.0112104 1.84537 
1.0141 0.190474 0.0113387 1.84451 
1.01426 0.189798 0.0118734 1.84478 
1.01401 0.190462 0.0117859 1.84434 
1.02198 0.177025 -0.0567092 1.86803 
1.0213 0.182183 -0.0673699 1.86796 
1.02173 0.17567 -0.0649165 1.86809 
1.02497 0.156719 -0.0569608 1.8744 
1.02365 0.160691 -0.0243965 1.86709 
1.02412 0.163224 -0.0514032 1.87179 
1.02326 0.164822 -0.0455913 1.86895 
1.02268 0.171905 -0.0504815 1.86863 
1.02002 0.19075 -0.0623081 1.86542 
1.01497 0.214026 -0.0396479 1.85404 
1.0185 0.20341 -0.070373 1.86533 
1.02188 0.180311 -0.0644525 1.86895 
1.02196 0.18263 -0.0612672 1.86908 
1.02123 0.180769 -0.0575846 1.86661 
1.02127 0.19192 -0.0481763 1.86691 
1.02045 0.188759 -0.0560759 1.86545 
1.0204 0.185299 -0.0497392 1.86409 
1.02238 0.180905 -0.0439415 1.86769 
1.0188 0.193747 -0.0525773 1.86161 
1.01738 0.203495 -0.0207144 1.85534 
1.01603 0.201929 -0.0105826 1.85079 
1.01631 0.208587 -0.0161173 1.85303 
1.02109 0.168871 -0.0223239 1.86086 
1.02262 0.169982 -0.0337683 1.86597 
1.0241 0.164068 -0.0359824 1.86971 
1.02679 0.144073 -0.0216863 1.87519 
1.01468 0.218543 -0.0289593 1.85262 
1.0169 0.213186 -0.034827 1.85787 
1.01295 0.229004 -0.0300331 1.85133 
1.01344 0.218485 -0.0406734 1.85152 
1.01754 0.20644 -0.0444115 1.85948 
1.021 0.190856 -0.0735736 1.86918 
1.01855 0.196674 -0.0592247 1.86236 
1.02022 0.187845 -0.0600961 1.86524 
1.01828 0.197818 -0.0536767 1.86116 
1.01937 0.197742 -0.0734548 1.86665 
1.01881 0.199215 -0.0656535 1.86436 
1.01844 0.203581 -0.0671626 1.8646 
1.01474 0.188772 0.0116 1.84569 
1.01437 0.18952 0.0117566 1.84498 
1.01447 0.189683 0.0113408 1.84522 
1.02385 0.168311 -0.0573356 1.87212 
1.01777 0.190456 -0.00813109 1.8534 
1.02238 0.173042 -0.0624998 1.86931 
1.02345 0.168315 -0.0636036 1.87167 
1.02309 0.173364 -0.059168 1.8708 
1.02357 0.167487 -0.0535161 1.87092 
1.02213 0.176432 -0.0520722 1.86779 
1.01446 0.188992 0.0119597 1.84508 
1.02376 0.160462 -0.0604326 1.87174 
1.01496 0.187973 0.0117662 1.84606 
1.02536 0.151046 -0.0580193 1.87528 
1.01666 0.19115 0.002473 1.85032 
1.0152 0.193276 0.00536311 1.84703 
1.01586 0.194401 0.00229741 1.84875 
1.01625 0.184182 0.00901267 1.84841 
1.01664 0.186601 0.00736217 1.84972 
1.01657 0.183838 0.00819695 1.84913 
1.0173 0.179284 0.0101369 1.85033 
1.01603 0.183876 0.0113137 1.84788 
1.0157 0.185398 0.0114188 1.84733 
1.01584 0.184606 0.0117657 1.84754 
1.01558 0.185923 0.01173 1.84714 
1.02819 0.137791 -0.0560048 1.88203 
1.01611 0.184199 0.0104587 1.8481 
1.03479 0.11667 -0.0507135 1.89812 
1.02936 0.134322 -0.0413851 1.88388 
1.02513 0.153276 -0.035428 1.87207 
1.02516 0.15932 -0.0312644 1.87167 
1.02415 0.162092 -0.0418885 1.87058 
1.0263 0.153555 -0.0482586 1.87665 
1.0272 0.145336 -0.0545059 1.87956 
1.02696 0.14751 -0.0487857 1.87836 
1.02519 0.15835 -0.0527195 1.87453 
1.01599 0.185047 0.0102132 1.84797 
1.01663 0.181206 0.0116497 1.84894 
1.02826 0.133665 -0.0167561 1.87928 
1.02596 0.14672 -0.0333391 1.87407 
1.03232 0.128059 -0.0289603 1.8906 
1.03065 0.129965 -0.0506295 1.88784 
1.02994 0.11339 -0.033563 1.88542 
1.01739 0.178739 0.00932294 1.8505 
1.0187 0.173623 0.00894454 1.85355 
1.01789 0.175038 0.0116707 1.8515 
1.0169 0.180314 0.0112929 1.84948 
1.01511 0.198333 0.00436704 1.84744 
1.0157 0.185636 0.00961581 1.84732 
1.01589 0.185517 0.00900534 1.84772 
1.01696 0.182266 0.00843256 1.84988 
1.01651 0.182487 0.010178 1.84882 
1.0162 0.183006 0.0116792 1.84816 
1.01627 0.183556 0.00984136 1.84839 
1.0164 0.182156 0.0111866 1.84851 
1.01518 0.186983 0.0118355 1.84637 
1.01559 0.186958 0.0100321 1.84731 
1.01573 0.185569 0.0106836 1.84743 
1.01814 0.175169 0.00736823 1.85215 
1.01873 0.172182 0.00921149 1.85369 
1.01787 0.177463 0.00957577 1.85158 
1.01777 0.176505 0.00902757 1.85127 
1.01807 0.175893 0.0109641 1.85197 
1.01713 0.181528 0.00758575 1.85021 
1.01809 0.176717 0.00787851 1.85211 
1.01817 0.175502 0.00980997 1.85222 
1.01758 0.177524 0.0116165 1.85084 
1.01708 0.180477 0.0101561 1.84994 
1.01736 0.178621 0.0112374 1.8504 
1.01702 0.179355 0.0117681 1.84964 
1.02932 0.10661 -0.00247976 1.88523 
1.02303 0.151608 -0.00407883 1.86474 
1.024 0.145997 0.00399107 1.86783 
1.02015 0.161485 0.00537402 1.85736 
1.02804 0.142095 -0.0419103 1.88033 
1.03054 0.102334 -0.0250174 1.88774 
1.04104 0.0855838 0.0244998 1.91968 
1.01569 0.159056 0.0269749 1.85117 
1.01788 0.176842 0.0109398 1.85154 
1.01405 0.174901 0.018921 1.84729 
1.01728 0.16642 0.0170218 1.85256 
1.01726 0.171635 0.0142148 1.85213 
1.0174 0.17112 0.0131807 1.8515 
1.02309 0.157882 -0.0177272 1.86514 
1.02488 0.150252 -0.0148768 1.86966 
1.02489 0.136136 0.00050074 1.87085 
1.01919 0.154254 0.0132663 1.85614 
1.02147 0.168454 -0.00351361 1.86054 
1.02256 0.158436 -0.00138876 1.86332 
1.01868 0.172601 0.0051991 1.85346 
1.02027 0.165724 0.00495775 1.85751 
1.01907 0.168122 0.00818683 1.85464 
1.01911 0.132345 0.0551451 1.86756 
1.00432 0.169469 0.080385 1.83859 
1.01648 0.14436 0.0289392 1.85381 
1.01868 0.16792 0.0112931 1.85417 
1.02417 0.128169 0.0116027 1.87112 
1.0154 0.159532 0.0198319 1.84827 
1.01931 0.160325 0.0105673 1.8559 
1.01818 0.172259 0.0118772 1.85261 
1.01565 0.171144 0.0172862 1.84928 
1.00799 0.174189 0.028452 1.83444 
0.973937 0.235403 0.0425462 1.77151 
0.986295 0.213196 0.0575547 1.79808 
0.996709 0.21858 0.0346961 1.81904 
0.990253 0.224588 0.00716099 1.801 
0.994961 0.206846 0.00500134 1.80931 
1.00595 0.184541 0.0325857 1.83327 
1.01697 0.150266 0.0455357 1.85978 
0.996765 0.208227 0.0463867 1.81948 
0.966147 0.26179 -0.0128958 1.75357 
0.985047 0.234241 0.0209275 1.79229 
0.946116 0.254194 -0.0516341 1.70545 
0.955838 0.259404 -0.0108247 1.73066 
0.953116 0.260601 -0.0330236 1.72364 
0.978041 0.246885 0.0112533 1.77799 
0.973118 0.255734 0.00565592 1.76993 
0.966357 0.263223 -0.0345111 1.75236 
0.978823 0.246098 -0.0234173 1.77279 
0.980277 0.246266 -0.0181474 1.77697 
0.97795 0.254842 -0.0236102 1.77221 
0.969012 0.251605 0.0164367 1.76147 
0.981858 0.240841 -0.00730962 1.78158 
0.981783 0.241176 -0.0154901 1.78019 
0.982389 0.205758 -0.0235137 1.77668 
0.982552 0.230527 -0.0225965 1.77977 
0.978427 0.232596 -0.0312649 1.76954 
1.00687 0.179677 0.0466356 1.83815 
1.00342 0.20219 0.0254065 1.83064 
0.98785 0.229565 -0.00339817 1.79456 
0.98242 0.224431 -0.0191709 1.77895 
0.982415 0.217316 -0.0264904 1.77787 
1.01139 0.180979 0.0048606 1.83939 
1.01159 0.182669 0.00508383 1.83991 
1.01164 0.181632 0.00432653 1.84002 
1.01161 0.182434 0.00661824 1.83995 
1.01263 0.187366 0.0119471 1.84222 
1.0123 0.180567 0.00777824 1.84155 
1.01258 0.178798 0.0078218 1.84211 
1.01172 0.186212 0.00733577 1.84023 
1.01195 0.185741 0.00743705 1.84082 
0.999975 0.247608 0.034805 1.81692 
0.977299 0.244055 0.063773 1.77492 
0.979078 0.23478 0.0555625 1.77722 
0.982586 0.243539 0.08117 1.78863 
0.985128 0.261381 0.100997 1.79859 
0.977667 0.255647 0.0888631 1.77945 
0.977303 0.252509 0.081068 1.77741 
0.982678 0.259355 0.100007 1.79292 
0.981889 0.256988 0.105505 1.79144 
0.97593 0.25606 0.0961998 1.77624 
1.00653 0.227409 0.106021 1.83907 
0.999841 0.247756 0.0347258 1.81663 
0.999955 0.24765 0.0348722 1.81689 
1.00103 0.245927 0.034244 1.81914 
1.00018 0.247109 0.0353228 1.81736 
1.00045 0.246717 0.0348572 1.8179 
0.999888 0.247739 0.0349514 1.81676 
1.00034 0.2473 0.0343063 1.81775 
1.00018 0.247284 0.0348673 1.81735 
1.00015 0.247339 0.0347682 1.81729 
0.999201 0.248226 0.033917 1.81522 
0.999973 0.247597 0.0348532 1.81691 
1.00017 0.247451 0.0345984 1.81736 
1.00012 0.247438 0.0348084 1.81722 
1.00007 0.247482 0.0347684 1.81713 
0.997534 0.258861 0.0767376 1.81853 
0.993012 0.269559 0.0809167 1.81178 
0.99935 0.252082 0.0696672 1.81997 
0.996572 0.259674 0.0914664 1.81955 
0.999617 0.251066 0.0833865 1.82257 
1.00141 0.246128 0.0873166 1.82647 
0.991703 0.268921 0.0930576 1.81135 
0.995466 0.259376 0.046741 1.81016 
0.998892 0.253285 0.0543969 1.81737 
0.992937 0.26742 0.0562893 1.8074 
0.991957 0.273474 0.0531422 1.80675 
0.992454 0.268203 0.0437923 1.80548 
0.989689 0.273604 0.0450436 1.80067 
0.989511 0.278336 0.0569312 1.80282 
0.970444 0.308504 0.0329636 1.7686 
0.970348 0.304573 0.0214966 1.76629 
0.978121 0.298753 0.0381414 1.78218 
0.972491 0.303306 0.025587 1.77061 
0.97612 0.298709 0.0260642 1.77711 
0.981882 0.289168 0.040514 1.78736 
0.975593 0.303454 0.0456653 1.7789 
0.975133 0.302949 0.0382473 1.77703 
0.985158 0.290735 0.0629808 1.79806 
0.978539 0.30013 0.0627727 1.78659 
0.984716 0.28973 0.0553294 1.79559 
0.995678 0.253343 0.0279236 1.80833 
0.994132 0.263198 0.0940428 1.81545 
0.992334 0.274898 0.0636038 1.8092 
0.994327 0.267919 0.0639641 1.81176 
1.00778 0.237575 0.0196889 1.83426 
1.0098 0.230397 0.0209615 1.83771 
1.00732 0.234764 0.0247025 1.8323 
1.00175 0.247412 0.0317039 1.82134 
1.00275 0.243467 0.0321224 1.82282 
1.00431 0.239716 0.0308692 1.82586 
1.00324 0.241732 0.0351516 1.82373 
1.00212 0.242882 0.0382003 1.82135 
1.00159 0.244541 0.036124 1.82031 
1.00106 0.245465 0.0356927 1.81918 
1.00032 0.246845 0.035882 1.81769 
0.999866 0.247769 0.0350838 1.81674 
0.999488 0.248298 0.0347526 1.81596 
0.999991 0.247547 0.0349629 1.81696 
0.999272 0.248678 0.0348911 1.81556 
1.00016 0.247542 0.0345837 1.81735 
1.0002 0.247629 0.0345167 1.81749 
1.00052 0.24699 0.0342082 1.81813 
1.00128 0.246189 0.0332094 1.81981 
1.00024 0.247339 0.0345638 1.8175 
0.999879 0.247885 0.0361414 1.8169 
1.0014 0.245165 0.0344029 1.8199 
1.00343 0.245159 0.0288056 1.82495 
1.00389 0.241887 0.0303334 1.82529 
1.00294 0.24499 0.0306531 1.82364 
0.999181 0.24235 0.10694 1.82476 
0.999763 0.233321 0.119696 1.82825 
0.994484 0.260617 0.0994754 1.81695 
0.995134 0.255185 0.108483 1.8195 
0.99166 0.261377 0.104347 1.81222 
0.997458 0.249951 0.10251 1.82148 
0.990339 0.268303 0.0963055 1.8091 
0.991065 0.273792 0.0892957 1.81053 
0.995687 0.262015 0.085134 1.81662 
1.00708 0.241603 0.0195609 1.83353 
1.00889 0.239499 0.0128846 1.83802 
1.00943 0.235079 0.0136075 1.83822 
1.01168 0.213465 0.0177361 1.84047 
1.01235 0.217201 0.0141143 1.84254 
1.01126 0.227197 0.0158244 1.84103 
1.01233 0.224499 0.00461816 1.84412 
1.01143 0.226541 0.0128507 1.84158 
1.01117 0.230396 0.0106866 1.84179 
1.01303 0.214891 0.0086698 1.84421 
1.01204 0.220416 0.00578679 1.84265 
1.01244 0.223124 0.00020747 1.84448 
1.01448 0.216964 -0.00121703 1.84857 
1.01462 0.200804 0.00676648 1.84664 
1.01392 0.211966 0.0063374 1.84611 
1.0154 0.207957 0.00233487 1.84938 
1.00941 0.227096 0.0291802 1.83602 
1.00814 0.229364 0.0527258 1.83442 
1.00882 0.2267 0.0451928 1.83504 
1.00614 0.234439 0.0422044 1.8297 
1.00853 0.228277 0.0393959 1.8343 
1.01047 0.219545 0.0540709 1.83868 
1.01225 0.214639 0.0407132 1.84171 
1.01242 0.214575 0.0368651 1.84234 
1.0119 0.214832 0.0348228 1.84121 
1.0041 0.199229 0.0429123 1.82763 
1.01262 0.211754 0.0363438 1.84374 
1.00804 0.197585 0.0500866 1.83282 
1.01945 0.182416 0.031821 1.85949 
1.00361 0.237588 0.0601365 1.82568 
1.012 0.215183 0.0360195 1.84151 
1.01163 0.215781 0.0388718 1.84027 
1.01157 0.218431 0.0387705 1.84033 
1.01023 0.221131 0.047171 1.83774 
1.01282 0.214451 0.0474756 1.84336 
1.01074 0.217747 0.0499418 1.83872 
1.01352 0.209732 0.0472224 1.8447 
1.0137 0.209464 0.0381257 1.84516 
1.01755 0.187019 0.0765122 1.85605 
1.01596 0.196467 0.0699956 1.85175 
1.01733 0.191246 0.0553115 1.85353 
1.01625 0.193944 0.0430152 1.85072 
1.02094 0.17565 0.0703714 1.86351 
1.02106 0.172352 0.0485607 1.86254 
1.0301 0.14274 0.0344094 1.88626 
1.01785 0.182356 0.040223 1.85459 
1.01596 0.205589 0.0399709 1.85049 
1.01369 0.208359 0.0432482 1.84485 
1.01365 0.211415 0.0402055 1.84496 
1.01149 0.211903 0.0375661 1.84102 
1.01063 0.208842 0.0418114 1.83956 
1.00955 0.205322 0.0440911 1.83654 
1.00621 0.195154 0.0554802 1.82925 
1.0096 0.206783 0.0396811 1.8387 
1.01235 0.209872 0.0362862 1.84368 
1.01348 0.2097 0.0362825 1.84493 
1.01565 0.20042 0.0393622 1.84962 
1.01293 0.212128 0.0360749 1.84379 
1.03976 0.0785391 0.0472114 1.91341 
1.0209 0.168887 0.02472 1.8639 
1.02043 0.178501 0.0171487 1.86556 
1.01101 0.2165 0.0581139 1.83994 
1.01117 0.219941 0.0299146 1.83943 
1.01159 0.217427 0.03475 1.8404 
1.01106 0.221597 0.0318835 1.83934 
1.01005 0.221621 0.0422308 1.83709 
1.00986 0.225508 0.0349189 1.83696 
1.01 0.224133 0.0376225 1.83716 
1.00859 0.227996 0.0359709 1.83428 
1.00181 0.236894 0.104392 1.82907 
1.00349 0.223984 0.119441 1.83507 
0.999411 0.24163 0.114487 1.8277 
0.992064 0.263846 0.0999277 1.81251 
1.00685 0.213002 0.125284 1.84317 
1.00505 0.18795 0.153361 1.84366 
0.991642 0.223337 0.143667 1.81488 
0.996604 0.224339 0.133596 1.8233 
0.978316 0.255259 0.104776 1.78285 
0.988422 0.255655 0.111472 1.80622 
0.985725 0.248166 0.121154 1.80095 
1.02163 0.143671 0.142586 1.87807 
0.996371 0.203243 0.154444 1.82489 
1.01471 0.179583 0.130928 1.86029 
1.01199 0.202258 0.118033 1.85219 
0.99479 0.230207 0.135841 1.8215 
0.977556 0.251011 0.114202 1.7815 
0.98532 0.254219 0.113068 1.79979 
0.982095 0.245855 0.123606 1.79275 
1.01195 0.216482 0.0848949 1.84616 
1.0139 0.200851 0.0916605 1.85034 
1.00905 0.217407 0.0934395 1.84079 
1.00013 0.247654 0.0346334 1.8173 
1.00005 0.247639 0.0346808 1.81715 
1.00009 0.247661 0.0342381 1.81738 
1.00497 0.236425 0.0410131 1.82716 
1.00276 0.240317 0.0421355 1.82262 
1.00398 0.238618 0.038296 1.82502 
1.00748 0.232027 0.0364216 1.83228 
1.00233 0.241688 0.0437035 1.82198 
1.00995 0.224136 0.0323426 1.83693 
1.01156 0.218722 0.0369882 1.84034 
1.00023 0.247672 0.0343901 1.81759 
1.00088 0.246895 0.0335392 1.819 
1.00036 0.246975 0.0346987 1.81773 
1.03225 0.109257 0.133071 1.90175 
1.01086 0.22028 0.0806909 1.8431 
1.00647 0.224466 0.0973634 1.83636 
1.00564 0.232438 0.0927423 1.83483 
1.03755 0.10689 0.102518 1.91093 
1.02395 0.145263 0.0697325 1.87119 
1.03689 0.11388 0.0266453 1.90493 
1.03902 0.0757239 0.0820478 1.91328 
1.01455 0.187787 0.11722 1.85693 
1.01321 0.204994 0.0504749 1.84375 
