0.980614 0.234912 -0.0966561 1.78115 
1.00013 0.247478 0.0347035 1.81727 
1.0141 0.190879 -0.0170421 1.83946 
0.944194 0.257026 0.135327 1.71051 
0.94843 0.263087 0.127743 1.72096 
0.944215 0.31214 0.145245 1.72736 
0.945279 0.279203 0.135947 1.71911 
1.01259 0.186015 0.0780693 1.83756 
0.999228 0.249765 0.0370143 1.81569 
1.0245 0.110064 0.105819 1.86226 
0.919997 0.351017 0.129211 1.68142 
0.928008 0.351758 0.125004 1.69869 
0.921283 0.358418 0.113956 1.68495 
0.923384 0.35227 0.12182 1.68892 
1.01204 0.196239 -0.0119782 1.83528 
1.0201 0.10772 0.0836019 1.85369 
1.02001 0.108411 0.0833132 1.85355 
1.02028 0.108437 0.08409 1.85369 
1.02006 0.108073 0.0836089 1.85355 
1.00389 0.234555 0.0280061 1.82324 
1.02092 0.129613 0.088411 1.84943 
1.01549 0.15717 0.115626 1.84255 
1.0207 0.11775 0.112921 1.84995 
1.02002 0.133739 0.10594 1.84946 
1.00362 0.236624 0.0179714 1.82284 
0.990633 0.278109 0.0431744 1.80242 
1.02203 0.148942 -0.0456971 1.85239 
1.00175 0.242827 0.0250523 1.81995 
1.01914 0.151505 0.0770848 1.84757 
1.01868 0.165127 -0.0147068 1.84593 
1.01404 0.19092 -0.0209602 1.83932 
1.02283 0.144553 -0.0361713 1.85339 
0.906676 0.399485 0.205353 1.67086 
0.900943 0.385378 0.23895 1.6605 
0.917647 0.367632 0.221329 1.69027 
0.907717 0.388548 0.222307 1.67355 
1.02418 0.117543 0.0777499 1.85384 
1.02502 0.119806 0.0752993 1.85583 
1.00536 0.220373 0.0381506 1.82402 
1.0002 0.247839 0.0345845 1.81753 
1.02112 0.150019 -0.0408037 1.85009 
0.990993 0.275451 0.0171216 1.80169 
0.879787 0.422797 0.182066 1.61867 
0.878466 0.394036 0.246793 1.61782 
0.925334 0.393044 0.187788 1.70571 
0.896368 0.410038 0.210333 1.65543 
1.0001 0.24745 0.0347828 1.81717 
1.00167 0.2412 0.0356012 1.81956 
0.990195 0.28018 0.0328162 1.80162 
1.0214 0.148518 0.0708509 1.85242 
1.01583 0.104497 0.14507 1.84405 
1.01773 0.111173 0.12475 1.84817 
1.01438 0.120496 0.139214 1.84341 
1.01666 0.112601 0.136266 1.84691 
0.979499 0.262765 -0.0675281 1.78219 
1.01755 0.15751 0.0601079 1.8438 
1.0169 0.181985 0.018485 1.84373 
1.01662 0.184174 0.0286436 1.84349 
1.01813 0.176095 0.0224344 1.84595 
1.01704 0.180738 0.0230902 1.844 
1.02423 0.112475 0.0851992 1.85593 
1.02479 0.108954 0.0854924 1.85652 
1.02516 0.113708 0.0819927 1.85684 
1.02456 0.111764 0.0843958 1.85594 
0.956734 0.317243 -0.0327228 1.7439 
0.955113 0.320324 -0.0614728 1.7422 
0.952658 0.344239 -0.044087 1.74086 
0.955141 0.326575 -0.045164 1.74301 
1.01408 0.182204 -0.0724044 1.83891 
1.01422 0.182822 0.0195013 1.83822 
1.02055 0.116219 0.0878079 1.85206 
1.02401 0.129629 0.107458 1.85888 
1.00196 0.239454 0.0364646 1.8199 
0.995517 0.260902 0.0466982 1.8098 
0.984831 0.230114 -0.0776345 1.78858 
1.01894 0.171966 0.0108954 1.84727 
1.01279 0.187907 0.0311671 1.83585 
0.985917 0.281484 0.0830721 1.79451 
1.03136 0.0745797 -0.0030827 1.86541 
1.03088 0.0903455 0.0120225 1.86499 
1.03247 0.0697768 0.0173259 1.86735 
1.03222 0.0786819 0.0088419 1.86746 
1.01731 0.17936 0.0100597 1.84437 
0.999402 0.248143 0.0281253 1.81593 
1.01953 0.166296 0.0136824 1.84802 
1.01781 0.176947 0.00942976 1.84524 
1.02404 0.137941 -0.0389564 1.85555 
0.955967 0.352787 0.121747 1.75128 
1.00037 0.246705 0.0329346 1.81761 
1.02565 0.131548 -0.00317643 1.85664 
1.02773 0.123776 -0.0117218 1.86086 
0.999597 0.248465 0.0321776 1.81621 
1.00113 0.24304 0.036034 1.81868 
1.01604 0.185543 0.0170338 1.84183 
1.01406 0.194672 0.0184689 1.83846 
1.01466 0.191096 0.0275482 1.83928 
1.01583 0.190132 0.0203521 1.84171 
1.02999 0.0846688 -0.0111511 1.86283 
1.0278 0.104582 -0.0114177 1.85895 
1.03032 0.0988721 0.0054008 1.86444 
1.02982 0.0969426 -0.00575186 1.86326 
1.00318 0.237077 0.0147194 1.82215 
1.01838 0.17699 0.00723217 1.84614 
1.00015 0.247317 0.0336666 1.81725 
1.01405 0.191796 -0.00427931 1.83938 
1.02032 0.159706 -0.0170532 1.8491 
1.00025 0.247728 0.034438 1.8176 
0.973411 0.318034 0.0636165 1.77355 
0.978545 0.298349 -0.0246529 1.78175 
1.01774 0.139598 0.0990177 1.84218 
1.00119 0.231394 0.0783435 1.81853 
1.01848 0.172248 0.00830931 1.84609 
1.00955 0.214602 0.0103452 1.83253 
0.999689 0.247942 0.0344696 1.81628 
1.01934 0.146501 0.0911262 1.84746 
0.963989 0.155666 0.120492 1.73661 
0.969713 0.145299 0.0871331 1.7457 
0.966673 0.14421 0.0509986 1.73378 
0.963632 0.139961 0.0809096 1.72944 
0.991168 0.232869 -0.0505953 1.80064 
0.983528 0.236519 -0.0322821 1.78638 
0.979661 0.250629 -0.0207273 1.77953 
0.98256 0.237602 -0.0141741 1.78405 
0.981933 0.241739 -0.0217758 1.78324 
1.02108 0.138874 0.0951313 1.85004 
0.992891 0.27468 0.0251001 1.80639 
0.961048 0.304939 -0.056699 1.7517 
0.961786 0.306131 -0.0324921 1.75264 
0.967032 0.295413 -0.0422269 1.76138 
0.962563 0.301751 -0.0430291 1.75337 
0.994474 0.269761 0.0101603 1.80832 
0.999991 0.247343 0.033498 1.81696 
0.941801 0.347923 0.142688 1.72739 
0.94357 0.343433 0.147084 1.73009 
1.01386 0.187006 0.00523165 1.83796 
1.02446 0.125065 0.0748045 1.85506 
1.00087 0.244264 0.0351633 1.81831 
1.03026 0.0200705 0.000877441 1.86243 
1.03011 0.0389016 -0.0150218 1.86252 
1.03105 0.0503063 0.0076566 1.86471 
1.03116 0.0361391 -0.00243724 1.86489 
0.984679 0.221529 -0.146684 1.78889 
1.02085 0.159351 0.00624584 1.84997 
1.02166 0.15465 0.00814995 1.85124 
1.0216 0.155871 0.00189148 1.85131 
1.0212 0.156319 0.00558502 1.85037 
0.950912 0.229168 0.118522 1.71688 
0.94577 0.223069 0.131345 1.70497 
0.952553 0.188272 0.116707 1.71167 
0.950165 0.21244 0.120138 1.71129 
1.0141 0.191054 -0.04437 1.83987 
1.0171 0.178695 0.00985759 1.84397 
1.01646 0.17619 -0.0135691 1.84243 
0.994749 0.267549 0.0278671 1.80898 
0.974389 0.286727 -0.0391104 1.77338 
0.999518 0.249209 0.0347786 1.81618 
1.01937 0.168996 0.0103311 1.8477 
1.01907 0.167564 0.00892767 1.84676 
1.01897 0.170248 0.0125848 1.84689 
1.01847 0.172274 0.011264 1.84595 
1.01861 0.172285 0.0137299 1.84628 
1.01885 0.171438 0.0124949 1.84675 
0.920696 0.377596 0.0837645 1.68468 
1.01184 0.199842 0.00449347 1.83535 
1.03062 0.0929518 0.0218839 1.86469 
1.03019 0.0893467 0.0375741 1.86379 
1.03227 0.0740723 0.0277516 1.86724 
1.03106 0.0853019 0.0287926 1.86522 
0.988392 0.200868 -0.031365 1.79119 
0.985361 0.225999 -0.0381526 1.78908 
0.985205 0.223384 -0.0152699 1.78798 
0.986862 0.216656 -0.0318511 1.7911 
1.01214 0.195514 -0.027783 1.83535 
1.02039 0.140406 0.0750974 1.84829 
0.988945 0.249478 -0.0515961 1.79821 
0.977513 0.261843 -0.0258288 1.77688 
0.976512 0.263769 -0.0323584 1.77508 
0.976079 0.272389 -0.028495 1.77544 
0.976528 0.265923 -0.0289887 1.77534 
1.00212 0.138806 -0.10629 1.81325 
0.973784 0.270144 -0.00423812 1.77037 
0.975979 0.264988 0.0192772 1.77496 
0.97976 0.248109 0.00369229 1.77989 
0.975984 0.260737 0.00575035 1.77379 
1.01914 0.111643 0.107409 1.85084 
1.02019 0.110272 0.0974047 1.85237 
1.01863 0.115632 0.100291 1.8509 
1.01947 0.112523 0.101619 1.85179 
0.974517 0.284615 -0.0492769 1.7743 
1.03265 0.0248421 0.00161871 1.86708 
1.03105 0.0591666 -0.00784911 1.86395 
1.03397 0.055448 0.0164717 1.87047 
1.03249 0.0475776 0.00322352 1.86699 
0.992391 0.243468 0.141419 1.80672 
0.894494 0.35562 0.2795 1.64673 
0.894643 0.304192 0.322307 1.64363 
0.920936 0.337875 0.297634 1.70312 
0.903811 0.335986 0.300815 1.66707 
1.00068 0.245787 0.0312781 1.81806 
0.991446 0.201873 -0.0959376 1.79914 
1.01775 0.172166 0.00386238 1.84455 
1.00445 0.22709 -0.00716544 1.8246 
1.01098 0.18263 -0.0724452 1.83485 
0.9715 0.291904 -0.0329377 1.76827 
1.00502 0.229517 0.0254944 1.82481 
1.01594 0.171276 0.0336398 1.84088 
0.999075 0.250939 0.0352945 1.81554 
1.02692 -0.0311633 0.0660316 1.85729 
1.02913 -0.00421141 0.0265779 1.85994 
1.03101 0.0164282 0.0638565 1.86535 
1.02985 -0.00590862 0.0515369 1.86263 
1.01753 0.139032 0.0969173 1.84694 
0.981458 0.305908 0.00868951 1.78715 
0.939617 0.30706 0.121352 1.71134 
0.94548 0.278222 0.105172 1.71498 
0.940773 0.275534 0.0980123 1.702 
0.942602 0.287754 0.10889 1.71125 
1.02787 0.116802 0.0333781 1.86117 
1.02917 0.100074 0.0381895 1.86243 
1.02983 0.103254 0.0241065 1.86393 
1.02885 0.106756 0.0319563 1.8622 
1.02535 0.107538 0.0834817 1.85695 
1.02609 0.107614 0.0781136 1.85765 
1.02539 0.112265 0.0794505 1.85668 
1.02564 0.109159 0.080232 1.85713 
0.99761 0.246805 0.0140813 1.8119 
0.970686 0.279304 -0.0423647 1.76612 
1.00196 0.23998 0.0388674 1.82011 
0.938246 0.37445 0.0934775 1.72084 
1.00029 0.247388 0.0343664 1.81761 
1.00015 0.247345 0.0346953 1.81727 
1.00007 0.247257 0.0335069 1.8171 
1.0012 0.245493 0.0288152 1.81927 
0.955732 0.220925 0.103283 1.72481 
0.959478 0.187359 0.085359 1.7249 
0.95642 0.204532 0.0809352 1.72063 
0.954887 0.203623 0.089729 1.71747 
1.01454 0.181476 0.119025 1.84497 
1.02804 0.113485 -0.00663603 1.8604 
1.02812 0.125735 0.00756763 1.86212 
1.02912 0.108087 0.00978727 1.86238 
1.02842 0.115467 0.00485069 1.8615 
1.01971 0.110216 0.0877857 1.85351 
0.999943 0.247578 0.0356873 1.81686 
1.03247 0.0115691 0.0207285 1.86655 
1.03348 0.0463159 0.0290042 1.86877 
1.03345 0.0205592 0.048339 1.86864 
1.03522 0.0269883 0.0325772 1.87297 
1.01645 0.177328 0.00941055 1.84252 
1.00064 0.244898 0.0370858 1.81797 
1.02753 0.109555 -0.00389723 1.86006 
1.0265 0.11584 -0.0117475 1.85824 
1.0261 0.121966 -0.00509662 1.8579 
1.02651 0.115772 -0.00696455 1.85821 
1.02627 0.100275 -0.0420243 1.85723 
1.02539 0.1076 -0.0442301 1.85577 
1.02664 0.109022 -0.036795 1.8586 
1.02627 0.105705 -0.0409784 1.85765 
1.0059 0.225575 0.0357565 1.82641 
0.999719 0.248012 0.0343989 1.81636 
0.999232 0.250216 0.0348844 1.81574 
0.94641 0.286176 0.112825 1.7204 
0.940462 0.318181 0.128339 1.71767 
0.945191 0.311737 0.130083 1.72706 
0.945027 0.305911 0.124396 1.72434 
0.994385 0.194904 -0.0639561 1.80339 
0.97522 0.321402 0.0515148 1.77833 
0.994938 0.190366 -0.0962003 1.80439 
1.02143 0.156134 0.0110775 1.85087 
1.02056 0.159966 0.00853639 1.84929 
1.02071 0.160506 0.0134949 1.84974 
1.02096 0.158883 0.0109725 1.85013 
1.02676 0.0957624 0.0682665 1.85888 
1.02391 0.117176 0.0782846 1.85464 
1.02415 0.100731 0.0977762 1.85516 
1.02452 0.103962 0.0812157 1.85498 
1.01857 0.168743 0.0135986 1.84612 
1.00029 0.246829 0.0347281 1.8175 
1.02333 0.128379 -0.048323 1.85298 
1.01698 0.179774 0.0338875 1.84392 
1.0194 0.166609 0.0324602 1.84785 
1.01861 0.172749 0.025003 1.84665 
1.01824 0.172943 0.0307919 1.84593 
0.980114 0.306704 -0.0172487 1.78595 
1.026 0.125437 0.050108 1.85849 
1.02453 0.125993 0.0427963 1.85472 
1.02009 0.110952 0.0938953 1.85266 
1.0194 0.113314 0.0910589 1.85235 
1.01875 0.115361 0.0958074 1.85118 
1.01923 0.113064 0.0934969 1.85161 
1.00075 0.23854 0.0146953 1.81745 
1.0234 0.127643 0.0847899 1.8532 
0.944292 0.334179 0.152528 1.72693 
1.01312 0.192136 0.00157723 1.83708 
0.961174 0.157761 0.0740152 1.72291 
0.962905 0.149133 0.103614 1.73066 
0.96139 0.149254 0.0582427 1.72118 
0.961203 0.146639 0.073483 1.72184 
0.972706 0.199488 0.264869 1.77723 
0.984501 0.153448 0.258884 1.79446 
0.985737 0.190321 0.232245 1.80039 
0.982245 0.180863 0.252647 1.79359 
1.00842 0.208265 0.0483227 1.82953 
1.0009 0.244188 0.0343149 1.81835 
1.01724 0.172736 -0.0245717 1.84392 
0.881655 0.334062 0.318716 1.62313 
0.898636 0.237313 0.370708 1.65033 
0.939912 0.283479 0.30655 1.73158 
0.907344 0.293379 0.341793 1.67505 
1.02624 0.120436 0.00885241 1.85808 
1.027 0.110652 0.00246074 1.85884 
1.02583 0.123163 -0.000391654 1.85735 
1.02656 0.118273 0.00374662 1.85861 
1.0001 0.247557 0.0342668 1.81723 
0.958548 0.342191 0.130823 1.7547 
1.01766 0.171513 0.000507593 1.84436 
0.974729 0.272649 -0.0169381 1.77254 
0.976381 0.263647 -0.0209696 1.77444 
0.975527 0.274028 -0.0264104 1.77437 
0.975454 0.270197 -0.0216812 1.7736 
1.01956 0.147616 0.0553577 1.84699 
0.989082 0.283887 0.0512728 1.80072 
1.02484 0.131513 0.0402578 1.85656 
1.01619 0.1749 0.10124 1.84588 
0.927111 0.364372 0.111157 1.69847 
0.931532 0.364786 0.119022 1.70791 
1.01488 0.185849 0.0106144 1.84032 
1.01913 0.168878 0.0223018 1.84722 
1.0197 0.163003 0.0278419 1.84785 
1.02003 0.163375 0.0193076 1.84852 
1.01993 0.16519 0.0231112 1.84864 
1.01764 0.119325 0.134559 1.84516 
1.01079 0.166112 0.135642 1.83479 
1.00668 0.152552 0.171535 1.82812 
1.01233 0.146157 0.148039 1.8374 
1.01956 0.104056 0.120769 1.85042 
1.01902 0.0942003 0.139328 1.84914 
1.02213 0.0897402 0.121018 1.85356 
1.01969 0.0959756 0.126994 1.84961 
1.01672 0.176947 0.0110892 1.84319 
1.00402 0.208915 0.117845 1.82449 
0.999641 0.24852 0.0383913 1.81645 
0.991664 0.140518 0.239901 1.80535 
0.99993 0.146053 0.199272 1.82 
0.991041 0.176273 0.21757 1.80766 
0.996156 0.155209 0.21901 1.8157 
0.976468 0.29636 -0.0281246 1.77841 
1.01148 0.203147 -0.0334009 1.83475 
1.01866 0.173993 0.0121092 1.84667 
1.01836 0.174769 0.0133703 1.84605 
1.01874 0.173707 0.0138061 1.84681 
1.01857 0.174126 0.0132471 1.84646 
1.02321 0.144116 -0.0282921 1.85404 
1.02209 0.153325 0.0014184 1.85213 
1.02206 0.151518 0.0081387 1.85175 
1.02309 0.146223 0.00467043 1.85355 
1.02234 0.150409 0.00475157 1.85229 
1.03067 0.0725997 0.0649232 1.86502 
1.03042 0.086764 0.0536497 1.86479 
1.02917 0.0857778 0.0680302 1.86243 
1.02938 0.0813999 0.062051 1.86222 
0.956612 0.340284 0.142317 1.75267 
1.02038 0.108713 0.0845699 1.85359 
1.01997 0.108795 0.0836583 1.85344 
1.02022 0.109027 0.0853333 1.8535 
1.0202 0.108727 0.0843889 1.8536 
0.997163 0.254543 0.0560488 1.81268 
0.999779 0.247903 0.034385 1.81649 
0.999714 0.248288 0.0328033 1.81643 
1.01826 0.175553 0.0134493 1.84592 
1.01792 0.178138 0.0140053 1.84557 
1.01868 0.174885 0.0147892 1.84689 
1.01812 0.17618 0.0142807 1.84569 
1.01746 0.165571 -0.063743 1.84449 
1.02214 0.130488 0.0903645 1.85152 
1.0205 0.115034 0.0896693 1.85336 
1.03011 0.0833068 0.0460878 1.86333 
1.03066 0.0668561 0.058278 1.86407 
1.03217 0.0669009 0.0378688 1.86673 
1.03161 0.0722039 0.0471613 1.86623 
1.02083 0.15654 -0.0392214 1.85035 
1.00002 0.245783 0.0426679 1.81687 
1.00031 0.246838 0.0344214 1.81754 
0.92639 0.315278 0.306249 1.7099 
0.905293 0.283872 0.338148 1.66662 
0.932454 0.276888 0.323227 1.7172 
0.925284 0.297579 0.324103 1.70848 
1.00015 0.247692 0.0344473 1.81735 
0.999693 0.248162 0.0374797 1.81645 
0.999943 0.247656 0.0354118 1.81687 
1.01739 0.181126 0.0109919 1.84464 
1.01648 0.174218 -0.0625988 1.84343 
1.0191 0.0815698 0.143128 1.84752 
1.02365 0.0569161 0.126872 1.85348 
1.02302 0.0805911 0.1226 1.85425 
1.02247 0.0731283 0.131541 1.85311 
0.908355 0.429523 0.0164747 1.66763 
0.902255 0.434252 0.0450042 1.65735 
0.92475 0.433628 0.0333167 1.70411 
0.911403 0.433309 0.0309928 1.67616 
1.0007 0.243315 0.0252809 1.81807 
1.01087 0.205563 -0.0090509 1.834 
1.02125 0.159507 0.000453233 1.84992 
1.01754 0.1775 0.009104 1.84475 
1.00551 0.224841 0.0292729 1.82509 
1.00024 0.247438 0.0345739 1.81751 
1.01722 0.178809 0.0103448 1.8443 
0.989229 0.211732 -0.108207 1.79663 
1.02404 0.12813 0.0802927 1.85468 
0.97112 0.276989 0.0203208 1.76633 
0.970308 0.27763 -0.0021151 1.76409 
0.96612 0.29102 0.0101371 1.75809 
0.970581 0.281489 0.00906683 1.76622 
0.998476 0.252231 0.0376716 1.81447 
1.02334 0.131392 0.0595795 1.85351 
0.950136 0.347294 -0.123767 1.73704 
1.01903 0.15694 -0.0591868 1.84678 
0.997101 0.256148 0.0495306 1.8126 
1.0142 0.123823 0.0956575 1.84554 
1.00017 0.247729 0.0345429 1.81741 
1.01629 0.177098 0.00823502 1.84212 
1.02092 0.15794 0.0394265 1.85053 
1.02013 0.160882 0.0555588 1.84963 
1.02229 0.148696 0.0453309 1.8528 
1.02026 0.155377 0.04642 1.84874 
1.01838 0.174472 0.00942213 1.84621 
1.02008 0.107655 0.083974 1.85356 
1.02039 0.108778 0.0843326 1.85366 
1.02011 0.108922 0.0845385 1.85326 
1.02013 0.108276 0.0841032 1.85339 
0.993298 0.203679 -0.0542088 1.80224 
0.996375 0.212694 0.163278 1.82036 
0.988788 0.207695 0.194056 1.80518 
0.994761 0.194896 0.170826 1.8139 
0.992856 0.210185 0.173017 1.81218 
1.0032 0.228826 0.0646081 1.82191 
1.02276 0.137772 0.0581705 1.8534 
0.999646 0.247732 0.0344041 1.81612 
0.999922 0.246984 0.031708 1.81686 
1.02377 0.130969 -0.0380123 1.85388 
0.999854 0.247789 0.0359014 1.8167 
0.999437 0.247748 0.029835 1.81589 
1.00032 0.246297 0.0314127 1.81739 
0.98261 0.217874 0.204884 1.79493 
0.985863 0.19688 0.157623 1.79607 
0.971555 0.200724 0.181255 1.76747 
0.980855 0.216029 0.190192 1.79093 
1.00014 0.247461 0.0339673 1.81725 
1.01267 0.194577 -0.0626956 1.83751 
1.01566 0.180002 0.016917 1.84132 
1.0044 0.226535 0.0808218 1.82451 
1.01078 0.196281 0.10592 1.83638 
1.01386 0.183225 0.0773114 1.83885 
1.01195 0.20244 0.0894883 1.83882 
1.0089 0.129439 0.168404 1.8347 
1.01374 0.107385 0.15673 1.84095 
1.01298 0.12521 0.14845 1.84184 
1.01156 0.120623 0.157833 1.83831 
0.999657 0.24862 0.0345434 1.81637 
1.00027 0.247288 0.0346039 1.81757 
1.00109 0.245186 0.0300272 1.81888 
1.00086 0.244913 0.0323918 1.81832 
1.01863 0.157573 0.0292092 1.84526 
1.01237 0.200604 -0.0585634 1.83785 
1.01405 0.187815 0.0186814 1.83869 
0.998591 0.244547 0.0205089 1.81376 
1.01291 0.19414 0.0295719 1.83726 
0.99957 0.247709 0.0316316 1.81609 
0.994751 0.208092 -0.0381485 1.80365 
1.01173 0.201181 0.0432568 1.83615 
0.974424 0.301035 -0.0279793 1.77537 
1.03149 0.0168209 0.0204339 1.86555 
1.03176 0.0505505 0.0231358 1.86646 
1.03121 0.0341233 0.050633 1.8652 
1.03197 0.0342267 0.031815 1.86676 
1.0137 0.187989 0.0387427 1.83838 
1.02215 0.119611 0.0882697 1.85309 
1.02616 0.121964 0.0645699 1.85867 
1.02483 0.121178 0.0593087 1.85515 
1.02777 0.0808758 -0.0363502 1.85924 
1.02689 0.0914266 -0.0394624 1.85794 
1.02819 0.0929004 -0.0296837 1.86075 
1.02783 0.0884001 -0.0351973 1.85986 
1.01495 0.179398 -0.0640277 1.84065 
1.00872 0.210147 0.0579347 1.83121 
1.00046 0.246207 0.0333207 1.81771 
1.01839 0.170092 -0.0295665 1.84637 
1.01928 0.153029 0.0535921 1.84708 
0.962029 0.299715 -0.147826 1.75401 
0.996804 0.261394 0.0329086 1.81254 
1.02076 0.160308 0.019033 1.84986 
1.021 0.158276 0.0268716 1.85034 
1.02155 0.154684 0.0213925 1.85104 
1.02062 0.157635 0.0223217 1.84916 
1.01824 0.176558 0.011605 1.84604 
0.940072 0.334428 0.149074 1.72269 
0.935716 0.3454 0.1414 1.71472 
0.934441 0.317489 0.144604 1.70627 
0.936878 0.335211 0.147109 1.71617 
1.02901 0.104019 0.0441146 1.8627 
1.02784 0.118941 0.0385182 1.86168 
1.02723 0.117562 0.0495247 1.86031 
1.0275 0.112996 0.0437233 1.86014 
1.01779 0.175396 0.00828939 1.845 
1.02407 0.138507 0.0422799 1.85613 
0.999169 0.185465 -0.0608576 1.8109 
1.02405 0.104801 0.0907823 1.85643 
1.02191 0.10671 0.094279 1.85372 
1.02316 0.102852 0.0962285 1.85522 
1.02303 0.104623 0.0938705 1.85505 
1.01449 0.181901 -0.0722208 1.84018 
0.989689 0.265943 0.089795 1.79995 
0.978546 0.316439 0.00542053 1.78359 
1.01908 0.174496 0.00807044 1.84756 
1.01617 0.177582 -0.06099 1.84319 
0.99977 0.248051 0.0394993 1.81669 
1.01825 0.175414 0.0112496 1.84592 
0.999758 0.248362 0.033961 1.81653 
1.02009 0.117559 0.0917549 1.8519 
1.01874 0.156476 0.0641956 1.84593 
1.02115 0.138251 0.0672925 1.84957 
1.02114 0.144127 0.0506809 1.84947 
1.02168 0.145949 0.0607045 1.85156 
0.976654 0.287754 -0.0329042 1.77886 
0.976888 0.284891 -0.0305074 1.77856 
1.01632 0.157452 0.0689742 1.84117 
0.999897 0.247639 0.0342449 1.81673 
1.01137 0.192843 0.0454009 1.83376 
1.01725 0.179999 0.0105136 1.84434 
1.0336 0.0543147 0.0398626 1.86955 
1.0317 0.0558709 0.0622834 1.8661 
1.03325 0.0345107 0.0588447 1.86863 
1.03247 0.048469 0.0534845 1.86693 
1.00022 0.246996 0.0351066 1.81738 
1.02259 0.136334 0.089542 1.85257 
0.953882 0.231734 0.302585 1.7478 
0.92828 0.186578 0.373578 1.70794 
0.968082 0.146879 0.310704 1.76775 
0.95554 0.193138 0.333663 1.75483 
0.932011 0.36663 0.0373493 1.70394 
1.007 0.219643 0.0157772 1.82734 
0.96379 0.349785 0.0286912 1.76093 
0.94038 0.376153 0.079665 1.72492 
1.00013 0.247116 0.0358903 1.81722 
1.00031 0.247319 0.0343952 1.81765 
1.01099 0.201163 0.0346049 1.83398 
1.01157 0.13103 0.0886848 1.84064 
0.972431 0.325816 0.0252473 1.77201 
1.01527 0.180914 -0.0156331 1.84041 
1.01747 0.170936 -0.0179976 1.84403 
1.01828 0.174852 0.0128171 1.84586 
1.01843 0.174804 0.0121204 1.84624 
0.97704 0.308915 0.0668425 1.77978 
0.999449 0.249266 0.0365172 1.81609 
0.922761 0.341724 0.16911 1.68899 
0.911125 0.389141 0.193591 1.67681 
0.92031 0.348283 0.19912 1.6882 
0.916878 0.360967 0.187824 1.68224 
1.00043 0.246442 0.033815 1.81772 
0.955422 0.358935 0.0972283 1.74924 
1.01863 0.171261 0.00992036 1.84624 
1.01928 0.169978 0.010833 1.84763 
1.01009 0.0700257 0.204847 1.83301 
1.00049 0.133481 0.21144 1.81724 
0.992286 0.109208 0.255269 1.80406 
1.00276 0.104076 0.22456 1.8218 
1.01733 0.175271 -0.00693613 1.84434 
1.01904 0.153745 0.0315468 1.84575 
1.01427 -0.0505849 0.154681 1.83659 
1.02388 0.0166489 0.137459 1.85369 
1.01392 0.009773 0.188717 1.83764 
1.02315 -0.00692892 0.162767 1.85672 
1.02654 0.109606 0.0751755 1.85856 
1.02622 0.116762 0.0731725 1.8583 
1.02544 0.113683 0.0769078 1.85649 
1.02598 0.113084 0.0750075 1.85748 
0.923467 0.378397 0.0987452 1.69254 
1.01531 0.182597 -0.0643516 1.84213 
1.02181 0.14955 -0.0253147 1.85131 
0.992145 0.247053 0.13922 1.80536 
1.00478 0.209439 0.123614 1.82604 
0.997102 0.239933 0.0962694 1.81117 
0.999493 0.233352 0.120193 1.81769 
0.9783 0.253964 -0.0265646 1.77712 
0.981218 0.242744 -0.0372466 1.78229 
0.977797 0.257774 -0.0343984 1.77717 
0.978446 0.251501 -0.0320953 1.77722 
1.01592 0.180012 -0.0366705 1.84226 
1.00031 0.247584 0.034391 1.81771 
0.996126 0.262173 0.00813189 1.81057 
1.00709 0.140811 0.166183 1.83247 
1.01053 0.133591 0.146414 1.83735 
1.00858 0.149008 0.146311 1.83574 
1.00894 0.141598 0.152725 1.83569 
0.972303 0.276033 -0.0411542 1.76893 
0.998051 0.196336 0.139584 1.81854 
0.995464 0.208239 0.149449 1.81459 
0.998209 0.194082 0.158792 1.82074 
0.997734 0.199679 0.149286 1.81933 
0.98511 0.207581 -0.122792 1.78559 
0.946608 0.320915 0.146108 1.73515 
0.949536 0.277559 0.127707 1.72748 
0.947691 0.312008 0.137064 1.73407 
0.946992 0.304405 0.137954 1.73034 
1.02149 0.154593 0.0139161 1.85079 
1.02051 0.159063 0.0161052 1.84902 
1.02119 0.154012 0.0190077 1.84998 
1.02135 0.155964 0.0164141 1.85066 
1.01942 0.162683 -0.0348867 1.84772 
1.00801 0.164296 0.117322 1.83453 
1.00376 0.181067 0.128488 1.82831 
1.0075 0.162575 0.133213 1.83455 
1.00679 0.169161 0.126566 1.83337 
1.02522 -0.0275285 0.105556 1.85618 
1.02893 0.020627 0.0902347 1.8618 
1.02269 0.0171766 0.147736 1.85283 
1.02759 0.00268889 0.114555 1.86128 
0.978193 0.257407 0.0346318 1.77783 
0.98867 0.237363 0.0495053 1.79526 
0.983094 0.235282 0.0127617 1.78514 
0.984413 0.242034 0.0326827 1.78877 
1.0016 0.241335 0.033869 1.81937 
1.00007 0.247302 0.0353485 1.81708 
1.02305 0.146287 -0.00478614 1.85352 
1.02176 0.151801 -0.00186373 1.85108 
1.02307 0.144513 0.00083586 1.85327 
1.02261 0.147388 -0.0021744 1.85257 
0.999901 0.247675 0.0348394 1.81675 
1.02098 0.144187 -0.0552527 1.84956 
1.00003 0.247175 0.0363509 1.81701 
1.01312 0.189465 0.109671 1.84207 
1.00042 0.246253 0.0341768 1.81766 
0.945876 0.342572 0.145896 1.73372 
0.948136 0.342432 0.141275 1.73655 
0.977964 0.274838 -0.0528152 1.77892 
0.999948 0.247608 0.0350136 1.81685 
1.01936 0.173095 0.00593305 1.84777 
1.01496 0.182234 0.0392965 1.84051 
1.01711 0.177609 0.0114072 1.84386 
1.02842 0.0869226 0.0805316 1.8618 
1.02659 0.0895562 0.0905765 1.85882 
1.02784 0.0802088 0.0910367 1.86107 
1.02716 0.085352 0.0873477 1.85935 
1.01422 0.183764 -0.0603705 1.83942 
0.981706 0.290609 -0.0322494 1.78836 
1.01257 0.203246 -0.0399775 1.83762 
0.999881 0.247558 0.0372508 1.81676 
0.998117 0.254364 0.0406801 1.81424 
0.951999 0.3657 0.0333831 1.74257 
1.01773 0.176283 0.0120659 1.84518 
0.989185 0.251085 0.0716495 1.79887 
0.977811 0.268979 0.052155 1.77881 
0.977688 0.284756 0.0867883 1.77974 
0.981167 0.267831 0.0705772 1.78465 
1.00022 0.246989 0.0332567 1.81733 
0.936549 0.364882 0.202439 1.72223 
0.896282 0.371007 0.277551 1.65656 
0.941999 0.308774 0.263119 1.73019 
0.929062 0.355001 0.248251 1.71367 
1.01846 0.16417 -0.0292764 1.84544 
1.01869 0.166505 -0.00761184 1.84607 
1.01793 0.165307 0.0204571 1.84453 
0.938326 0.26581 0.142839 1.70002 
0.940683 0.317699 0.148626 1.72111 
0.934975 0.299625 0.145723 1.70267 
0.939038 0.295235 0.145038 1.71071 
0.97946 0.244963 -0.0451961 1.77892 
0.977565 0.254866 -0.0470131 1.77687 
0.97652 0.25734 -0.0387828 1.77429 
0.978079 0.25246 -0.0432478 1.77729 
1.0189 0.154591 0.0898752 1.84808 
1.02568 0.132673 0.0317564 1.8584 
1.02608 0.116711 -0.0330885 1.85772 
1.02572 0.124169 -0.0360615 1.8578 
1.02553 0.124131 -0.0288887 1.85705 
1.0255 0.121159 -0.0327069 1.85675 
0.9998 0.248029 0.0350077 1.81659 
0.999985 0.247594 0.0365918 1.817 
1.02508 0.0971984 0.0927699 1.85687 
1.02449 0.102827 0.0899401 1.85625 
1.02348 0.100181 0.095832 1.85491 
1.02453 0.100191 0.0927871 1.85643 
0.975532 0.257815 -0.152522 1.77573 
1.0252 0.129558 -0.0288844 1.8569 
1.02437 0.129733 -0.0337031 1.85501 
0.942113 0.348616 0.00255081 1.72014 
0.958008 0.314065 0.179025 1.75555 
1.014 0.126096 0.131855 1.84312 
1.0175 0.116727 0.119313 1.84886 
1.01474 0.12931 0.118283 1.84491 
1.01514 0.124007 0.123063 1.84494 
0.999871 0.247836 0.03531 1.81673 
1.01725 0.156457 0.0754548 1.84366 
1.02752 0.105061 0.00666769 1.85957 
1.02641 0.116092 0.0135676 1.85805 
1.027 0.104404 0.018062 1.8583 
1.02741 0.108572 0.0129363 1.85973 
0.928917 0.278595 0.0939473 1.67386 
0.925429 0.283914 0.102183 1.66797 
0.928689 0.293016 0.110396 1.67959 
0.927226 0.283533 0.101232 1.67207 
0.964634 0.298173 -0.0348382 1.7571 
1.0003 0.246829 0.0339788 1.81748 
1.00126 0.243392 0.0308827 1.8189 
1.01742 0.168562 0.0238391 1.84389 
0.983576 0.2267 -0.106999 1.78627 
1.01434 0.166436 0.0860314 1.83874 
0.950367 0.252857 0.0971514 1.71897 
0.952054 0.237239 0.107048 1.72026 
0.953044 0.21845 0.0828956 1.71565 
0.951545 0.236066 0.0949374 1.71737 
1.00024 0.247003 0.0347817 1.81741 
1.02361 0.123907 0.0970885 1.8624 
1.01748 0.172833 0.0143583 1.84428 
1.02282 0.139655 0.0498606 1.85361 
1.00097 0.243668 0.0372369 1.81849 
1.01233 0.200436 0.0098562 1.83668 
1.0294 0.0695783 0.074443 1.86236 
1.02833 0.0828927 0.0754091 1.86074 
1.02791 0.0739377 0.0869778 1.86026 
1.02943 0.0754325 0.0786946 1.86329 
0.999864 0.24778 0.0348285 1.81668 
1.02486 0.0420269 0.141091 1.8574 
1.01811 0.0739463 0.15762 1.84601 
1.01814 0.0404167 0.181156 1.84683 
1.01828 0.0515991 0.159655 1.84434 
0.999839 0.248118 0.0340218 1.81667 
1.00067 0.245291 0.0352258 1.81808 
0.911334 0.405035 0.144791 1.67501 
0.904637 0.40346 0.167655 1.66266 
0.91535 0.378939 0.146212 1.67936 
0.911247 0.399628 0.153897 1.67518 
1.01363 0.191016 -0.0329007 1.83846 
1.01981 0.109612 0.0834471 1.85323 
1.0195 0.111649 0.084064 1.85277 
1.01992 0.10973 0.0853137 1.85322 
1.01975 0.110217 0.0842207 1.85313 
0.996427 0.261024 0.0235315 1.81119 
0.959051 0.348399 0.10343 1.75382 
1.01448 0.165372 0.0731899 1.83815 
1.01825 0.177787 0.00815168 1.84607 
0.999643 0.248678 0.0351908 1.81637 
0.994134 0.235466 -0.0351067 1.80618 
1.02702 0.0977075 -0.0382123 1.85871 
1.02693 0.107197 -0.0333219 1.85896 
1.02786 0.0996687 -0.0293105 1.86044 
1.02741 0.101748 -0.0335298 1.85971 
0.995915 0.222321 -0.0327766 1.8088 
0.999852 0.178741 -0.0940637 1.81383 
0.958851 0.160948 0.085206 1.71864 
0.954996 0.162813 0.107376 1.71233 
0.955807 0.154954 0.117798 1.71563 
0.960205 0.157246 0.0980209 1.72334 
1.00067 0.245459 0.0331543 1.81802 
0.999904 0.247693 0.0349753 1.81677 
1.02011 0.155531 -0.013194 1.84777 
1.00055 0.17218 0.16465 1.82266 
1.0026 0.151697 0.171038 1.82414 
1.0058 0.158338 0.15056 1.83114 
1.00428 0.161012 0.162092 1.82915 
0.951116 0.180751 0.134548 1.70984 
0.944718 0.213056 0.151817 1.7036 
0.948662 0.217857 0.19873 1.7214 
0.948846 0.197928 0.15954 1.71174 
1.01713 0.177721 0.00907137 1.84409 
1.02114 0.157318 -0.0066306 1.85051 
0.91063 0.392963 0.179116 1.6755 
0.917858 0.344033 0.158662 1.67728 
0.918828 0.363278 0.150685 1.68382 
0.916253 0.366567 0.162777 1.67981 
0.999668 0.248403 0.0358906 1.81639 
0.971893 0.314771 -0.0215122 1.77321 
0.999761 0.247758 0.0345784 1.81642 
0.991257 0.242137 0.115924 1.80024 
1.00045 0.241804 0.0211175 1.81755 
1.0165 0.175962 0.0126749 1.84259 
0.99172 0.203285 -0.0795203 1.79979 
0.999576 0.248837 0.0348399 1.81624 
1.02295 0.153662 0.00238127 1.85332 
1.00052 0.24582 0.034753 1.81782 
1.01821 0.177551 0.0106851 1.8463 
0.98973 -0.00785759 0.274316 1.80196 
1.00953 0.0354332 0.215456 1.8328 
0.990098 0.0741821 0.278924 1.80315 
0.999823 0.0339176 0.259455 1.8203 
1.02088 0.161193 0.00333168 1.85036 
1.02016 0.159145 0.000770048 1.84826 
1.01883 0.147503 0.0619262 1.84539 
1.02881 0.01267 0.114136 1.86291 
1.02384 -0.0517819 0.112864 1.85462 
1.0288 0.00397529 0.0806371 1.85928 
1.03097 -0.0105968 0.104193 1.86822 
1.01847 0.170323 0.00539317 1.84587 
1.00051 0.245628 0.0357904 1.81777 
1.00002 0.247013 0.032313 1.817 
1.02161 0.134614 0.0939584 1.85124 
0.999687 0.248656 0.0342927 1.81644 
1.01569 0.174443 -0.0685425 1.84188 
1.00015 0.247174 0.0351787 1.81725 
1.01365 0.18563 -0.0700437 1.83868 
1.0247 0.14003 0.00039639 1.85558 
1.01923 0.164337 -0.00367699 1.84695 
1.01919 0.110617 0.0891067 1.85206 
1.00375 0.211465 -0.0319594 1.82182 
0.957236 0.316479 -0.0240316 1.74479 
1.01626 0.170013 0.0390263 1.84166 
1.01367 0.189335 -0.058922 1.83894 
1.00028 0.166914 -0.0812092 1.81096 
1.01938 0.165004 0.0390975 1.84776 
1.01638 0.181821 0.042282 1.84297 
1.01723 0.17155 0.0552696 1.844 
1.01839 0.172684 0.0458219 1.84671 
1.01537 0.178744 -0.0490499 1.8409 
1.01441 0.179436 -0.072385 1.83977 
1.00284 0.239864 0.0219614 1.8217 
0.930702 0.340901 0.136959 1.7026 
0.925205 0.320333 0.142705 1.68579 
0.930276 0.313869 0.143021 1.6957 
0.927537 0.322988 0.138753 1.69124 
1.00598 0.195043 0.140886 1.82861 
0.992755 0.235701 0.162521 1.80789 
1.00105 0.18625 0.180288 1.82145 
0.999513 0.206063 0.162314 1.81816 
0.998419 0.254006 0.0387075 1.81482 
1.01978 0.161013 0.0180592 1.84815 
1.02399 0.119981 0.0644748 1.85425 
1.02651 0.102876 0.0563189 1.85825 
1.02536 0.118424 0.0452239 1.85652 
1.0257 0.113669 0.0553492 1.85733 
0.999541 0.248318 0.0428053 1.81633 
0.999617 0.248591 0.0368075 1.81635 
1.01457 0.183385 -0.0313511 1.83943 
1.00007 0.244604 0.0277861 1.81691 
0.948259 0.361486 0.124845 1.73915 
1.00026 0.247039 0.0338869 1.81744 
1.02425 0.126461 -0.0438633 1.85483 
1.00143 0.236741 0.0583443 1.81897 
1.02841 0.124469 0.0154361 1.86292 
1.02683 0.12055 0.0282545 1.85891 
1.02886 0.109553 0.0181162 1.86205 
1.02787 0.116939 0.0203061 1.86065 
0.974559 0.285545 -0.031503 1.77406 
0.973248 0.279226 -0.0218906 1.77034 
0.975441 0.279416 -0.0287403 1.77471 
0.975042 0.281277 -0.0277101 1.77456 
0.951933 0.214126 0.108418 1.71449 
0.955783 0.179349 0.104543 1.71629 
0.956015 0.179725 0.0902037 1.71531 
0.955746 0.189883 0.101015 1.71775 
1.00068 0.245196 0.0339431 1.81802 
0.994236 0.225225 0.0413203 1.80445 
0.996524 0.201352 0.000231785 1.80722 
0.987958 0.22172 0.0028171 1.79385 
0.992159 0.213022 0.0137709 1.8 
1.02209 0.132417 0.093606 1.85247 
1.02004 0.107585 0.0844847 1.85348 
1.02016 0.108274 0.0846391 1.85367 
1.01304 0.193898 0.0231913 1.83739 
0.969718 0.319473 -0.01705 1.76924 
0.948977 0.357611 -0.0520083 1.73496 
0.951313 0.336126 -0.0666866 1.73656 
0.947286 0.372751 -0.070804 1.73508 
0.951509 0.356057 -0.0628007 1.7412 
0.975749 0.28816 -0.0380345 1.77575 
1.00185 0.243554 0.0273218 1.82027 
0.987126 0.215618 -0.141088 1.79313 
1.02013 0.143163 0.071597 1.84838 
1.00784 0.217306 0.0234449 1.82905 
0.979706 -0.0429503 0.281044 1.7811 
1.008 -0.0833782 0.182709 1.82959 
1.01192 -0.00116653 0.225418 1.84182 
0.997573 -0.04686 0.23462 1.81275 
1.02415 0.147095 -0.00411604 1.85521 
0.958745 0.179898 0.0371747 1.7188 
0.95507 0.198784 0.0421339 1.71356 
0.956371 0.194579 0.0577671 1.71675 
0.956065 0.190488 0.0451089 1.71452 
0.971901 0.277166 -0.0383011 1.76724 
1.00398 0.234937 0.0318812 1.82367 
1.01446 0.184525 -0.0671982 1.8405 
0.99998 0.247571 0.0348855 1.81692 
1.0163 0.178873 0.00769552 1.84257 
1.01839 0.109054 0.0903433 1.85141 
0.993317 0.198876 0.185651 1.80912 
1.01675 0.167244 0.0573692 1.84324 
0.998143 0.248257 0.0555426 1.81347 
1.01746 0.180503 0.0108272 1.84475 
1.00014 0.246856 0.0374137 1.81723 
1.01943 0.110449 0.0866016 1.85217 
1.01566 0.177168 0.0339191 1.84118 
0.983986 0.246223 -0.0662017 1.78835 
1.00024 0.247314 0.0341812 1.81746 
0.999241 0.245434 0.0268482 1.81517 
1.02128 0.107781 0.0974669 1.85342 
1.02075 0.107519 0.106904 1.85303 
1.02262 0.103073 0.100307 1.85488 
1.02108 0.105942 0.101353 1.85256 
1.01023 0.147424 0.0748885 1.8397 
1.02214 0.135428 0.0867847 1.85111 
1.01736 0.17134 -0.0608709 1.84504 
0.969486 0.291367 0.163399 1.769 
0.922171 0.33047 0.143153 1.68196 
0.927538 0.343044 0.132737 1.69604 
0.920104 0.345598 0.137696 1.68074 
0.92218 0.335916 0.135001 1.68244 
1.03049 -0.0620379 0.0705467 1.86782 
1.03088 -0.0170018 0.0256255 1.86342 
1.03611 -0.00191582 0.0616704 1.87667 
1.03003 -0.02656 0.0530614 1.86277 
1.01651 0.112009 0.0957742 1.84927 
1.01408 0.178157 0.0474969 1.83795 
0.915044 0.395047 0.113952 1.67716 
0.920254 0.379601 0.109688 1.68585 
1.02661 0.104671 0.0788951 1.85875 
1.02575 0.104775 0.0844661 1.85768 
1.02688 0.1009 0.0827193 1.85952 
1.02605 0.103379 0.0819975 1.8577 
1.02247 0.14253 0.0629167 1.85378 
1.0013 -0.0526144 0.223638 1.81862 
1.01729 -0.0531002 0.133165 1.84127 
1.01711 0.00562829 0.18235 1.84505 
1.01297 -0.0343239 0.180301 1.83689 
1.0175 0.179027 0.0161481 1.84472 
1.01842 0.174585 0.0188061 1.84631 
1.01834 0.174201 0.0156927 1.84594 
1.01853 0.175942 0.0170531 1.84678 
1.01196 0.205679 0.0195725 1.83689 
1.02495 0.14192 0.0107963 1.85686 
0.999934 0.247507 0.0344227 1.8168 
0.962069 0.335252 -0.00897901 1.75692 
1.00032 0.247447 0.0344502 1.81772 
0.984309 0.299526 0.00206028 1.79212 
0.993541 0.267799 0.0488829 1.80691 
1.01725 0.171276 -0.0569622 1.84455 
0.982318 0.305957 0.025402 1.78971 
1.01547 0.169829 0.103561 1.84315 
1.02098 0.140835 0.0816915 1.85049 
1.01843 0.165101 0.0772224 1.84725 
1.01703 0.157649 0.0876406 1.84351 
1.0003 0.246964 0.0345611 1.81755 
1.00192 0.186433 0.138311 1.82598 
1.00077 0.181964 0.155884 1.82419 
1.00562 0.166305 0.143333 1.83157 
1.00287 0.178331 0.146119 1.82753 
0.964463 0.329317 -0.0149856 1.76107 
0.992966 0.271207 0.0428483 1.80613 
0.999855 0.247718 0.034805 1.81664 
1.00616 0.15399 0.135 1.82234 
1.02598 0.125699 0.0561062 1.85888 
1.00057 0.245817 0.0342833 1.81792 
0.999747 0.24847 0.0337274 1.81652 
0.994635 0.265906 0.0330911 1.8084 
1.02055 0.151476 -0.0502192 1.84928 
1.0169 0.177429 0.010829 1.84354 
0.969769 0.284144 -0.00951459 1.76463 
0.962739 0.301775 -0.0141079 1.75331 
0.966295 0.296813 0.00187966 1.76036 
0.965873 0.293508 -0.00708373 1.75828 
1.01805 0.179533 0.00800017 1.84584 
0.971675 0.2202 0.255954 1.77829 
0.981894 0.212329 0.226598 1.79535 
0.969626 0.215427 0.213862 1.7688 
0.975177 0.220617 0.236215 1.78395 
1.01732 0.181188 0.0106293 1.84452 
1.00116 0.2429 0.0337101 1.81864 
1.0015 0.150623 -0.124823 1.81457 
0.999953 0.247512 0.0344413 1.81687 
1.02518 0.12956 0.0138777 1.85657 
1.02399 0.138335 0.00888675 1.85469 
1.02385 0.138066 0.018047 1.85438 
1.02437 0.135319 0.0136287 1.85528 
0.978283 0.257894 -0.0169151 1.77775 
0.975644 0.267863 -0.0109478 1.77384 
0.980281 0.248195 -0.0066966 1.78076 
0.977632 0.258259 -0.0105664 1.77633 
0.999364 0.249612 0.0352109 1.81592 
1.01742 0.173111 0.0157489 1.8444 
1.01747 0.168312 -0.0558667 1.84454 
1.0178 0.171514 -0.04026 1.84537 
0.998267 0.252849 0.0451611 1.81442 
0.976088 0.267264 -0.0343045 1.77484 
0.974753 0.275881 -0.0351964 1.77334 
0.975959 0.275469 -0.0301152 1.77564 
0.975395 0.272463 -0.0333068 1.774 
1.02864 0.0772575 -0.0312035 1.86099 
1.02881 0.0899211 -0.0248829 1.86184 
1.02937 0.0788666 -0.0202674 1.8623 
1.02918 0.0819723 -0.0253714 1.86227 
0.991694 0.0857326 0.282955 1.80924 
0.975288 0.017556 0.315649 1.78092 
1.00302 0.0325405 0.244214 1.82377 
0.99456 0.0478716 0.285648 1.81591 
0.982529 0.301728 0.0174236 1.78871 
1.00092 0.243072 0.0381267 1.81824 
0.987165 0.27062 0.134292 1.79908 
0.993642 0.25482 0.0923032 1.80821 
0.979694 0.288319 0.108184 1.78489 
0.98693 0.272865 0.111171 1.7975 
1.02996 0.0547568 -0.0255771 1.86301 
1.02863 0.0689152 -0.0320489 1.86054 
1.03069 0.0706636 -0.0194735 1.8652 
1.02956 0.0649715 -0.0255776 1.86245 
1.01432 0.194638 0.0449743 1.83986 
1.0079 0.221586 0.061033 1.83096 
1.01653 0.185156 0.0645551 1.8449 
1.0122 0.200289 0.0585011 1.83654 
0.996983 0.257124 0.0382478 1.81206 
0.999918 0.245312 0.0411745 1.81645 
0.963131 0.29306 -0.0603637 1.75274 
0.967299 0.290828 -0.0546868 1.76071 
1.00015 0.247493 0.0341898 1.81729 
1.0213 0.153118 0.0228593 1.85082 
1.00006 0.247307 0.0356456 1.81709 
1.01742 0.115888 0.111397 1.8481 
1.01741 0.119807 0.102997 1.84901 
1.01539 0.127332 0.111251 1.84578 
1.01712 0.120927 0.108468 1.84859 
1.00032 0.246612 0.0348088 1.81752 
1.01996 0.159706 -0.0493031 1.84905 
1.01728 0.168387 -0.0635581 1.84451 
1.01454 0.100792 0.168654 1.84312 
1.00735 0.124033 0.181464 1.83135 
1.01009 0.10398 0.193994 1.83595 
1.00965 0.109289 0.181804 1.83431 
1.00015 0.246696 0.0367543 1.8172 
1.01856 0.162604 -0.0520309 1.84613 
0.999249 0.248485 0.0307623 1.81546 
1.00001 0.2475 0.0341923 1.81703 
1.0196 0.108718 0.0859194 1.85262 
0.934577 0.385071 -0.0936532 1.7117 
0.930909 0.392675 -0.0802553 1.70538 
0.940968 0.392041 -0.0833434 1.72704 
0.934939 0.389903 -0.086294 1.71359 
0.99983 0.247874 0.0349732 1.81663 
1.0175 0.171304 0.0142058 1.84404 
1.00029 0.246992 0.0343155 1.81752 
0.991916 0.195655 0.206131 1.80576 
0.983461 0.249859 0.184086 1.7925 
0.971837 0.244861 0.235994 1.77417 
0.983429 0.231425 0.209142 1.79318 
1.01845 0.169293 -0.00209534 1.84593 
1.00916 0.21066 0.0378527 1.83138 
1.01064 0.212818 -0.0264325 1.83492 
1.00048 0.245592 0.036354 1.81773 
1.00039 0.244596 0.0392711 1.81738 
0.994941 0.169409 0.224971 1.8121 
0.973267 0.220044 0.2653 1.77921 
0.987827 0.148292 0.274387 1.80338 
0.983377 0.177421 0.255588 1.79228 
0.993003 0.267459 -0.00910381 1.80452 
0.999717 0.247651 0.0344267 1.81627 
1.01271 0.194362 -0.0395928 1.83675 
0.92351 0.373947 0.0559397 1.68795 
0.974433 0.308389 0.0811932 1.77439 
1.02288 0.131426 0.0872002 1.85247 
1.02447 0.12086 -0.044501 1.85481 
1.02527 0.115204 -0.0471384 1.85637 
0.999831 0.247876 0.0347276 1.81662 
1.01658 0.174944 -0.0456429 1.84309 
1.02539 0.136466 0.0186959 1.85753 
1.01748 0.181079 0.00973192 1.84476 
0.893986 0.436793 0.0794381 1.64277 
0.88362 0.435125 0.12345 1.62365 
0.916269 0.438516 0.0982714 1.69228 
0.898537 0.438891 0.10012 1.65545 
1.02063 0.160019 -0.00280912 1.84966 
1.01997 0.154824 -0.0561537 1.84865 
1.02574 0.11566 0.0691762 1.85676 
1.02647 0.107624 0.0722923 1.85791 
1.02749 0.107458 0.0662726 1.86003 
1.02698 0.1102 0.0690053 1.85921 
0.998863 0.251912 0.0337151 1.81521 
0.999883 0.247476 0.0329819 1.81673 
0.982816 0.299818 -0.0108596 1.78911 
1.00025 0.246782 0.0352982 1.81741 
1.02858 0.0944163 -0.0193672 1.86136 
1.02812 0.0956164 -0.00707893 1.8601 
1.02947 0.0833759 -0.0142855 1.86261 
1.02932 0.0911047 -0.013679 1.8628 
1.01832 0.168266 0.0163776 1.84574 
0.963436 0.300232 -0.0231881 1.75436 
0.970711 0.287168 -0.0181236 1.76732 
0.967228 0.292363 -0.0325723 1.76018 
0.967016 0.294321 -0.0243064 1.76063 
1.01529 0.178937 0.00403901 1.84002 
1.00005 0.247451 0.0352104 1.81709 
1.00279 0.238493 0.0260827 1.82134 
0.999891 0.247908 0.0330298 1.8168 
1.01749 0.180181 0.0114049 1.84475 
0.999849 0.247611 0.0344237 1.81659 
1.02285 0.139622 -0.0236697 1.85233 
1.01419 0.129021 0.0932221 1.84534 
0.94615 0.366943 0.119025 1.73636 
0.999335 0.250048 0.0342236 1.81592 
1.0199 0.170213 0.00683771 1.84865 
0.948843 0.3587 0.0151687 1.73571 
0.943371 0.241348 0.0610445 1.69579 
0.939421 0.252127 0.0687105 1.68955 
0.941909 0.254975 0.0776171 1.69707 
0.941089 0.24815 0.0683635 1.69252 
1.03068 0.0614223 0.00217439 1.86421 
1.03061 0.0508538 -0.0159621 1.86419 
1.02954 0.0695125 -0.0123731 1.86196 
1.03138 0.0606862 -0.00873264 1.86618 
0.997627 0.258983 0.032222 1.81388 
0.999504 0.249276 0.0358718 1.8162 
0.991828 0.197389 -0.120765 1.79935 
0.999705 0.24834 0.0345569 1.81642 
1.02616 0.113812 -0.0362294 1.85782 
1.02542 0.111852 -0.0435219 1.85621 
1.02591 0.121045 -0.039535 1.85817 
1.02573 0.115363 -0.0389908 1.85707 
1.02116 0.163331 0.00402153 1.85051 
1.01078 0.209512 -0.0439898 1.83481 
0.976907 0.2856 0.118799 1.77728 
1.00749 0.215304 0.0291339 1.82789 
1.0156 0.182704 0.00225324 1.84149 
0.999971 0.247553 0.0352183 1.8169 
0.941933 0.336978 0.141451 1.7286 
0.944494 0.336123 0.149535 1.7334 
0.94618 0.326505 0.139562 1.73499 
0.943893 0.335335 0.14392 1.73248 
1.018 0.164428 -0.0612797 1.84552 
0.981112 0.233113 -0.143516 1.78267 
0.997751 0.255717 0.0374154 1.81356 
0.92722 0.376962 0.0711725 1.69833 
1.02321 0.133793 -0.0476977 1.85336 
1.01953 0.0972812 0.140665 1.84821 
1.00924 0.128129 0.184911 1.83327 
1.01676 0.0708913 0.173106 1.84383 
1.01551 0.0976519 0.166708 1.84212 
1.01883 0.159755 -0.0587178 1.84669 
1.01835 0.161207 -0.0615495 1.84591 
1.01662 0.134393 0.0950717 1.84843 
0.976117 0.287494 -0.0302582 1.77684 
0.998545 0.252417 0.0419184 1.81486 
1.01912 0.166682 -0.000904774 1.84706 
0.952906 0.325459 0.203802 1.75939 
0.99976 0.248247 0.0348266 1.81654 
1.0001 0.246151 0.0306062 1.81701 
1.01692 0.175743 0.00533667 1.84331 
0.94835 0.370425 0.103894 1.74034 
1.01718 0.176611 0.00739201 1.84413 
1.02123 0.142555 0.0841083 1.85096 
0.94064 0.260934 0.15794 1.70659 
0.934387 0.289671 0.148855 1.69892 
0.929377 0.297215 0.182859 1.69303 
0.930996 0.276619 0.159209 1.6881 
0.913977 0.30967 0.181568 1.66074 
0.968894 0.286228 -0.0391916 1.76328 
0.973503 0.311606 -0.021337 1.77455 
1.02707 0.111348 -0.0152814 1.85918 
1.02826 0.103765 -0.00764761 1.8613 
1.02835 0.101565 -0.01942 1.86144 
1.02763 0.105738 -0.0140244 1.85995 
1.01922 0.160366 -0.0437928 1.84707 
1.02063 0.155385 -0.0280023 1.84936 
1.00964 0.207361 0.0132 1.83137 
1.02042 0.167638 0.0030942 1.84932 
0.912139 0.296391 0.142311 1.64566 
1.01536 0.18309 -0.0481986 1.84171 
1.02046 0.150788 -0.0578544 1.84936 
0.990351 0.267287 -0.0310298 1.80064 
1.00039 0.246514 0.0343924 1.81766 
0.990658 0.216326 -0.0718413 1.79965 
0.987909 0.286338 0.0706548 1.79979 
0.951205 0.334199 0.145043 1.74195 
0.94967 0.33067 0.147382 1.73803 
1.00105 0.243503 0.0325344 1.81848 
1.01988 0.110348 0.0865677 1.85307 
1.01938 0.112529 0.0851731 1.85258 
1.01934 0.112595 0.0878609 1.85226 
1.01958 0.11176 0.0865134 1.85279 
0.958488 0.360804 0.083201 1.75584 
1.02196 0.107864 0.0918467 1.85413 
1.02373 0.106547 0.0890814 1.85588 
1.02256 0.10863 0.0889467 1.85504 
1.02257 0.107543 0.0901165 1.85452 
1.01927 0.168302 0.0143137 1.84733 
1.01922 0.169196 0.0186084 1.8474 
1.01988 0.165052 0.0163893 1.84836 
1.01945 0.167367 0.0164078 1.84764 
1.01511 0.177055 -0.070997 1.8411 
0.930792 0.372164 0.049067 1.70322 
0.939835 0.234767 0.18309 1.70152 
0.935268 0.290761 0.258914 1.71453 
0.945067 0.24638 0.232409 1.72331 
0.942986 0.257739 0.226609 1.72064 
0.996134 0.168121 -0.133518 1.80517 
0.929032 0.371304 0.0983573 1.7029 
0.966707 0.289035 -0.0401786 1.75932 
0.986957 0.266257 -0.0415447 1.79459 
1.01277 0.135975 0.0818631 1.84382 
1.00595 0.229081 0.00514971 1.82717 
1.0191 0.114486 0.0851314 1.85219 
1.01851 0.118288 0.0869864 1.85132 
1.01926 0.114451 0.0881747 1.85252 
1.01889 0.115598 0.0867764 1.85188 
0.914832 0.396524 0.13387 1.67999 
0.916208 0.367124 0.134863 1.67738 
0.917767 0.366889 0.118484 1.67906 
0.916422 0.375885 0.130825 1.67943 
1.02054 0.111384 0.0853165 1.85388 
1.01687 0.169722 -0.0662297 1.84387 
0.999634 0.248919 0.03412 1.81637 
1.00025 0.247216 0.0345394 1.8175 
0.930763 0.113985 0.380044 1.70421 
0.967195 0.0040521 0.323572 1.76271 
0.977765 0.0998598 0.321057 1.78959 
0.958101 0.0732835 0.350788 1.75367 
0.998953 0.249793 0.0455634 1.81536 
1.02019 0.137723 0.113785 1.85112 
1.01413 0.189108 0.0135114 1.83905 
0.999781 0.247477 0.0344897 1.81639 
0.983545 0.277091 -0.0437603 1.78992 
1.02074 0.109223 0.087986 1.85378 
1.02125 0.108821 0.0912546 1.85378 
1.02171 0.108865 0.0887583 1.85414 
1.0212 0.108917 0.0893269 1.85382 
1.01509 0.177477 0.0269914 1.83963 
1.0227 0.13609 -0.0519848 1.85261 
0.944527 0.359112 0.133535 1.73442 
0.982173 0.147943 0.288877 1.79558 
0.969106 0.197977 0.286491 1.7731 
0.959541 0.180743 0.323045 1.75785 
0.968121 0.175883 0.300386 1.76981 
1.02451 0.0780228 0.114471 1.85622 
1.02513 0.0570846 0.11475 1.85539 
1.02549 0.0718634 0.101928 1.85585 
1.02657 0.0697006 0.110889 1.85969 
0.967103 0.326604 -0.0116829 1.76419 
1.01776 0.167149 0.0290927 1.84465 
0.957792 0.359839 0.0392421 1.75202 
0.902934 0.372092 0.259762 1.66559 
0.922199 0.341449 0.274037 1.70155 
0.91986 0.349398 0.234346 1.69212 
0.917524 0.363079 0.260117 1.6951 
1.01846 0.161908 0.0322274 1.84562 
0.947316 0.336971 -0.00926913 1.72823 
0.898517 0.207304 0.366759 1.64425 
0.933169 0.0906748 0.373257 1.70604 
0.943644 0.179068 0.362645 1.73709 
0.925232 0.160213 0.376997 1.69999 
1.01412 0.139161 0.100174 1.84419 
1.01176 0.150604 0.107497 1.84066 
1.01389 0.138615 0.109919 1.84419 
1.01347 0.142649 0.105811 1.84354 
1.0078 0.215223 0.0343886 1.82881 
1.01747 0.123245 0.0900194 1.84954 
1.01605 0.130155 0.0944264 1.84725 
1.01745 0.122059 0.0960294 1.84955 
1.01714 0.125097 0.0935378 1.8492 
1.01472 0.167638 0.0827786 1.83978 
0.974031 0.283751 -0.0346419 1.77305 
1.01784 0.178489 0.0114709 1.84535 
1.02209 0.141698 -0.0512171 1.85178 
1.00131 0.242224 0.0409887 1.81914 
1.01004 0.206372 0.0328827 1.83254 
1.02186 0.135913 0.0926877 1.85097 
1.01997 0.108969 0.0851823 1.85315 
0.94019 0.309337 0.120645 1.71329 
0.940947 0.279424 0.097158 1.70344 
0.935704 0.287016 0.102775 1.69361 
0.937402 0.292233 0.105864 1.69961 
0.968696 0.338737 0.0326866 1.76789 
1.02328 0.143172 0.00860541 1.85359 
1.02238 0.149306 0.0115402 1.85223 
1.02333 0.142882 0.0167507 1.85374 
1.02289 0.145108 0.0121668 1.85289 
0.934718 0.358474 0.0165592 1.70664 
1.02006 0.157714 0.0180715 1.84821 
1.00558 0.226592 0.0148146 1.82531 
1.02029 0.15529 -0.0515279 1.84928 
0.982083 0.299327 0.0636288 1.78898 
1.02025 0.110007 0.0916088 1.8525 
1.02018 0.109942 0.0880791 1.85313 
1.01959 0.111923 0.0895623 1.85246 
1.02014 0.110645 0.0896702 1.85306 
0.963961 0.347583 0.018911 1.76102 
0.999941 0.247162 0.0328555 1.81683 
1.024 0.126004 0.0682943 1.85401 
1.01454 0.185061 -0.0118772 1.83938 
0.966498 0.289499 -0.0786164 1.76104 
1.01067 0.207179 -7.23663e-05 1.83383 
0.999688 0.24839 0.0350413 1.81641 
1.00043 0.161564 -0.0988698 1.81157 
1.02117 0.150848 0.0282886 1.85046 
1.01667 0.174677 -5.41387e-05 1.84257 
1.00038 0.246275 0.0351876 1.81759 
0.998119 0.256633 0.0265885 1.81427 
1.015 0.121433 0.0970892 1.84656 
0.948268 0.370763 0.0751703 1.73753 
1.01736 0.181781 0.0104788 1.84463 
1.0209 0.148425 -0.0548869 1.84996 
1.01583 0.17747 -0.0563646 1.84209 
0.999789 0.248117 0.0356752 1.81661 
1.00298 0.148164 -0.113887 1.81694 
0.999632 0.248873 0.0334545 1.81633 
0.999912 0.247858 0.0363235 1.81687 
0.949468 0.354263 -0.111434 1.7372 
0.928096 0.430539 0.0492 1.71008 
0.905173 0.437937 0.0622837 1.66615 
0.923192 0.432779 0.0814519 1.70238 
0.920785 0.437662 0.063743 1.69869 
0.999876 0.247806 0.0350855 1.81673 
1.02381 0.143048 -0.0136066 1.85504 
1.02413 0.141142 -0.0163861 1.85559 
0.999894 0.247454 0.0332769 1.81675 
1.01782 0.179882 0.0097084 1.84544 
1.02041 0.162611 0.0127867 1.84933 
1.02034 0.16187 0.00830351 1.84905 
1.02018 0.164896 0.00980369 1.84912 
1.01998 0.163144 0.0103784 1.84833 
0.993537 0.180592 -0.116338 1.79944 
1.00514 0.219966 0.0569651 1.82431 
1.01133 0.189881 0.0501574 1.83335 
1.0169 0.177217 -0.00351752 1.84365 
1.00009 0.247481 0.034833 1.81717 
0.95562 0.14362 0.0245738 1.70611 
0.964779 0.163135 0.0298083 1.73011 
0.9603 0.15551 0.0341151 1.71815 
0.963339 0.160089 0.0234697 1.72616 
0.953832 0.325986 -0.139927 1.74106 
0.917791 0.415374 -0.0303607 1.68271 
0.91303 0.42267 -0.0088802 1.67482 
0.928016 0.423482 -0.018862 1.70708 
0.919468 0.420509 -0.0199294 1.68815 
0.999963 0.247403 0.0337715 1.81691 
1.01762 0.179176 0.0109822 1.84493 
0.984047 0.284334 -0.0338986 1.79135 
1.0106 0.154983 0.115089 1.83919 
1.00978 0.152914 0.129364 1.83802 
1.01279 0.141576 0.116886 1.84241 
1.01125 0.149725 0.12022 1.84033 
1.01173 0.0575862 0.194465 1.83411 
1.01411 0.0843536 0.169401 1.8392 
1.00814 0.090795 0.195656 1.82915 
1.01398 0.0781861 0.186407 1.84053 
1.00497 0.229816 0.0365325 1.82509 
1.00206 0.231342 0.0026492 1.81914 
1.00523 0.197503 -0.051497 1.82342 
1.02124 0.162904 0.00904974 1.85113 
1.01196 0.202733 -0.0531791 1.83661 
1.02403 0.114125 0.0847348 1.85543 
1.02472 0.116499 0.0819607 1.85601 
1.02379 0.117915 0.0850419 1.85463 
1.02417 0.116043 0.0840439 1.85521 
0.999827 0.247388 0.0345882 1.81649 
1.023 0.111504 0.0860433 1.85515 
1.02157 0.110268 0.0856805 1.85434 
1.02225 0.109955 0.0870641 1.85469 
1.02214 0.110625 0.0862333 1.85439 
1.02209 0.147805 -0.0129558 1.85144 
0.99985 0.247665 0.0337357 1.81666 
1.02067 0.111737 0.0851961 1.85357 
1.02139 0.112654 0.0858 1.85366 
0.993961 0.18523 0.200021 1.81407 
1.00161 0.155885 0.185601 1.8245 
0.999849 0.180002 0.175214 1.824 
0.996352 0.172229 0.186694 1.81526 
0.940467 0.355458 0.0114327 1.71838 
1.0161 0.116019 0.096101 1.84833 
1.02395 0.150158 0.00970719 1.85567 
0.973017 0.270781 -0.0438079 1.76959 
0.972777 0.264677 -0.0475614 1.76768 
0.966189 0.29496 -0.0357932 1.75925 
1.00318 0.237734 0.035024 1.82244 
1.02233 0.126107 0.0901379 1.85281 
1.0219 0.153218 -0.00526553 1.85171 
1.02293 0.149974 -0.00745497 1.85379 
1.0154 0.176327 -0.0688128 1.84151 
0.929774 0.344083 0.174383 1.70703 
1.01752 0.178678 0.00998532 1.84474 
1.01175 0.198436 0.0199501 1.83496 
0.99978 0.247931 0.0342397 1.81649 
0.935863 0.343055 0.154637 1.71812 
0.967333 0.278815 -0.153278 1.7615 
1.00171 0.241719 0.039164 1.81993 
0.992835 0.186 -0.139929 1.80099 
1.02632 0.0933624 0.087759 1.85811 
1.02773 0.0916098 0.0789881 1.8603 
1.02725 0.0971365 0.0829584 1.86007 
1.02684 0.093861 0.0835102 1.85881 
1.01382 0.199776 0.0352283 1.83919 
1.0122 0.204597 0.0181537 1.83911 
1.00646 0.223818 0.0484319 1.82904 
1.00951 0.211773 0.0316988 1.83207 
0.937941 0.367079 0.122318 1.72046 
1.02099 0.123834 0.0927673 1.85194 
0.999883 0.247691 0.0347554 1.8167 
1.02687 0.116408 0.0576156 1.8594 
1.02566 0.117388 0.0662409 1.85677 
1.02747 0.10932 0.0623337 1.86004 
1.02653 0.113857 0.0621137 1.8583 
1.01707 0.123553 0.10048 1.84897 
1.01558 0.132894 0.0990024 1.84681 
1.01521 0.131786 0.107594 1.8461 
1.01588 0.129313 0.102339 1.84712 
1.01452 0.178858 -0.0713196 1.83997 
0.957801 0.314704 -0.110117 1.74663 
1.01813 0.110317 0.0917911 1.85103 
1.01718 0.177152 0.00851221 1.84406 
0.978395 0.240698 -0.154438 1.77872 
1.00391 0.129021 0.197326 1.826 
0.999599 0.116684 0.235573 1.81951 
1.00589 0.104052 0.20628 1.82744 
1.00283 0.116839 0.211736 1.82309 
1.02806 0.101156 0.05043 1.86011 
1.02649 0.113577 0.0534316 1.8579 
1.02744 0.105443 0.0591596 1.85933 
1.02823 0.106821 0.0539461 1.86133 
1.00018 0.247032 0.0348909 1.81729 
1.01878 0.115004 0.090117 1.85136 
1.01818 0.119641 0.0894345 1.85079 
1.01821 0.118133 0.0943058 1.85061 
1.01857 0.117495 0.0911433 1.85139 
0.99976 0.248253 0.0346622 1.81654 
0.999849 0.247641 0.0346407 1.81661 
0.936418 0.364123 0.0283471 1.71249 
0.988539 0.285107 0.0137963 1.79843 
0.9503 0.214708 0.046937 1.70551 
0.946884 0.228601 0.0536653 1.70075 
0.947747 0.225582 0.0614977 1.70259 
0.948477 0.222323 0.0540967 1.70317 
0.978586 0.296611 0.0894497 1.7816 
0.943624 0.373726 0.0534671 1.7291 
1.00049 0.246205 0.0348158 1.81783 
1.01744 0.109035 0.0933581 1.85034 
0.97634 0.31486 0.0295763 1.77805 
0.999268 0.251322 0.0282614 1.81604 
1.02836 0.0875829 0.0433042 1.86081 
1.02938 0.0759417 0.0248674 1.8618 
1.0282 0.0945077 0.0272058 1.8605 
1.02934 0.0861441 0.0318821 1.86273 
1.01787 0.17741 0.0108584 1.8453 
0.968862 0.342722 0.00789091 1.77122 
1.01594 0.177089 0.0141157 1.84148 
1.00135 0.238669 0.0509584 1.8188 
1.0167 0.173718 -0.0355939 1.84294 
0.987468 0.206846 -0.148402 1.79285 
1.01804 0.176039 0.010114 1.84559 
1.01751 0.181154 0.0102032 1.84493 
1.02779 0.0819041 0.0668471 1.86008 
1.02526 0.0833015 0.0994525 1.85642 
1.02886 0.0559924 0.0772256 1.86153 
1.02805 0.0732091 0.0809852 1.861 
0.959937 0.169825 0.0401184 1.71991 
0.957194 0.186593 0.0609291 1.71735 
0.960563 0.166615 0.0456763 1.72097 
0.959211 0.173976 0.0508018 1.71934 
1.01609 0.179864 -0.0253497 1.84244 
1.01482 0.116329 0.0971219 1.84608 
1.02144 0.110719 0.0854418 1.85408 
1.02283 0.112398 0.0857187 1.8547 
1.02222 0.112462 0.0857007 1.85457 
1.02218 0.111904 0.0857095 1.85451 
1.02339 0.124563 0.0852858 1.85357 
1.00033 0.246218 0.0364251 1.8175 
0.977759 0.262381 0.173722 1.7827 
0.926367 0.399602 -0.0656034 1.6971 
0.921761 0.407155 -0.0493112 1.68889 
0.932236 0.409774 -0.0563064 1.71265 
0.926783 0.405344 -0.0574698 1.6997 
0.935252 0.262252 0.0766045 1.68283 
0.931879 0.270814 0.0850655 1.67786 
0.93389 0.274181 0.0915163 1.68433 
0.933789 0.267814 0.0842195 1.68153 
0.951782 0.324825 -0.0190959 1.73469 
0.999552 0.249202 0.0343397 1.81625 
0.991329 0.273396 -0.00012453 1.80148 
1.01378 0.182714 0.0449931 1.83789 
1.00014 0.24728 0.034963 1.81725 
1.01739 0.162111 0.0440487 1.84338 
0.966447 0.303321 -0.11926 1.76462 
1.01641 0.173037 -0.0658398 1.84326 
0.979583 0.250304 -0.104556 1.78325 
0.967859 0.329958 0.0984842 1.76722 
1.01619 0.171307 0.0225223 1.84127 
1.00046 0.245972 0.0399507 1.81791 
0.939694 0.368963 -0.113058 1.71848 
0.947981 0.367992 -0.110981 1.7371 
0.945822 0.344748 -0.000487902 1.72683 
0.980831 0.300902 0.0438319 1.78528 
0.96297 0.304268 -0.0302731 1.7544 
0.974199 0.281222 -0.0311658 1.77218 
0.97485 0.281718 -0.0334871 1.77456 
0.998584 0.254481 0.0312061 1.815 
1.00245 0.240953 0.0321574 1.82133 
0.895076 0.431896 0.151288 1.65125 
0.934909 0.402564 0.154093 1.7248 
0.92507 0.427136 0.116502 1.70801 
0.917956 0.424498 0.138656 1.69449 
1.02137 0.15852 0.0129714 1.85114 
1.02089 0.167397 0.00988885 1.85105 
0.950704 0.37123 0.0632711 1.74263 
1.02432 0.120097 0.0837587 1.85561 
1.02425 0.11918 0.0809337 1.85481 
0.999746 0.248385 0.0342443 1.81652 
0.960227 0.311156 -0.137722 1.75226 
0.955598 0.322995 -0.0182981 1.74241 
0.999098 0.250576 0.0367003 1.81556 
1.00016 0.243423 0.048517 1.8169 
1.03105 0.0632608 0.0303878 1.86529 
1.02924 0.0778929 0.0520936 1.86256 
1.03037 0.0512188 0.0572932 1.86388 
1.02975 0.0640426 0.0463178 1.86254 
1.01881 0.160403 0.02244 1.84596 
0.997908 0.255804 0.0355735 1.81391 
0.971021 0.264522 -0.0974338 1.76567 
0.999795 0.248049 0.0348416 1.81658 
0.977499 0.31423 -0.0129957 1.78223 
0.999816 0.248059 0.0353861 1.81665 
1.01811 0.135561 0.0910975 1.85117 
1.01062 0.144892 0.17991 1.84253 
0.974396 0.255087 -0.124273 1.77175 
1.00539 0.231592 0.0103247 1.82608 
1.02238 0.137428 0.0842424 1.85242 
1.00921 0.213077 -0.0156929 1.8313 
1.00824 0.199915 -0.0582806 1.82893 
1.02838 0.043323 0.095355 1.86121 
1.02375 0.0778267 0.119971 1.85432 
1.02233 0.0464652 0.146498 1.85219 
1.02468 0.0551739 0.120043 1.855 
1.01502 0.180658 0.0110581 1.83975 
0.999214 0.162366 -0.126101 1.81087 
0.969482 0.328175 0.12556 1.77395 
0.959627 0.306221 -0.031198 1.74757 
1.02487 0.125626 0.030077 1.85561 
1.02529 0.125758 0.0189746 1.85645 
1.0238 0.135508 0.023152 1.854 
1.02487 0.128968 0.0239859 1.85587 
0.948906 0.248869 0.0890224 1.71352 
0.951917 0.219264 0.0745234 1.71231 
0.948862 0.231221 0.0726519 1.70746 
0.950698 0.233203 0.0783303 1.71294 
1.0164 0.172309 0.0442543 1.84258 
0.968934 0.285375 -0.116178 1.76619 
1.00782 0.219222 0.0262145 1.82948 
0.932499 0.32783 0.137392 1.70294 
0.930104 0.317506 0.131199 1.69328 
1.01719 0.174933 0.0230615 1.84438 
0.998757 0.0976381 0.246917 1.81713 
1.01054 0.0584396 0.221038 1.83674 
1.00847 0.0938477 0.208346 1.83241 
1.00465 0.0821919 0.226073 1.82501 
1.01717 0.111519 0.09507 1.84971 
0.959148 0.313657 -0.0260005 1.74812 
1.02053 0.11279 0.0860218 1.85355 
0.998207 0.246529 0.0236808 1.81292 
1.0075 0.212628 0.0439864 1.82792 
1.00254 0.240957 0.0280662 1.82135 
1.02305 0.153187 0.0137958 1.85443 
0.976105 0.262386 -0.0393823 1.7745 
0.975808 0.259726 -0.0462067 1.77374 
0.974376 0.268544 -0.0421415 1.77208 
0.974763 0.263291 -0.0424942 1.77177 
1.00037 0.246748 0.0322618 1.81766 
1.02396 0.138205 0.024781 1.8547 
1.0087 0.215423 0.00430502 1.83055 
1.00011 0.247108 0.0332587 1.81717 
1.00034 0.246568 0.0351161 1.81756 
0.999032 0.251138 0.0331842 1.81538 
1.02694 0.127975 0.0278515 1.86043 
1.02624 0.130147 0.0201458 1.85861 
0.959447 0.313422 -0.0966408 1.75078 
0.947152 0.371515 0.0397927 1.73593 
1.01767 0.170437 -0.00567153 1.84426 
0.948748 0.0726801 0.346075 1.73072 
0.977931 0.116557 0.302389 1.7851 
0.953034 0.155881 0.34232 1.74614 
0.966927 0.119376 0.333714 1.77151 
1.01887 0.166421 -0.0516583 1.84753 
0.999781 0.248192 0.0351863 1.81659 
0.999747 0.247977 0.0345437 1.81643 
0.969364 0.318093 0.110378 1.7681 
0.955311 0.334528 -0.125125 1.74603 
1.00994 0.207864 0.0243838 1.83238 
0.941162 0.40054 0.0344564 1.72659 
0.952516 0.365209 0.0465882 1.74281 
0.950349 0.36635 0.0170634 1.73857 
0.948077 0.377609 0.0328495 1.73582 
1.0207 0.157791 -0.0340923 1.85007 
1.01903 0.164376 -0.0438854 1.84727 
0.948117 0.373381 -0.0802283 1.73711 
0.952795 0.341157 -0.0751034 1.74031 
0.951988 0.364475 -0.0862065 1.74419 
1.00411 0.231407 0.0452131 1.82367 
1.02279 0.132905 0.0797123 1.85257 
0.999916 0.246745 0.0308145 1.8168 
0.999612 0.248766 0.0356582 1.81633 
1.02098 0.109346 0.0855423 1.85396 
1.02066 0.109045 0.0865003 1.85376 
1.02166 0.109431 0.0874408 1.85428 
1.02109 0.109232 0.0864377 1.85403 
0.930446 0.276226 0.0927346 1.67674 
0.929814 0.293315 0.110795 1.68244 
0.933747 0.283098 0.0990683 1.6874 
0.931836 0.283333 0.1012 1.68315 
0.920768 0.295349 0.124136 1.66312 
0.920333 0.288719 0.11351 1.65863 
0.950453 0.34089 0.140193 1.74025 
0.953703 0.360391 0.0220448 1.74509 
0.966516 0.289771 -0.144575 1.76177 
0.947755 0.334368 0.148264 1.73997 
0.946616 0.331231 0.150396 1.73776 
0.946572 0.325127 0.142946 1.73589 
0.945738 0.331437 0.147089 1.73546 
1.02417 0.136296 0.00475644 1.85487 
1.02534 0.127094 0.00892725 1.85663 
1.02516 0.12919 0.000385273 1.85641 
1.02486 0.13088 0.00457914 1.85589 
1.0268 0.110654 -0.0293893 1.85876 
1.02674 0.112413 -0.0205347 1.85854 
1.02766 0.103827 -0.0246993 1.86007 
1.02721 0.109082 -0.0249854 1.85947 
1.02378 0.108349 0.0872608 1.85521 
1.02345 0.111263 0.0860636 1.85509 
1.02262 0.109382 0.0878144 1.85459 
1.02367 0.109799 0.0871185 1.85584 
1.03037 0.052371 0.0754541 1.86354 
1.02976 0.0359594 0.0995478 1.86369 
1.033 0.0272806 0.0770202 1.86916 
1.03082 0.0386541 0.0835119 1.86458 
0.995149 0.225579 -0.0177324 1.80533 
1.00014 0.247219 0.0348222 1.81721 
1.01554 0.1801 -0.0550197 1.84179 
1.01629 0.175233 0.017144 1.84211 
1.02502 0.102316 0.0873362 1.85627 
1.02576 0.0967246 0.0894594 1.85754 
1.02606 0.0987049 0.0846425 1.85753 
1.02603 0.0991884 0.0871521 1.85811 
1.02441 0.129493 0.0356414 1.8551 
1.02373 0.138802 0.0281219 1.85438 
1.02279 0.139045 0.0392029 1.85241 
1.02374 0.135793 0.0341977 1.85418 
0.997491 0.256839 0.0301786 1.81286 
0.929242 0.299999 0.148084 1.68977 
0.922373 0.317134 0.155609 1.67943 
0.922986 0.312892 0.178042 1.68182 
0.927812 0.307929 0.158939 1.68994 
1.01518 0.179581 0.0142498 1.84002 
0.977983 0.312908 0.0431017 1.78192 
1.01808 0.165833 -0.039738 1.84504 
0.962282 0.345308 0.0740253 1.75726 
1.02303 0.118705 0.0867623 1.85392 
1.01019 0.146833 0.135107 1.83831 
1.01294 0.133636 0.136208 1.84245 
1.01314 0.136617 0.121661 1.84263 
1.0119 0.138785 0.130885 1.84061 
0.99813 0.254304 0.032821 1.81395 
1.00663 0.219824 0.043757 1.82728 
0.970954 0.333504 0.00692407 1.77203 
0.972137 0.269131 -0.146862 1.77002 
0.99972 0.248304 0.0363649 1.81651 
1.00339 0.231928 0.0405566 1.8218 
1.02109 0.126064 0.0954501 1.8531 
1.01913 0.159095 0.0997723 1.85028 
0.933693 0.311328 0.253216 1.71588 
0.936316 0.252552 0.178884 1.69681 
0.926305 0.310205 0.210864 1.6928 
0.932533 0.288988 0.215981 1.7023 
1.01771 0.172704 -0.0490881 1.84562 
1.01858 0.11617 0.0957425 1.8511 
1.00029 0.247128 0.0336051 1.81752 
1.0203 0.103987 0.111914 1.85121 
1.02249 0.0935039 0.11185 1.85382 
1.02221 0.0999235 0.10256 1.85324 
1.02243 0.0990666 0.10869 1.85466 
0.966107 0.318006 0.137185 1.76417 
0.999168 0.251202 0.0319573 1.81566 
0.965885 0.233016 0.263007 1.7696 
0.966994 0.214169 0.213884 1.76402 
0.9577 0.239639 0.24319 1.75177 
0.962178 0.233161 0.243152 1.75963 
0.944762 0.235734 0.0609072 1.69776 
0.942738 0.250881 0.077995 1.69803 
0.946896 0.235201 0.0684263 1.70334 
0.94511 0.23994 0.0693503 1.70027 
1.01568 0.173682 0.0615277 1.84188 
0.975512 0.320166 -0.00345848 1.77828 
1.00695 0.221905 -4.51277e-05 1.82771 
0.977817 0.249723 -0.148817 1.77903 
1.0143 0.173719 0.0688194 1.83889 
1.0172 0.164094 0.0383987 1.84301 
1.02307 0.143887 0.0281285 1.85344 
1.02084 0.1532 0.0336142 1.84938 
1.02207 0.145127 0.0384465 1.85144 
1.02226 0.147064 0.0335514 1.85202 
1.01773 0.174558 0.00575953 1.84492 
1.02724 0.10326 0.0729355 1.85948 
1.02805 0.0956495 0.0712514 1.86064 
1.02746 0.102453 0.0663128 1.85943 
1.02743 0.100406 0.0699638 1.85941 
1.01693 0.176384 0.00265561 1.84356 
0.948857 0.262809 0.117029 1.72033 
0.948069 0.272418 0.108688 1.71996 
0.946635 0.300143 0.128666 1.72688 
0.949428 0.279385 0.118086 1.72632 
0.999612 0.24937 0.0336148 1.81639 
0.955769 0.360798 0.0548512 1.74801 
1.0193 0.122077 0.0968863 1.85108 
1.02111 0.144866 0.0485695 1.85014 
0.999067 0.247598 0.0496215 1.81528 
1.01298 0.191163 0.0603187 1.83826 
0.999798 0.248077 0.0334633 1.81659 
1.02606 0.121119 -0.013806 1.85778 
1.02533 0.131148 -0.0150884 1.85723 
1.02552 0.12688 -0.00830961 1.85707 
1.02559 0.126244 -0.0119825 1.85722 
0.915447 0.427725 0.00395609 1.68212 
0.930729 0.427745 0.020492 1.71406 
0.931694 0.424266 -0.00593313 1.71489 
0.926364 0.429301 0.00553492 1.70548 
0.971258 0.328595 -0.00321664 1.77194 
0.997435 0.256567 0.0338146 1.81287 
0.955278 0.327108 0.162383 1.74969 
1.01289 0.184814 0.0636389 1.83703 
0.99921 0.25034 0.0335379 1.81564 
0.978741 0.247043 -0.133018 1.78009 
0.933807 0.377738 0.0689386 1.71169 
1.00061 0.244432 0.0385175 1.81783 
1.00102 0.243828 0.040457 1.81878 
1.02267 0.143842 0.0265345 1.85271 
1.02062 0.110396 0.0849424 1.85383 
1.0209 0.11007 0.0850066 1.85398 
1.02157 0.111752 0.0854293 1.85424 
1.02105 0.11069 0.085133 1.8542 
0.999463 0.249488 0.0340885 1.81609 
1.01626 0.175042 0.0135267 1.84177 
1.0135 0.187637 -0.0701439 1.83862 
0.954485 0.346844 0.00203368 1.74444 
1.00012 0.247386 0.0349468 1.81722 
1.01663 0.174525 -0.0537355 1.84342 
0.998765 0.251105 0.0378352 1.81491 
1.0014 0.241487 0.0434024 1.81928 
1.02388 0.142081 -0.00518786 1.85497 
1.02388 0.139561 0.000961677 1.85459 
1.02471 0.133446 -0.0030604 1.85586 
1.0242 0.138316 -0.00225695 1.85523 
1.01467 0.182424 0.0252009 1.83939 
1.01908 0.165986 0.00233234 1.84672 
0.95095 0.332665 -0.0126434 1.73488 
1.01587 0.167542 0.0492652 1.8407 
1.02974 0.0785637 0.0145841 1.86276 
1.02881 0.0957381 0.00618039 1.86186 
1.02898 0.0960569 0.0191583 1.86246 
1.02887 0.0901452 0.0132949 1.86154 
0.995442 0.261026 0.0642478 1.81068 
1.02027 0.162857 0.00366528 1.84912 
0.953245 0.207148 0.0643856 1.71211 
0.95215 0.207285 0.0489964 1.70851 
0.9506 0.222443 0.0642528 1.709 
0.951477 0.211957 0.0587772 1.70842 
1.02599 0.11435 0.0380128 1.85736 
1.02752 0.0989204 0.0459889 1.85988 
1.0274 0.103087 0.030496 1.85944 
1.02695 0.105736 0.0380446 1.85883 
1.01835 0.173329 0.0114328 1.84618 
0.99984 0.24783 0.0339286 1.81663 
1.0152 0.182494 -0.00220153 1.84043 
1.02389 0.121088 0.0848263 1.8549 
1.01895 0.171421 0.0176846 1.84707 
1.01909 0.169749 0.0142323 1.8471 
1.01885 0.172347 0.0151269 1.84691 
1.01883 0.171001 0.0155968 1.84664 
0.999847 0.247741 0.0334825 1.81667 
1.00034 0.246394 0.035886 1.81755 
0.993637 0.189518 -0.111031 1.80144 
1.01847 0.165591 -0.0585939 1.84673 
0.990844 0.273902 -0.0215474 1.80205 
0.940624 0.395589 -0.0743908 1.72662 
0.931053 0.398027 -0.0727296 1.70711 
0.936266 0.405852 -0.0612097 1.71981 
0.937115 0.401918 -0.0702855 1.72117 
0.986648 0.288853 -0.0126104 1.79507 
1.01922 0.162176 -0.0563138 1.84792 
0.997511 0.168863 -0.103791 1.80624 
1.0183 0.134936 0.0979431 1.8499 
1.00277 0.23765 0.0323865 1.82134 
1.01491 0.180956 -0.0705771 1.84123 
0.971417 0.28402 -0.0230724 1.76751 
0.973987 0.287098 -0.0343666 1.77343 
0.971075 0.287996 -0.0322421 1.76762 
0.999657 0.248799 0.0337618 1.81638 
1.03 0.0499447 0.101771 1.86537 
1.03026 0.0607381 0.080195 1.86435 
1.02924 0.0679867 0.0935787 1.8639 
1.02836 0.0597822 0.0908246 1.86067 
1.01833 0.114388 0.0932446 1.84994 
1.02836 0.0925252 0.0664542 1.8608 
1.02904 0.094596 0.0533661 1.86198 
1.02846 0.101136 0.0616944 1.86153 
1.02857 0.0960316 0.0605855 1.86128 
0.99954 0.249979 0.0315672 1.81634 
0.961642 0.337813 0.151656 1.76033 
0.978482 0.289998 0.152707 1.78591 
0.975497 0.310058 0.11944 1.78159 
0.970251 0.313554 0.14108 1.77175 
1.02697 0.0952639 0.0760883 1.85836 
1.02652 0.102263 0.0765379 1.85796 
1.02632 0.0991214 0.081169 1.85768 
1.02733 0.0991106 0.0780901 1.85983 
0.994668 0.179885 -0.130987 1.80338 
0.997262 0.260172 0.0427084 1.81371 
1.00019 0.245637 0.0293318 1.81716 
1.00026 0.246432 0.0382338 1.81745 
0.954509 0.338332 -0.00675901 1.74325 
1.01479 0.183117 -0.0718404 1.84126 
0.959282 0.34893 0.00644858 1.75353 
1.02424 0.136026 -0.0137716 1.85511 
1.02354 0.140685 -0.00906637 1.85396 
1.02476 0.132417 -0.00745084 1.85587 
1.024 0.136405 -0.0101667 1.8545 
0.991902 0.270838 0.0587678 1.80428 
0.946055 0.335843 0.150749 1.73538 
0.948106 0.332205 0.147876 1.73735 
0.948992 0.336717 0.145107 1.73848 
0.947782 0.33446 0.148035 1.73718 
0.954496 0.344108 0.013308 1.74345 
0.95614 0.339449 0.0394239 1.74526 
0.961602 0.313951 0.0161176 1.7533 
0.958286 0.33176 0.0228027 1.74925 
1.02468 0.130188 -0.0202558 1.85555 
1.02583 0.121308 -0.0187814 1.85729 
1.0253 0.125359 -0.0244488 1.85654 
1.02507 0.12546 -0.0211873 1.85593 
0.986288 0.288975 0.00544883 1.79379 
0.926868 0.30148 0.118947 1.67895 
0.924696 0.287697 0.109818 1.66827 
0.923736 0.303231 0.123933 1.67265 
0.924606 0.296451 0.116647 1.67162 
1.01666 0.12195 0.0974991 1.84815 
0.999253 0.249498 0.0381917 1.81573 
0.971771 0.239391 0.215184 1.77406 
1.00236 0.236053 0.0471117 1.82052 
1.02023 0.165099 0.0077838 1.84932 
1.01962 0.163176 0.00650375 1.8475 
1.01417 0.186224 -0.00494133 1.83861 
1.02339 0.139107 -0.0434186 1.8543 
1.01733 0.179658 0.0105351 1.84448 
1.02006 0.160311 -0.0240951 1.84867 
1.02215 0.143704 -0.0462184 1.85195 
1.00212 0.238696 0.0436964 1.8204 
1.01961 0.167902 0.00505646 1.84831 
1.01938 0.16789 0.0123942 1.84756 
1.01985 0.16454 0.0140135 1.8482 
1.01968 0.165903 0.0102313 1.848 
1.01988 0.166159 0.0122684 1.84854 
1.00365 0.233042 0.034821 1.82251 
0.939577 0.265779 0.0860327 1.69514 
0.937263 0.258572 0.0763723 1.68668 
0.936472 0.274856 0.0938638 1.69098 
0.937871 0.26577 0.0855482 1.69096 
0.999936 0.247491 0.0338535 1.81685 
1.01461 0.183844 -0.0425637 1.83985 
1.00011 0.247418 0.0348257 1.81721 
1.02636 0.117084 -0.0217337 1.85816 
1.02639 0.115217 -0.0296201 1.8582 
1.02541 0.122148 -0.0265245 1.85645 
1.02623 0.118136 -0.0261324 1.85803 
0.943329 0.381585 0.129357 1.73065 
0.949926 0.370484 0.0818979 1.73808 
0.93199 0.408362 0.100593 1.71228 
0.944507 0.388329 0.104413 1.7333 
1.01426 0.189672 -0.0533582 1.84032 
1.02246 0.114546 0.0866274 1.85419 
1.02332 0.116908 0.0865643 1.8549 
1.02071 0.130226 0.0957487 1.85117 
1.0236 0.134842 0.0731581 1.85501 
1.00218 0.237788 0.0405958 1.82019 
0.963181 0.343358 0.000165573 1.75985 
1.00041 0.243679 0.0448234 1.81742 
1.02213 0.149591 0.020856 1.85208 
1.01216 0.194892 -0.05039 1.83581 
1.02121 0.154824 0.0288372 1.8504 
1.02244 0.146684 0.024021 1.85213 
1.02141 0.152497 0.0221449 1.85035 
1.02189 0.151275 0.0251379 1.85147 
0.959055 0.34885 0.0815357 1.75319 
0.95467 0.355922 0.128399 1.74734 
0.967627 0.319433 0.103578 1.76494 
0.962744 0.343053 0.104375 1.76045 
0.936491 0.375577 0.0555922 1.71629 
1.00005 0.247458 0.0350382 1.81708 
0.99983 0.247736 0.0347209 1.81658 
1.01714 0.176569 0.0116137 1.84399 
0.998283 0.172175 -0.112811 1.80918 
0.998921 0.252549 0.0307198 1.81535 
0.9942 0.255934 0.0761944 1.80718 
1.02367 0.129572 0.0606151 1.85439 
1.02463 0.126485 0.0435855 1.85559 
1.02346 0.138039 0.0466829 1.85428 
1.02329 0.13151 0.049916 1.85313 
1.02214 0.150352 -0.0171366 1.85207 
1.02208 0.143617 0.0343526 1.85165 
0.990309 0.196645 -0.138124 1.79674 
0.941437 0.367101 0.0286259 1.72292 
0.952683 0.206207 0.331326 1.74957 
0.960892 0.218841 0.293911 1.7601 
0.94555 0.242399 0.318301 1.73658 
0.954088 0.222619 0.315845 1.75117 
1.02418 0.0908624 0.106571 1.85642 
1.02514 0.0941591 0.0965124 1.85723 
1.02387 0.0980434 0.0995979 1.85614 
1.02401 0.0945567 0.100488 1.85557 
0.981509 0.235631 -0.129215 1.78386 
1.02327 0.123864 0.0880721 1.85454 
0.983387 0.296474 0.0517027 1.7906 
1.01218 0.194888 0.013956 1.83528 
0.964157 0.348057 0.0596752 1.76198 
0.999106 0.250425 0.0388597 1.81562 
0.985491 0.298215 0.0343092 1.79546 
0.962561 0.323844 0.0478311 1.7565 
0.970572 0.287799 0.035221 1.76736 
0.965945 0.301506 0.0210467 1.76033 
0.965486 0.302983 0.0338043 1.75901 
1.02558 0.0898703 0.0962221 1.85738 
1.025 0.0851406 0.107524 1.85736 
1.02695 0.0797628 0.0997109 1.85998 
1.02566 0.0849084 0.101383 1.85775 
0.989708 0.284054 -0.0017234 1.80066 
0.970255 0.293189 -0.0343928 1.76698 
0.968877 0.299565 -0.0312285 1.76493 
1.01963 0.133211 0.0981634 1.85076 
0.931514 0.305654 0.120517 1.69152 
0.938819 0.315401 0.127344 1.71271 
0.93572 0.292851 0.107094 1.69591 
0.934097 0.304133 0.116725 1.6966 
0.972376 0.28614 0.0516745 1.77021 
0.964266 0.326277 0.0661261 1.75999 
0.973762 0.303883 0.0866011 1.77564 
0.969363 0.304603 0.0688864 1.76648 
1.00459 0.224085 0.0482241 1.82337 
1.01588 0.177047 0.0193972 1.8414 
1.01652 0.12557 0.0984289 1.84811 
1.01678 0.172003 0.0184651 1.84278 
1.00354 0.235189 0.0395744 1.82292 
0.98939 0.216473 -0.0590276 1.79525 
0.997484 0.242547 0.0739745 1.81169 
0.938535 0.380601 -0.10057 1.71935 
0.944275 0.384937 -0.0871621 1.73229 
0.945628 0.373113 -0.0982427 1.73215 
0.943133 0.383256 -0.0962712 1.72991 
0.988039 0.282743 -0.0226815 1.79808 
1.02002 0.130236 0.0979385 1.85161 
1.00933 0.179539 0.0886098 1.829 
0.961511 0.236348 0.281131 1.76305 
0.952765 0.255688 0.266319 1.74619 
0.948546 0.25756 0.300772 1.74224 
0.955389 0.252403 0.284706 1.75363 
0.996328 0.219997 0.14543 1.81165 
1.00254 0.240682 0.0296963 1.82139 
0.995045 0.26753 0.0390122 1.81005 
0.975173 0.265844 -0.0371792 1.77268 
0.973987 0.273137 -0.0373333 1.77124 
0.974464 0.269302 -0.0385693 1.77188 
1.00002 0.246745 0.0393662 1.81699 
1.02907 0.091855 -0.000765777 1.86212 
1.03098 0.0736842 0.00510042 1.86555 
1.03051 0.0781377 -0.00897587 1.86478 
1.02935 0.0813359 -0.00198031 1.86197 
1.01838 0.124547 0.0980748 1.8497 
1.01314 0.182377 0.0701903 1.83765 
1.00225 0.239393 0.0316266 1.82043 
0.97717 0.299469 0.139859 1.78503 
1.01803 0.167521 -0.0480884 1.84546 
0.999796 0.247607 0.0344503 1.81645 
1.0203 0.136944 0.0974169 1.8515 
0.991998 0.253178 -0.0264541 1.80146 
0.922916 0.41303 -0.0399689 1.69332 
0.932772 0.419055 -0.028836 1.71582 
0.934099 0.412897 -0.0467977 1.71722 
0.929731 0.416607 -0.0393532 1.70887 
1.0016 0.241969 0.0303405 1.81939 
1.01971 0.14746 0.0410488 1.84676 
0.926466 0.329579 0.169023 1.69427 
1.02352 0.11387 0.0853943 1.8552 
1.02324 0.116957 0.0858175 1.85411 
1.02267 0.113857 0.0861004 1.85441 
1.02336 0.114949 0.085602 1.85496 
1.02345 0.131612 0.067217 1.85384 
1.01567 0.178637 -0.0674893 1.84254 
1.0206 0.135623 0.0967175 1.85114 
1.01814 0.155606 0.0447675 1.84424 
0.937614 0.408534 -0.0281165 1.72192 
0.944617 0.383097 -0.0397325 1.73051 
0.937345 0.405745 -0.0468745 1.72098 
0.941668 0.40146 -0.0387238 1.72919 
0.998952 0.25054 0.0404312 1.81533 
1.01993 0.152298 0.0391379 1.84801 
1.0077 0.212858 0.0245997 1.82781 
0.999884 0.247748 0.034358 1.8167 
0.999076 0.251887 0.0255088 1.81575 
0.944861 0.361299 0.0182724 1.72914 
0.999462 0.249017 0.0408503 1.81623 
1.01486 0.181545 -0.0688254 1.84111 
0.976402 0.281092 0.178024 1.78251 
0.95515 0.337701 0.179851 1.75007 
0.961906 0.287072 0.230687 1.76085 
0.96498 0.301752 0.197333 1.76484 
0.949892 0.35069 0.00599914 1.73639 
1.01293 0.129377 0.0797472 1.84085 
0.919337 0.299859 0.135199 1.66272 
0.999405 0.249695 0.0332245 1.81594 
1.0083 0.194822 -0.0678471 1.82864 
1.01809 0.132025 0.0989479 1.84952 
0.996657 0.165539 -0.11762 1.80418 
1.02488 0.133121 -0.0258335 1.85655 
1.02537 0.129817 -0.0267648 1.85734 
1.01537 0.183384 -0.0208854 1.84123 
0.963387 0.312242 -0.0261855 1.75602 
0.958162 0.336948 -0.0921235 1.75307 
0.938001 0.410427 -0.00439903 1.72296 
0.938314 0.410526 0.0217794 1.72353 
0.947445 0.379069 0.00627316 1.73517 
0.942032 0.401244 0.00798006 1.72889 
0.967721 0.329587 0.0742991 1.76443 
1.02263 0.145895 0.0199382 1.85244 
1.02197 0.151102 0.0145833 1.85147 
1.0219 0.151684 0.0201117 1.85144 
1.02213 0.149447 0.0181313 1.85167 
0.99837 0.253173 0.0333531 1.8143 
0.956957 0.331469 -0.0123204 1.74647 
0.960855 0.319359 -0.0234647 1.75188 
1.00045 0.245357 0.0380145 1.81765 
1.00039 0.246115 0.0356003 1.81759 
0.999921 0.247486 0.0341798 1.8168 
0.969059 0.336619 0.0473675 1.76854 
0.968681 0.308953 -0.0258135 1.76526 
0.971072 0.323588 0.0857205 1.77144 
1.00037 0.24642 0.0346254 1.81759 
0.959571 0.353135 0.0161038 1.75456 
1.00536 0.230715 0.0195587 1.82577 
0.995788 0.26271 0.040355 1.81065 
0.986014 0.290975 0.0205226 1.79417 
0.948163 0.372211 -0.0304397 1.73602 
0.941615 0.402104 -0.017257 1.72868 
0.948819 0.369383 -0.00699623 1.73632 
0.945998 0.381251 -0.0181165 1.73287 
0.960961 0.179424 0.170768 1.73928 
0.958609 0.171259 0.135524 1.72703 
0.953153 0.213683 0.206697 1.73215 
0.955374 0.184967 0.168983 1.72685 
0.950814 0.378931 0.0643189 1.74235 
0.937533 0.412169 0.049849 1.72289 
0.935741 0.415085 0.0822466 1.72219 
0.940465 0.401988 0.064553 1.72627 
0.910479 0.245105 0.356488 1.67477 
0.939664 0.207895 0.354669 1.72915 
0.938759 0.254963 0.335624 1.73045 
0.928646 0.24129 0.351777 1.71084 
1.00023 0.246769 0.0356935 1.81736 
0.956374 0.189029 0.0692007 1.71635 
0.959316 0.173487 0.0723138 1.72075 
0.960267 0.165204 0.0549294 1.72045 
0.959652 0.176178 0.0649917 1.72151 
0.965859 0.313357 -0.0241524 1.76007 
1.02636 0.119067 0.0190833 1.85833 
1.02589 0.118395 0.0308008 1.85734 
1.02758 0.108253 0.024129 1.86029 
1.02632 0.115058 0.0246619 1.85787 
1.00006 0.247519 0.0349403 1.81711 
0.944139 0.259701 0.0880151 1.70473 
0.947473 0.260644 0.0935911 1.71365 
0.94773 0.240278 0.0764883 1.70729 
0.945901 0.25305 0.0858628 1.70699 
0.997092 0.256885 0.0409532 1.81237 
1.02098 0.146344 0.0340536 1.84945 
0.973964 0.323764 0.0143587 1.77505 
0.999583 0.249551 0.0324166 1.81635 
1.01911 0.166785 0.00753868 1.84679 
0.949975 0.267962 0.2665 1.74351 
0.938777 0.303433 0.289567 1.73051 
0.944432 0.276645 0.305827 1.73916 
0.941776 0.284257 0.288394 1.73134 
0.98779 0.278967 0.0606474 1.79663 
0.962224 0.329708 0.148758 1.76268 
1.00763 0.221512 -0.0087392 1.82968 
0.99782 0.156688 -0.109006 1.8048 
0.999289 0.243029 0.0625556 1.81543 
0.974471 0.270554 -0.132666 1.77559 
0.966929 0.281886 -0.129252 1.76018 
0.978109 0.299063 0.106102 1.78274 
0.996456 0.259685 0.0372026 1.81138 
1.01445 0.179582 0.0575682 1.83963 
0.956799 0.322922 -0.0209395 1.74523 
0.951048 0.350798 -0.0309423 1.73801 
0.952534 0.347777 -0.00882642 1.74039 
0.953215 0.339688 -0.0202086 1.7405 
1.00336 0.235668 0.0367682 1.82247 
0.947838 0.37787 -0.0502227 1.737 
0.945582 0.388236 -0.0676953 1.7351 
0.941331 0.402398 -0.0557582 1.72938 
0.943519 0.389587 -0.0578066 1.73017 
0.958645 0.313244 -0.0126638 1.74687 
0.95507 0.335858 0.000299649 1.74345 
0.96109 0.309115 0.00424215 1.75121 
0.958595 0.318727 -0.00288669 1.74796 
0.929538 0.314251 0.131749 1.69108 
0.928613 0.315312 0.137557 1.69003 
0.924352 0.318877 0.148127 1.68261 
1.02046 0.145446 0.0533278 1.86353 
1.01539 0.0685754 0.0186326 1.84356 
1.01382 0.126492 0.066292 1.84337 
1.01976 0.104926 0.0670138 1.85528 
1.01124 0.0582646 0.00352527 1.83343 
1.02929 0.0397575 0.0364465 1.87815 
1.0248 0.0584443 0.151172 1.87612 
1.01743 0.0685717 0.0961633 1.84835 
0.977323 0.109902 0.267933 1.78637 
1.01473 0.112463 0.210342 1.86192 
0.974988 0.109193 0.284983 1.78381 
0.978206 0.113891 0.289372 1.79197 
0.972313 0.125554 0.276631 1.77522 
0.982404 0.162362 0.291752 1.81239 
0.917976 0.26564 0.297165 1.68147 
0.954101 0.23699 0.278547 1.75463 
0.925993 0.268294 0.283852 1.69682 
0.892474 0.317328 0.224628 1.62177 
0.931413 0.296192 0.245889 1.71035 
0.900946 0.308419 0.205806 1.63446 
0.90625 0.305317 0.16174 1.63762 
1.00609 0.161406 -0.0794072 1.82342 
1.01448 0.185268 -0.0715731 1.84111 
0.998616 0.252623 0.0358296 1.81486 
0.998089 0.253969 0.0348112 1.81387 
0.985307 0.289352 0.0286717 1.79221 
0.997314 0.239497 0.00458735 1.81058 
0.997246 0.239783 -0.0086795 1.81124 
0.996296 0.25765 0.0162221 1.81012 
0.997173 0.254309 -0.00472372 1.81212 
1.00784 0.21368 0.0972068 1.83285 
1.00588 0.199757 0.0777021 1.82352 
1.00125 0.22723 0.0971549 1.81948 
1.00715 0.199881 0.066222 1.82583 
0.990026 0.26505 0.109027 1.80245 
1.00123 0.236142 0.0085965 1.81881 
1.01818 0.139943 0.0936791 1.84294 
1.00537 0.20838 -0.0418553 1.82342 
1.00505 0.216508 -0.0242444 1.8239 
0.971609 0.269287 -0.0836552 1.76773 
1.01909 0.139076 0.0976297 1.84758 
0.941921 0.339747 0.153397 1.7278 
0.941246 0.343683 0.150927 1.72989 
0.995694 0.257298 -0.0137774 1.80929 
0.997738 0.174827 -0.0802418 1.80678 
0.998701 0.251758 0.0348185 1.81482 
1.0133 0.194297 -0.0673713 1.83955 
1.00346 0.223055 -0.0129833 1.82282 
