0.957968 0.204014 -0.0772249 1.71944 
1.0001 0.247492 0.0347382 1.81718 
1.0152 0.226229 -0.0133652 1.8541 
0.991241 0.237359 0.105659 1.8106 
0.992766 0.236802 0.0969073 1.81198 
0.989615 0.250759 0.0993578 1.8068 
0.991871 0.240933 0.101 1.8113 
1.01082 0.222356 0.0355836 1.83981 
0.999689 0.248287 0.0353681 1.81644 
1.01436 0.202784 0.0326239 1.85686 
0.974928 0.281734 0.091651 1.7811 
0.978699 0.282708 0.0896236 1.78821 
0.974265 0.288594 0.0819424 1.77889 
0.975584 0.284922 0.0877372 1.78196 
1.01225 0.231535 -0.00777214 1.84736 
1.00493 0.087101 0.0647277 1.82044 
1.00569 0.0851998 0.062584 1.82199 
1.00541 0.0888466 0.0615322 1.8215 
1.00524 0.0867713 0.0630086 1.82105 
1.003 0.24535 0.0271459 1.82423 
1.02704 0.135966 0.0480602 1.8766 
1.02273 0.149214 0.068939 1.86989 
1.02816 0.123981 0.0577781 1.88104 
1.02668 0.134597 0.0581195 1.87732 
1.00227 0.247248 0.0266001 1.8236 
0.994097 0.257389 0.0312968 1.80591 
1.02843 0.170341 -0.0546637 1.88186 
1.00067 0.247365 0.0309135 1.81943 
1.0109 0.207675 0.0403543 1.84064 
1.0214 0.189548 -0.0231321 1.86359 
1.01487 0.225735 -0.016929 1.85389 
1.02835 0.166006 -0.0468722 1.88033 
0.971175 0.244087 0.118482 1.77079 
0.974557 0.220692 0.128018 1.77684 
0.977849 0.236419 0.120349 1.78564 
0.974465 0.233144 0.123007 1.77776 
1.00384 0.130485 0.0552771 1.81925 
1.00708 0.141051 0.0540971 1.82791 
1.00488 0.237554 0.0267034 1.82703 
1.00009 0.247674 0.0347041 1.81723 
1.02727 0.171293 -0.0502192 1.87856 
0.990411 0.250862 0.0147646 1.796 
0.946898 0.275376 0.111412 1.72769 
0.956957 0.249481 0.143037 1.75054 
0.964816 0.265014 0.116839 1.76709 
0.955183 0.265198 0.125196 1.74693 
1.00008 0.247492 0.0347721 1.81713 
1.0011 0.245579 0.0329539 1.81924 
0.993068 0.257285 0.0255315 1.80354 
1.01209 0.20295 0.0415244 1.84337 
1.00751 0.06852 0.063692 1.82766 
1.00818 0.0739838 0.0610555 1.82871 
1.00711 0.0744008 0.0660193 1.82688 
1.00809 0.0723778 0.0637521 1.829 
0.969424 0.233599 -0.0519565 1.74938 
1.01256 0.211972 0.03167 1.84372 
1.01971 0.18104 0.0162731 1.8579 
1.0195 0.180295 0.0217289 1.85796 
1.02062 0.177685 0.0165904 1.8595 
1.01987 0.179773 0.0181939 1.85826 
1.00631 0.105776 0.0558216 1.82418 
1.00728 0.102697 0.0527663 1.82609 
1.00683 0.114489 0.0537875 1.82579 
1.00689 0.107318 0.0541892 1.82555 
0.964631 0.280212 -0.0247334 1.75238 
0.959425 0.276728 -0.0473402 1.73998 
0.958713 0.287585 -0.0340276 1.74265 
0.961517 0.282495 -0.0351535 1.74664 
1.02134 0.222659 -0.0678921 1.87885 
1.01192 0.220117 0.0117672 1.84249 
0.997094 0.11506 0.070974 1.8038 
1.01178 0.207761 0.0398689 1.84701 
1.00151 0.244537 0.032612 1.82001 
0.998296 0.251112 0.0378076 1.81412 
0.967598 0.206224 -0.0583607 1.7408 
1.01306 0.196996 0.0111305 1.84477 
1.01073 0.224068 0.0176929 1.83969 
0.996893 0.25463 0.0509128 1.81331 
1.01432 0.110938 -0.0145086 1.84534 
1.01411 0.122633 -0.00117941 1.84475 
1.01476 0.105213 -0.00311918 1.84583 
1.01454 0.112684 -0.00636281 1.84566 
1.01441 0.197406 0.00952454 1.84666 
0.998567 0.245363 0.0316966 1.81364 
1.01298 0.195248 0.0126943 1.84454 
1.0162 0.193426 0.00777751 1.85019 
1.02975 0.161144 -0.0504012 1.88384 
0.985769 0.274386 0.0759111 1.79696 
1.00017 0.247629 0.0339665 1.81754 
1.01255 0.15644 -0.00405989 1.8424 
1.01537 0.149759 -0.0116741 1.84928 
0.999296 0.246799 0.0332927 1.81532 
1.0008 0.24591 0.0338219 1.81856 
1.01891 0.182807 0.0165592 1.85659 
1.01835 0.189216 0.0188483 1.85767 
1.01826 0.184175 0.0231932 1.85609 
1.01869 0.185254 0.0192811 1.85716 
1.01406 0.11827 -0.0176546 1.84499 
1.01253 0.133539 -0.0141872 1.84153 
1.01365 0.12912 -0.00396289 1.84397 
1.01345 0.127326 -0.0121027 1.84366 
1.00122 0.246544 0.0268268 1.82139 
1.0124 0.195683 0.0082679 1.84311 
1.00004 0.247628 0.0345052 1.81719 
1.01293 0.225889 -0.0046199 1.84739 
1.02457 0.183605 -0.0274525 1.87102 
1.00011 0.247655 0.0346657 1.81726 
0.986092 0.274311 0.0414977 1.79306 
0.976705 0.25354 -0.0191601 1.76642 
1.00487 0.206126 0.051366 1.83079 
1.00513 0.235432 0.0437852 1.82791 
1.01777 0.187155 0.00477856 1.85299 
1.00782 0.241203 0.012751 1.83641 
0.999803 0.247711 0.0345472 1.81652 
1.00616 0.201617 0.0505101 1.83067 
1.00391 0.16656 0.0805429 1.8308 
1.00734 0.160186 0.0618399 1.83708 
1.00334 0.181431 0.0666712 1.82878 
1.00404 0.168589 0.070316 1.83008 
0.979962 0.212598 -0.0242247 1.76816 
0.98422 0.216875 -0.0270571 1.77891 
0.982381 0.225498 -0.0163153 1.77588 
0.986779 0.217223 -0.00830322 1.78585 
0.984794 0.219031 -0.0164683 1.78083 
0.998043 0.199905 0.0624965 1.81531 
0.992766 0.253172 0.0215223 1.8018 
0.965116 0.270298 -0.0441224 1.75024 
0.96849 0.2738 -0.0236888 1.75844 
0.969739 0.263789 -0.0307954 1.75699 
0.96746 0.270333 -0.0322807 1.75474 
0.991306 0.245514 0.0118057 1.79733 
0.999866 0.247347 0.0345214 1.81673 
0.98519 0.271673 0.0912549 1.79886 
0.985669 0.26675 0.0930578 1.79875 
1.01277 0.220439 0.00147224 1.84541 
1.00625 0.152177 0.054765 1.82665 
1.00066 0.246439 0.0338303 1.81834 
1.03682 0.0807423 -0.0451169 1.90165 
1.03449 0.094107 -0.0510554 1.89545 
1.03434 0.0963269 -0.035779 1.8944 
1.03553 0.0903905 -0.045092 1.89806 
0.949668 0.177183 -0.109654 1.69925 
1.02284 0.17306 -0.00402286 1.86388 
1.02413 0.1668 -0.00346664 1.86642 
1.02433 0.170837 -0.00956552 1.86755 
1.02349 0.170186 -0.00558857 1.86521 
0.994459 0.227142 0.0968729 1.81495 
0.993736 0.226582 0.106487 1.81554 
0.996165 0.213275 0.101279 1.81867 
0.994596 0.222733 0.101782 1.81591 
1.01622 0.22862 -0.0331922 1.86088 
1.014 0.199474 0.00891755 1.84594 
1.01799 0.203927 -0.0182094 1.85707 
0.995142 0.250355 0.0248075 1.80667 
0.973125 0.251874 -0.0289598 1.75946 
0.999655 0.248105 0.0344712 1.81629 
1.02025 0.181037 0.00517991 1.85831 
1.01961 0.180488 0.00359567 1.85662 
1.01995 0.180567 0.00834885 1.85749 
1.01837 0.183271 0.00839471 1.85393 
1.01965 0.180584 0.0103694 1.8568 
1.01956 0.181232 0.00897626 1.85662 
0.966223 0.297075 0.0611759 1.75933 
1.01041 0.233084 0.00404247 1.84178 
1.0141 0.124211 0.00595658 1.84442 
1.01357 0.118462 0.0156054 1.84235 
1.01472 0.106648 0.0042748 1.84539 
1.01417 0.116857 0.00890774 1.84413 
0.984987 0.193787 -0.0207813 1.77788 
0.984494 0.210548 -0.0289382 1.77884 
0.988791 0.208981 -0.00574518 1.7897 
0.986216 0.203953 -0.0211153 1.78229 
1.01224 0.229934 -0.0175091 1.84892 
1.00708 0.188591 0.0498436 1.8309 
0.97776 0.220623 -0.0327974 1.76463 
0.979452 0.234653 -0.0197682 1.77023 
0.977784 0.236888 -0.0264848 1.7664 
0.97732 0.243217 -0.0221251 1.76658 
0.978318 0.237701 -0.0228767 1.76792 
0.949439 0.125361 -0.0494309 1.68959 
0.980401 0.243801 0.00409982 1.77694 
0.984138 0.24137 0.024276 1.78743 
0.986724 0.227699 0.0104147 1.78906 
0.984088 0.23687 0.0139864 1.7851 
1.0082 0.0779083 0.0579072 1.82809 
1.00784 0.0807778 0.0561936 1.82692 
1.00788 0.0794243 0.0579112 1.82722 
1.00825 0.0792007 0.0573622 1.82809 
0.972598 0.250502 -0.0366199 1.759 
1.01693 0.0786344 -0.0216002 1.8513 
1.01477 0.100357 -0.0200958 1.84628 
1.01565 0.0941667 -0.00807645 1.84798 
1.01555 0.0916886 -0.0165548 1.84797 
1.01175 0.225565 0.0640305 1.84566 
0.978577 0.189356 0.13612 1.78353 
0.984698 0.147983 0.14005 1.79412 
0.985619 0.183466 0.12944 1.79875 
0.982608 0.174145 0.135347 1.79144 
1.00043 0.247676 0.0330298 1.8183 
0.959432 0.173044 -0.065491 1.7175 
1.01708 0.192295 0.000526097 1.85205 
0.999576 0.240776 0.017808 1.81845 
0.995842 0.211846 -0.0205007 1.81382 
0.972214 0.256382 -0.0278389 1.75694 
1.00389 0.244516 0.024763 1.82638 
1.0119 0.214435 0.0194843 1.84193 
0.999344 0.248674 0.0343248 1.81571 
1.04232 0.0428687 -0.0175613 1.91767 
1.03851 0.0641529 -0.0347893 1.9066 
1.03847 0.0689974 -0.00961426 1.90631 
1.03973 0.059298 -0.0218064 1.91009 
0.995866 0.205594 0.0623489 1.81563 
0.982892 0.264483 0.003728 1.78241 
0.987367 0.254701 0.0859027 1.80048 
0.988136 0.248355 0.0799805 1.8006 
0.986392 0.252755 0.0783626 1.79737 
0.987186 0.251992 0.0810448 1.79919 
1.01414 0.148497 0.0196257 1.84499 
1.01392 0.130065 0.0194022 1.84355 
1.01421 0.134327 0.0102584 1.84494 
1.01386 0.136787 0.016274 1.84385 
1.00816 0.10395 0.051077 1.82821 
1.00865 0.113362 0.0486404 1.82973 
1.00739 0.116217 0.0520918 1.82706 
1.00829 0.111649 0.0505312 1.8289 
0.995929 0.240139 0.0249145 1.80719 
0.970882 0.253407 -0.0365044 1.75351 
1.00147 0.244164 0.0334951 1.81982 
0.975279 0.29251 0.0643717 1.77798 
1.00018 0.247623 0.0345174 1.81745 
1.00013 0.247437 0.0347103 1.81726 
0.999938 0.247471 0.0345009 1.81693 
1.00067 0.247653 0.0321607 1.81915 
0.994963 0.22459 0.0860391 1.8141 
0.997903 0.210802 0.0820742 1.81928 
0.994789 0.219793 0.0740549 1.81178 
0.995251 0.217942 0.0803081 1.81328 
1.01611 0.21459 0.03921 1.8537 
1.01283 0.141301 -0.00956958 1.84239 
1.01415 0.152253 0.00149705 1.84609 
1.01353 0.137843 0.000680432 1.84383 
1.01308 0.143234 -0.00185921 1.84301 
0.998092 0.103419 0.0762106 1.80602 
1.00007 0.247455 0.0351371 1.81712 
1.01592 0.0701466 -0.0150582 1.84848 
1.01518 0.0862076 -0.00332454 1.84642 
1.01499 0.067251 -0.000246129 1.84572 
1.01622 0.0738886 -0.00675617 1.84904 
1.01385 0.204078 0.00726637 1.84599 
1.0006 0.246255 0.034781 1.81816 
1.03018 0.132252 -0.0297521 1.88163 
1.02937 0.138313 -0.0349496 1.88008 
1.02901 0.14087 -0.0271172 1.87843 
1.02958 0.137126 -0.0309786 1.88019 
1.0291 0.134897 -0.0581242 1.88186 
1.02853 0.139817 -0.058213 1.88038 
1.02904 0.139287 -0.0538894 1.88147 
1.02891 0.137957 -0.0570287 1.88133 
1.00468 0.240278 0.0268077 1.8271 
0.999792 0.247659 0.0344547 1.81649 
0.999469 0.248406 0.0342574 1.81593 
0.988918 0.247372 0.0824074 1.80236 
0.987766 0.254 0.0872695 1.80112 
0.989557 0.249918 0.0875266 1.80453 
0.988864 0.250457 0.0857905 1.80295 
0.976779 0.187824 -0.0223975 1.75917 
0.985175 0.276375 0.0340853 1.79136 
0.961643 0.161716 -0.0638449 1.72199 
1.02364 0.167315 9.59447e-05 1.86517 
1.0225 0.172941 -0.00101462 1.86295 
1.02259 0.170846 0.00433513 1.86292 
1.02304 0.170113 0.00113412 1.86395 
1.03143 0.113076 0.0218854 1.88545 
1.029 0.127232 0.0373092 1.88015 
1.03064 0.113466 0.0425199 1.88548 
1.03026 0.118222 0.0343712 1.88332 
1.01262 0.197104 0.0124532 1.84362 
1.00026 0.247268 0.0345359 1.81752 
1.02853 0.154368 -0.0578367 1.8808 
1.02005 0.177102 0.0239917 1.859 
1.02197 0.169935 0.0207582 1.86234 
1.02104 0.175358 0.017262 1.86031 
1.02101 0.174041 0.0206538 1.86044 
0.977923 0.257453 -0.0144421 1.76985 
1.01255 0.160365 0.0339456 1.84143 
1.01091 0.161528 0.0288947 1.83723 
1.00794 0.0814225 0.0563688 1.82714 
1.0076 0.0809501 0.0571197 1.8263 
1.0079 0.0799531 0.0575482 1.82719 
1.00759 0.0806966 0.0569883 1.82629 
0.999218 0.244168 0.0283582 1.81622 
1.00118 0.153157 0.0649397 1.81566 
0.991722 0.254372 0.0923747 1.80917 
1.01221 0.22623 -0.000280465 1.84522 
0.999336 0.19588 0.0815987 1.82139 
1.00057 0.177548 0.0845509 1.82368 
1.00031 0.187852 0.0718037 1.82207 
1.001 0.187527 0.0788271 1.82462 
0.999321 0.109594 0.100586 1.81805 
1.00204 0.0826039 0.0960061 1.82193 
1.00168 0.101955 0.0914342 1.82123 
1.00047 0.0985022 0.0964573 1.81909 
1.00729 0.231123 0.0284109 1.83183 
1.00064 0.246655 0.033485 1.81835 
1.02031 0.201598 -0.0301716 1.8636 
0.972634 0.206118 0.173335 1.78555 
0.993165 0.143149 0.187257 1.82943 
0.991925 0.184253 0.166404 1.82585 
0.984836 0.180008 0.178568 1.81197 
1.0292 0.136737 -0.0148911 1.87806 
1.02989 0.131523 -0.0244397 1.88046 
1.02895 0.140614 -0.0226588 1.87792 
1.02948 0.136346 -0.0202545 1.87909 
1 0.247602 0.0347201 1.81705 
0.988349 0.268735 0.0792351 1.80179 
1.01754 0.193692 -0.00281981 1.85344 
0.978632 0.244001 -0.0102418 1.77103 
0.979129 0.235734 -0.0153058 1.76987 
0.977292 0.244236 -0.0196761 1.76689 
0.978184 0.240942 -0.0147313 1.76874 
1.01152 0.200631 0.0339058 1.84079 
0.994379 0.259213 0.0359139 1.80732 
1.01286 0.168997 0.0271334 1.84244 
1.01262 0.215396 0.0378587 1.8454 
0.974854 0.289802 0.077835 1.77899 
0.977522 0.286161 0.0821345 1.78432 
1.0132 0.220028 0.00495739 1.84614 
1.02133 0.174078 0.0145069 1.86057 
1.02209 0.168797 0.0166831 1.86206 
1.02201 0.171429 0.0106779 1.86173 
1.02193 0.171572 0.0140596 1.86176 
1.02712 0.120662 0.06834 1.88026 
1.02024 0.150091 0.080027 1.86596 
1.02011 0.136208 0.0949522 1.86836 
1.02226 0.137138 0.0832049 1.87111 
1.00885 0.0731223 0.0585505 1.83009 
1.00897 0.0663883 0.0599025 1.83093 
1.00956 0.0700431 0.053907 1.8316 
1.009 0.0698532 0.0574426 1.83053 
1.01412 0.204828 0.00874491 1.84687 
1.01248 0.220769 0.045018 1.84458 
1.00006 0.247553 0.0359378 1.81718 
1.0021 0.076682 0.0910188 1.82045 
1.00361 0.0791703 0.0833234 1.82226 
1.00161 0.0935511 0.0882006 1.8195 
1.00338 0.0830352 0.0877207 1.82306 
0.975653 0.254349 -0.0223131 1.76438 
1.01071 0.237792 -0.0107587 1.84728 
1.01874 0.184137 0.0097303 1.85503 
1.01906 0.182413 0.0122963 1.8556 
1.01979 0.181205 0.0111558 1.85726 
1.01922 0.18235 0.0111406 1.85597 
1.02835 0.165327 -0.0410838 1.87959 
1.02473 0.167985 -0.0113362 1.86837 
1.02469 0.163681 -0.00470707 1.86756 
1.02573 0.159305 -0.00987564 1.86999 
1.02501 0.163261 -0.00834794 1.86847 
1.01341 0.0928475 0.0238571 1.84092 
1.01342 0.110434 0.0241079 1.8414 
1.01218 0.100866 0.0317257 1.83781 
1.01244 0.100777 0.0268841 1.83856 
0.991054 0.263759 0.0855017 1.80806 
1.0056 0.0883289 0.0601448 1.82182 
1.00595 0.0847544 0.0611623 1.82252 
1.0064 0.085385 0.0588346 1.82352 
1.00605 0.0861263 0.0598862 1.82277 
0.999695 0.247773 0.0409852 1.81685 
0.999807 0.247595 0.0344639 1.81652 
0.999439 0.246956 0.0335819 1.81564 
1.01973 0.181246 0.0128526 1.85715 
1.02025 0.180481 0.0136613 1.85861 
1.01999 0.180378 0.0122748 1.85773 
1.01991 0.180623 0.0128989 1.8576 
1.02466 0.186256 -0.0699723 1.87611 
0.996961 0.156242 0.0737568 1.8074 
0.997217 0.115943 0.0755519 1.80495 
1.01287 0.110283 0.0186272 1.84019 
1.01329 0.0919459 0.0183825 1.84079 
1.01423 0.0988578 0.00794384 1.84373 
1.01404 0.100033 0.0143814 1.843 
1.0271 0.177624 -0.0488575 1.87882 
1.0006 0.245601 0.0369028 1.81814 
1.00025 0.247395 0.0343636 1.81754 
0.986494 0.173487 0.126455 1.79887 
0.983413 0.137561 0.134132 1.78888 
0.988874 0.147169 0.124605 1.80129 
0.988335 0.153443 0.128101 1.80158 
1.00009 0.247686 0.034673 1.81725 
1.00004 0.247501 0.0356833 1.8171 
1.00005 0.247514 0.0350578 1.81709 
1.01392 0.197447 0.0111457 1.8457 
1.02357 0.195717 -0.0683266 1.87519 
1.00932 0.061474 0.0570427 1.83187 
1.01111 0.0573309 0.0455297 1.83581 
1.01011 0.0669856 0.0509133 1.83298 
1.01 0.0618079 0.0516238 1.83307 
0.937877 0.300704 0.01212 1.70318 
0.937786 0.300025 0.0312984 1.70403 
0.94621 0.302673 0.0224721 1.72346 
0.939758 0.301127 0.0214276 1.70828 
0.999701 0.246145 0.0315879 1.81699 
1.00915 0.238288 -0.000800279 1.84087 
1.01214 0.179509 0.0017232 1.8423 
1.01574 0.195707 0.00770948 1.84946 
1.00444 0.241982 0.0242117 1.82706 
1.00016 0.247472 0.0346586 1.81733 
1.01391 0.200454 0.00966744 1.84601 
0.958513 0.180651 -0.082815 1.71815 
1.0039 0.157193 0.0599443 1.82182 
0.980546 0.249498 0.0253936 1.78117 
0.977521 0.25046 0.00558571 1.77216 
0.975632 0.261604 0.0166922 1.77249 
0.979036 0.254693 0.0171098 1.77832 
0.999227 0.249282 0.035142 1.81563 
1.00878 0.172083 0.0421602 1.83289 
0.945006 0.261415 -0.0896319 1.70604 
1.02581 0.177439 -0.0657374 1.87716 
0.999121 0.249443 0.0389713 1.8157 
0.976433 0.151472 0.101152 1.76358 
1.00004 0.247644 0.0347432 1.81712 
1.01366 0.204975 0.00537207 1.84546 
1.02371 0.162418 0.0243026 1.8663 
1.02352 0.161974 0.0359571 1.86725 
1.02553 0.153993 0.0267445 1.8705 
1.02393 0.159081 0.028383 1.86703 
1.01748 0.189035 0.00657366 1.8526 
1.00416 0.0888053 0.0655762 1.81874 
1.00478 0.0910519 0.0621328 1.82014 
1.00323 0.0937662 0.0652609 1.8168 
1.00415 0.0911081 0.0640839 1.81876 
0.979358 0.198327 -0.015162 1.76555 
1.00037 0.114664 0.0733256 1.81585 
1.00139 0.106917 0.082151 1.81897 
1.00175 0.0993721 0.0793627 1.81813 
1.0022 0.106021 0.0789732 1.82019 
1.00393 0.236493 0.0389264 1.82471 
1.01049 0.182535 0.039855 1.83759 
0.999826 0.247664 0.0346177 1.81656 
0.999554 0.246689 0.0337322 1.81604 
1.02833 0.155308 -0.0506687 1.87984 
1.00003 0.247529 0.0352213 1.81705 
0.998811 0.245735 0.0325237 1.81418 
1.00018 0.247583 0.0334662 1.81773 
1.0027 0.118815 0.0833306 1.8239 
1.00536 0.134462 0.0704949 1.83046 
1.00294 0.150408 0.083362 1.82759 
1.00285 0.135939 0.078727 1.82536 
1.00005 0.247653 0.0346075 1.81717 
1.01168 0.231816 -0.0373963 1.85319 
1.01343 0.216612 0.0104857 1.84605 
1.0111 0.193755 0.0590582 1.84526 
1.01709 0.173679 0.0692922 1.8583 
1.01927 0.171749 0.0514059 1.86025 
1.01709 0.178631 0.0615421 1.85762 
1.006 0.0736116 0.0743549 1.82586 
1.00748 0.0675807 0.067396 1.82829 
1.00707 0.0745895 0.0690057 1.82738 
1.00638 0.0718476 0.0703469 1.82597 
0.999753 0.247891 0.034499 1.81646 
1.0002 0.247416 0.0346093 1.81742 
1.00066 0.247638 0.0323736 1.81891 
1.00064 0.247406 0.0330454 1.81864 
1.01274 0.202285 0.0197932 1.84366 
1.00763 0.233716 -0.0230869 1.84312 
1.01176 0.222886 0.010687 1.84249 
0.997353 0.242298 0.0289049 1.8108 
1.01072 0.226796 0.0168602 1.84005 
0.999331 0.246522 0.0333272 1.81543 
0.985976 0.212325 0.000368857 1.7829 
1.0095 0.229053 0.0242135 1.83705 
0.974181 0.257745 -0.0234115 1.76173 
1.03745 0.0767497 -0.0358955 1.90332 
1.03536 0.0937959 -0.0268753 1.89675 
1.03691 0.0807996 -0.0133079 1.90134 
1.03666 0.0836909 -0.025382 1.90071 
1.01089 0.223894 0.020678 1.84 
0.998842 0.12206 0.0696483 1.80835 
1.00969 0.152288 0.0458238 1.83432 
1.00881 0.153706 0.0415459 1.83179 
1.03076 0.122384 -0.0577797 1.88602 
1.02972 0.129225 -0.0579382 1.88341 
1.03049 0.128079 -0.0522786 1.88501 
1.03033 0.126654 -0.0563275 1.8849 
1.02166 0.204504 -0.0665035 1.87238 
1.00753 0.231338 0.0325644 1.83249 
1.00031 0.247557 0.0338164 1.81783 
1.02308 0.198223 -0.0368275 1.87062 
1.01255 0.20719 0.0313944 1.84352 
0.943819 0.232586 -0.108054 1.69685 
0.997303 0.251115 0.0303117 1.81169 
1.02244 0.169033 0.00957507 1.86249 
1.02334 0.16551 0.0150391 1.86474 
1.02353 0.163884 0.00988013 1.86473 
1.02291 0.166047 0.011263 1.86345 
1.01676 0.189496 0.0107883 1.85098 
0.987677 0.261713 0.0988357 1.80423 
0.984301 0.271305 0.0956952 1.79836 
0.986157 0.261444 0.103585 1.80276 
0.985983 0.265024 0.0996263 1.80155 
1.01351 0.132815 0.0244771 1.8424 
1.01426 0.151229 0.0240026 1.84518 
1.0124 0.148094 0.0318925 1.84028 
1.01303 0.144444 0.027043 1.84166 
1.01639 0.192383 0.00613722 1.85042 
1.01419 0.180053 0.0290615 1.84638 
0.980115 0.187569 -0.0119868 1.76809 
1.00851 0.090444 0.0523312 1.82862 
1.00806 0.0844982 0.0543817 1.82741 
1.00897 0.0837799 0.0527703 1.82965 
1.00841 0.0858267 0.0532322 1.82826 
1.02128 0.216071 -0.0730472 1.87645 
0.999737 0.247361 0.051787 1.8183 
0.979942 0.268925 0.000817751 1.77699 
1.0124 0.194655 0.008756 1.84314 
1.02264 0.200822 -0.0658787 1.87376 
1.0002 0.247145 0.036229 1.81745 
1.0173 0.187889 0.0094862 1.85202 
0.999686 0.247462 0.0341812 1.81623 
0.994633 0.122415 0.0785224 1.79952 
1.02361 0.157689 0.0402447 1.86771 
1.02611 0.144126 0.0380929 1.87297 
1.02531 0.149541 0.0290002 1.86998 
1.02583 0.150169 0.0364663 1.87226 
0.976455 0.251352 -0.0232215 1.76636 
0.976642 0.250449 -0.0225241 1.76637 
1.01186 0.213604 0.0342491 1.84228 
0.999827 0.247342 0.0345573 1.81653 
1.01009 0.226127 0.0238784 1.83816 
1.01339 0.199461 0.0103115 1.84476 
1.01528 0.0883728 0.0040789 1.84639 
1.01431 0.0823442 0.0156027 1.8434 
1.01538 0.0706236 0.00701973 1.84647 
1.01458 0.0805682 0.00925704 1.84432 
1.00022 0.24722 0.0347861 1.81743 
1.00248 0.189538 0.0624803 1.82304 
0.999794 0.159492 0.161847 1.8398 
1.00301 0.11648 0.177947 1.84884 
1.01171 0.107663 0.151816 1.86212 
1.0073 0.127377 0.166195 1.85664 
0.962465 0.300074 0.0296827 1.74803 
1.00592 0.2429 0.0172466 1.83168 
0.974372 0.286668 0.0166982 1.76946 
0.973922 0.29496 0.0562888 1.7747 
1.00021 0.247185 0.0350918 1.81741 
1.0002 0.24756 0.0344757 1.81746 
1.00909 0.229915 0.0199768 1.8363 
0.970225 0.171787 0.097618 1.75224 
0.979417 0.276792 0.0147766 1.77765 
1.0167 0.21153 -0.0184706 1.85526 
1.01995 0.197921 -0.0244131 1.86143 
1.01772 0.184125 0.012313 1.85249 
1.01832 0.185697 0.010382 1.85421 
0.989482 0.269036 0.0446195 1.79946 
0.999808 0.248094 0.0353142 1.81667 
0.977268 0.260991 0.109175 1.78586 
0.971473 0.253466 0.113632 1.77225 
0.977993 0.246604 0.116443 1.78661 
0.975603 0.253904 0.113103 1.78176 
1.0003 0.247467 0.0340246 1.81771 
0.981425 0.283702 0.0622403 1.78805 
1.0191 0.184183 0.00591181 1.85586 
1.02022 0.182086 0.00615383 1.85838 
1.03036 0.0782352 0.087073 1.89373 
1.02063 0.117443 0.10933 1.87284 
1.02154 0.0938324 0.122124 1.87856 
1.02438 0.0968856 0.108831 1.88231 
1.01847 0.201764 -0.0123704 1.85746 
1.01253 0.199719 0.0217619 1.84309 
1.0123 0.0222018 0.0271622 1.84034 
1.01191 0.0435248 0.0381968 1.83851 
1.00926 0.0331229 0.0516881 1.83345 
1.01253 0.0329381 0.0397287 1.8409 
1.00933 0.12089 0.0480697 1.83182 
1.00882 0.135611 0.050302 1.83159 
1.00718 0.123807 0.0520704 1.82689 
1.00837 0.126146 0.0502508 1.82985 
0.968326 0.295036 0.0678456 1.76461 
1.02198 0.21274 -0.0628867 1.87496 
1.02679 0.171135 -0.0368595 1.87583 
1.00339 0.199711 0.092054 1.83374 
1.01307 0.178049 0.0800811 1.85106 
1.0053 0.200624 0.0689912 1.83399 
1.00758 0.193786 0.0815379 1.84056 
0.980437 0.228057 -0.0214456 1.77137 
0.981784 0.221224 -0.031162 1.77349 
0.978835 0.231751 -0.0290885 1.76803 
0.979842 0.227398 -0.0267646 1.76972 
1.01959 0.213153 -0.0387998 1.86536 
1.00018 0.247648 0.0345827 1.81744 
0.992075 0.241128 0.014841 1.79822 
1.00516 0.0785773 0.0755617 1.82403 
1.00611 0.0778563 0.0700703 1.82519 
1.0056 0.0836683 0.0721732 1.82465 
1.00581 0.0800852 0.0725744 1.82508 
0.972494 0.250285 -0.0357527 1.75664 
1.0012 0.102231 0.0734768 1.81586 
0.998001 0.108215 0.0748238 1.80903 
1.00198 0.0989662 0.0781361 1.8182 
1.00051 0.103561 0.0763067 1.81476 
0.950095 0.170592 -0.0939729 1.69731 
0.99076 0.251604 0.0963477 1.80888 
0.992397 0.239693 0.0927936 1.81066 
0.9909 0.248162 0.0912474 1.80781 
0.991096 0.24652 0.0936146 1.80844 
1.02386 0.164756 0.00230452 1.86548 
1.02244 0.168597 0.00641515 1.86233 
1.02354 0.163674 0.00701913 1.86462 
1.02336 0.165674 0.00544329 1.86432 
1.02492 0.187455 -0.0436588 1.87416 
1.00573 0.091269 0.0650077 1.82462 
1.00434 0.0968506 0.0688783 1.82241 
1.00536 0.0900162 0.0697406 1.82418 
1.00515 0.0925762 0.0679886 1.82372 
1.04177 0.0406023 0.00414146 1.91712 
1.03839 0.0676933 0.00812096 1.90653 
1.03804 0.057777 0.0405994 1.9085 
1.03992 0.0541266 0.016124 1.91194 
0.987878 0.234268 0.035665 1.7958 
0.997522 0.215403 0.0445493 1.81552 
0.990975 0.21946 0.0192558 1.79848 
0.992053 0.223862 0.0329182 1.8032 
1.00102 0.245935 0.0325037 1.81913 
1.00014 0.247327 0.0349669 1.81725 
1.02585 0.161609 -0.0203374 1.87105 
1.02418 0.167072 -0.0149046 1.86707 
1.02574 0.158446 -0.0138103 1.87013 
1.02532 0.16204 -0.0165731 1.8695 
1 0.247584 0.0348472 1.81697 
1.02792 0.166518 -0.0626742 1.88077 
1.00019 0.247148 0.0352369 1.81735 
1.01347 0.218121 0.0409467 1.84674 
1.0003 0.247297 0.0340679 1.81767 
0.986497 0.265282 0.0918578 1.79981 
0.988764 0.265015 0.0892014 1.80443 
0.97112 0.241812 -0.0410914 1.75354 
1.00004 0.247526 0.0349139 1.81706 
1.01202 0.192357 0.00712401 1.84222 
1.01147 0.221273 0.0212361 1.84118 
1.01304 0.201142 0.010618 1.8443 
1.0112 0.0929346 0.0379885 1.83514 
1.01036 0.0865299 0.043343 1.83294 
1.01153 0.0818359 0.0388798 1.83585 
1.01075 0.0865274 0.0402472 1.8339 
1.02002 0.216755 -0.0571006 1.87033 
0.978836 0.249745 -0.0221962 1.77113 
1.00968 0.236821 -0.0141925 1.84562 
1.0001 0.247254 0.0355701 1.81718 
0.999313 0.249677 0.0363797 1.81602 
0.969998 0.294375 0.0206286 1.76239 
1.01303 0.200982 0.0109479 1.84445 
0.998653 0.220068 0.056763 1.82091 
0.98784 0.239971 0.0466432 1.7985 
0.990261 0.239566 0.0671949 1.80711 
0.99192 0.233286 0.0584654 1.80799 
1.00011 0.247639 0.0342073 1.81739 
0.972838 0.250979 0.125885 1.78359 
0.966754 0.23355 0.154801 1.77274 
0.985038 0.210833 0.151584 1.80956 
0.976283 0.232593 0.145947 1.79241 
1.02351 0.189975 -0.0382167 1.87043 
1.02035 0.188853 -0.0162223 1.86037 
1.01304 0.20362 0.0152167 1.84461 
0.989524 0.241364 0.107834 1.80787 
0.988194 0.254084 0.100892 1.80447 
0.986305 0.254068 0.106138 1.8021 
0.988412 0.250494 0.105442 1.80595 
0.979188 0.223731 -0.037656 1.76761 
0.977101 0.232288 -0.0406363 1.76413 
0.977584 0.232576 -0.0332276 1.76516 
0.978432 0.229469 -0.0374716 1.76678 
1.00875 0.208219 0.0443008 1.83645 
1.01451 0.167836 0.0214944 1.84671 
1.02892 0.143547 -0.0499531 1.88084 
1.02896 0.1491 -0.0509588 1.88119 
1.02885 0.148085 -0.0462026 1.88037 
1.02873 0.146746 -0.049176 1.88034 
0.999927 0.247739 0.0349075 1.81684 
1.00013 0.247326 0.0353936 1.81726 
1.0095 0.0867754 0.0485222 1.83087 
1.00827 0.0910853 0.0509761 1.82796 
1.00882 0.0839921 0.0514172 1.82922 
1.00921 0.0871202 0.0502022 1.83018 
0.946762 0.203396 -0.113897 1.69774 
1.02923 0.152593 -0.04566 1.88152 
1.02788 0.15306 -0.0488414 1.87846 
0.961478 0.294679 0.00327108 1.74274 
1.00117 0.241917 0.0945649 1.82923 
1.00737 0.0770062 0.0655628 1.82745 
1.00835 0.0762222 0.0613212 1.82911 
1.00745 0.0795254 0.06323 1.82726 
1.00756 0.0775957 0.0635032 1.82751 
0.999993 0.247618 0.0350354 1.81697 
1.01096 0.212332 0.0370606 1.84051 
1.03043 0.127013 -0.0221502 1.88178 
1.02934 0.132893 -0.0119144 1.87832 
1.02998 0.124176 -0.0122734 1.88024 
1.03016 0.127694 -0.015575 1.88069 
0.981816 0.263819 0.088017 1.79017 
0.981924 0.263665 0.0943814 1.79106 
0.983849 0.263143 0.0930037 1.79536 
0.982399 0.263759 0.0917014 1.79194 
0.968436 0.266125 -0.0299715 1.75078 
1.00022 0.247565 0.0342217 1.81755 
1.00089 0.247309 0.0320913 1.81928 
1.013 0.208258 0.0159726 1.84458 
0.956516 0.191809 -0.0847443 1.71506 
1.01213 0.21585 0.0364153 1.84368 
0.990709 0.238295 0.0784809 1.80488 
0.993003 0.230865 0.0845502 1.80986 
0.992534 0.22667 0.0733557 1.80711 
0.991644 0.231922 0.0788031 1.80614 
1.00021 0.247296 0.0346261 1.81742 
1.00361 0.209927 0.0442004 1.83512 
1.01264 0.202751 0.0120478 1.84357 
1.01247 0.184236 0.0336436 1.84228 
1.00068 0.245872 0.0343709 1.81827 
1.01079 0.232677 0.00707539 1.84218 
1.01239 0.0851523 0.0275993 1.83814 
1.01112 0.0931463 0.034152 1.83494 
1.0113 0.0807119 0.0353141 1.83525 
1.01234 0.0862889 0.0319278 1.83794 
0.999959 0.247646 0.0348513 1.81689 
1.01182 0.0502626 0.0462795 1.83818 
1.00918 0.0567429 0.0594127 1.83213 
1.00993 0.0431456 0.0576981 1.83493 
1.00956 0.0494255 0.0545151 1.83313 
0.999747 0.247403 0.0343088 1.81636 
1.00052 0.246629 0.0342046 1.81803 
0.967207 0.276854 0.093643 1.76296 
0.967998 0.265769 0.104889 1.76458 
0.971451 0.276325 0.0959685 1.77333 
0.968308 0.272625 0.0982426 1.76561 
1.01475 0.22623 -0.0264804 1.85522 
1.00628 0.0833591 0.060888 1.82323 
1.00679 0.0818462 0.0595417 1.82432 
1.00664 0.0837795 0.0587727 1.82402 
1.00657 0.0828838 0.0597419 1.82384 
0.995561 0.246284 0.0243791 1.80689 
0.984722 0.277594 0.0658268 1.79398 
1.01174 0.216973 0.0337559 1.84199 
1.01243 0.196966 0.00913764 1.84313 
0.999806 0.247975 0.0348473 1.81661 
0.986497 0.218467 -0.00780879 1.78386 
1.02949 0.132742 -0.0566801 1.88279 
1.02941 0.137275 -0.052218 1.88225 
1.03017 0.131765 -0.0511579 1.88407 
1.02966 0.134086 -0.0531632 1.88298 
0.988014 0.219135 0.00253127 1.78756 
0.966427 0.157441 -0.051124 1.73285 
0.999603 0.198548 0.0873039 1.82313 
0.997631 0.198903 0.0965108 1.81999 
1.00031 0.181449 0.0906366 1.82435 
0.999126 0.193738 0.0920868 1.82246 
1.00051 0.247374 0.0334542 1.81825 
1.00001 0.247579 0.0349094 1.817 
1.02339 0.176794 -0.0245525 1.86689 
1.0031 0.0910367 0.0782747 1.82025 
1.00383 0.0824716 0.077954 1.82145 
1.00478 0.0868865 0.0740585 1.8232 
1.00433 0.0869709 0.076941 1.82274 
0.996179 0.206127 0.103752 1.81883 
0.993934 0.218549 0.109567 1.81643 
0.995003 0.194654 0.109021 1.8167 
0.994823 0.206957 0.107596 1.81678 
1.01431 0.200646 0.00763665 1.8467 
1.02359 0.175976 -0.0188183 1.86687 
0.969562 0.261397 0.10799 1.7681 
0.975814 0.266625 0.105504 1.78283 
0.972909 0.273275 0.0993499 1.7765 
0.973556 0.26812 0.103627 1.77791 
0.999913 0.247811 0.0351939 1.81684 
0.973778 0.26603 -0.0204112 1.76296 
0.999917 0.247671 0.0347397 1.81679 
1.00535 0.232763 0.0569189 1.82971 
0.999218 0.244344 0.0304822 1.81583 
1.01361 0.207053 0.00941452 1.84585 
0.967765 0.181329 -0.0477809 1.7373 
0.999721 0.248015 0.0346147 1.81641 
1.01285 0.175537 0.0026546 1.84391 
1.00043 0.24693 0.0341623 1.81788 
1.01271 0.199405 0.0104919 1.84373 
1.03423 0.026674 0.0967016 1.90832 
1.03339 0.0577184 0.08212 1.90188 
1.02405 0.0715823 0.123027 1.88546 
1.03226 0.0494985 0.100069 1.90258 
1.0226 0.17723 -0.00631351 1.86387 
1.02175 0.175909 -0.00983821 1.86171 
1.01048 0.19926 0.0382213 1.83863 
1.01365 0.0476775 0.0285899 1.84242 
1.01476 0.0290014 0.0144534 1.84585 
1.01421 0.0524585 0.0104826 1.84369 
1.01572 0.0427031 0.0180662 1.84782 
1.01821 0.187634 0.00170706 1.85415 
1.00042 0.246628 0.0345386 1.81779 
0.999768 0.247139 0.0340175 1.81659 
0.995466 0.175733 0.0743998 1.8069 
0.999716 0.247798 0.0343084 1.81636 
1.02395 0.195565 -0.0743734 1.87683 
1.00017 0.247285 0.0348581 1.81733 
1.01781 0.220112 -0.0626526 1.86742 
1.01257 0.163703 -0.000176842 1.84262 
1.02075 0.185037 -0.0121928 1.86057 
0.996405 0.107404 0.0776367 1.80241 
0.996381 0.227588 0.00639778 1.81135 
0.965495 0.27781 -0.0199988 1.74695 
1.01228 0.214494 0.0221296 1.84288 
1.01627 0.22561 -0.0475918 1.86265 
0.970819 0.162131 -0.0253062 1.74448 
1.02242 0.167456 0.0247794 1.86364 
1.0196 0.176536 0.0293589 1.85852 
1.02111 0.168746 0.0364755 1.86209 
1.02127 0.171032 0.0308003 1.86201 
1.02084 0.209872 -0.05152 1.86958 
1.02481 0.209207 -0.0795058 1.88366 
1.00187 0.247681 0.0283904 1.82246 
0.980827 0.273796 0.0968722 1.79165 
0.980126 0.267872 0.104256 1.79172 
0.98337 0.26319 0.104826 1.79731 
0.982152 0.2683 0.102873 1.79541 
1.01501 0.16799 0.0878934 1.8563 
1.00564 0.18956 0.103674 1.84022 
1.01435 0.156655 0.106467 1.85817 
1.01174 0.170826 0.0995171 1.85135 
0.99923 0.249789 0.035398 1.81581 
1.01307 0.195819 0.0148378 1.84464 
1.02865 0.130305 0.0295578 1.87828 
1.0307 0.11855 0.0164397 1.88286 
1.02898 0.129715 0.0148951 1.87789 
1.02967 0.125587 0.0205276 1.88018 
1.00033 0.246653 0.0372774 1.81774 
0.999932 0.247805 0.0354633 1.8169 
1.01733 0.216784 -0.0315488 1.85969 
0.999451 0.245944 0.0324497 1.81614 
0.98356 0.278572 0.0784275 1.79387 
1.00017 0.24764 0.0343338 1.81744 
1.02869 0.152471 -0.0555631 1.88099 
1.00278 0.240007 0.0392518 1.82254 
1.01504 0.153993 0.00749063 1.84807 
1.01308 0.152018 0.0165557 1.84259 
1.01371 0.13985 0.00728105 1.84405 
1.01388 0.147968 0.010246 1.84465 
0.975878 0.251565 -0.0214952 1.76555 
0.976367 0.249082 -0.0135689 1.76674 
0.976747 0.24754 -0.0200958 1.7663 
0.977084 0.249524 -0.0187908 1.76798 
0.99429 0.222342 0.091505 1.81297 
0.996916 0.20946 0.0965935 1.81912 
0.997015 0.208223 0.0874524 1.81755 
0.996993 0.212825 0.092319 1.81874 
1.0005 0.247046 0.0336079 1.81812 
1.00086 0.206341 0.0385626 1.82097 
0.998128 0.193708 0.00907458 1.8105 
0.993255 0.209799 0.0110419 1.80165 
0.998875 0.201936 0.0208533 1.81442 
0.997018 0.163053 0.0770072 1.80936 
1.00242 0.0901516 0.068205 1.8147 
1.00303 0.0935386 0.0677481 1.81653 
1.01074 0.226854 0.0135922 1.84034 
0.972057 0.27035 -0.0168977 1.75992 
0.954459 0.288177 -0.0408088 1.73355 
0.953882 0.278124 -0.0544461 1.72848 
0.950275 0.285151 -0.0538832 1.72397 
0.954296 0.285177 -0.0491313 1.73251 
0.974778 0.250585 -0.0257502 1.76213 
1.00098 0.247613 0.0311234 1.82 
0.950535 0.17224 -0.105899 1.70016 
1.00833 0.193744 0.0458937 1.83362 
1.00588 0.240591 0.0188726 1.83072 
1.01265 0.00525735 0.0693645 1.84568 
1.01596 0.00665595 0.0317587 1.85071 
1.01082 0.0255514 0.0588835 1.8387 
1.01029 0.0114866 0.0535377 1.8377 
1.01342 0.168879 -0.00263437 1.84505 
0.994534 0.213022 0.0442771 1.80857 
0.991648 0.226176 0.0485881 1.80359 
0.993644 0.220119 0.058407 1.80798 
0.993114 0.219964 0.0500076 1.80627 
0.972113 0.249689 -0.0324234 1.75536 
1.00283 0.244257 0.0285635 1.82338 
1.01972 0.215064 -0.0648602 1.87043 
1.00004 0.247519 0.0348549 1.81707 
1.01421 0.209612 0.0043086 1.84735 
0.993949 0.107107 0.0822355 1.79688 
1.01803 0.20105 0.064456 1.85925 
1.01219 0.215039 0.0291754 1.84276 
1.00041 0.245364 0.0406617 1.81795 
1.01415 0.19677 0.0107661 1.84602 
1.0003 0.24689 0.0354821 1.81759 
0.998722 0.102213 0.0727827 1.80707 
1.01199 0.217313 0.018698 1.84228 
0.970796 0.22062 -0.0501654 1.74983 
1.00016 0.24767 0.0344848 1.81741 
0.998718 0.244909 0.0317828 1.81412 
1.00822 0.0814844 0.055305 1.82783 
1.00883 0.0774448 0.0567167 1.82957 
1.0087 0.0804977 0.0539064 1.82901 
1.00851 0.0798774 0.0551299 1.82858 
0.96574 0.193951 0.0860931 1.74521 
1.00293 0.179705 0.0640796 1.82279 
1.02406 0.192498 -0.066942 1.87558 
1.00152 0.235877 0.083467 1.82622 
0.978168 0.270791 0.102569 1.78783 
0.978743 0.277437 0.0947768 1.78774 
0.975235 0.277526 0.096191 1.78159 
0.97764 0.275443 0.0985263 1.78663 
1.02001 0.0287831 -0.0031032 1.85902 
1.01711 0.0545018 -0.0171255 1.85149 
1.01741 0.0542393 0.000258089 1.85197 
1.01637 0.0474564 -0.00728402 1.84955 
0.986114 0.121576 0.0961103 1.78139 
1.01132 0.219727 0.0249722 1.84067 
0.967575 0.286968 0.0787779 1.76333 
0.969479 0.291116 0.0754974 1.76803 
1.00979 0.109612 0.047022 1.83233 
1.00947 0.101253 0.0497501 1.83129 
1.01034 0.101608 0.0465338 1.83336 
1.00912 0.103749 0.0477433 1.8304 
1.01193 0.191356 0.0412909 1.84197 
1.0425 0.0083237 0.0617759 1.9258 
1.04227 0.0224156 0.0141475 1.9201 
1.03806 0.0450984 0.0537503 1.91098 
1.04071 0.0252555 0.0441412 1.91826 
1.02002 0.180401 0.0145097 1.85819 
1.02058 0.178158 0.0143149 1.85918 
1.02019 0.179613 0.0124924 1.85816 
1.02046 0.179268 0.013849 1.85898 
1.0097 0.233975 0.0135665 1.83901 
1.01406 0.169763 0.00798714 1.8464 
0.999857 0.247364 0.0346697 1.8166 
0.96951 0.280393 -0.00924734 1.75684 
1.0002 0.247532 0.0345519 1.81744 
0.983873 0.259764 -0.000218944 1.78371 
0.99717 0.253363 0.0373571 1.8121 
1.02347 0.192567 -0.0632151 1.87372 
0.986262 0.268771 0.0177391 1.79113 
1.02179 0.157775 0.0647888 1.86733 
1.02608 0.144118 0.0472523 1.87422 
1.02294 0.161002 0.0496515 1.86782 
1.02316 0.154985 0.0540265 1.86859 
1.00024 0.247368 0.0344709 1.81752 
1.00316 0.0981111 0.0723341 1.82006 
1.00299 0.0949906 0.0768948 1.82005 
1.00466 0.090515 0.0728062 1.823 
1.00367 0.0944986 0.0743291 1.8212 
0.970615 0.277154 -0.0130759 1.75854 
0.995802 0.254886 0.0336519 1.80918 
0.999967 0.247613 0.0348403 1.8169 
1.01485 0.205195 0.038674 1.85079 
1.01216 0.162666 0.038812 1.84061 
1.00042 0.247086 0.0339546 1.81791 
0.999632 0.247373 0.034034 1.81611 
0.995752 0.251892 0.0284922 1.80825 
1.02681 0.172625 -0.0581403 1.87838 
1.01353 0.202517 0.00968679 1.8453 
0.976954 0.256977 -0.000122461 1.77255 
0.972138 0.271528 -0.0058109 1.76636 
0.975573 0.266966 0.00988692 1.77386 
0.974499 0.265479 0.00168887 1.77001 
1.01264 0.197593 0.00898625 1.84358 
0.998934 0.127393 0.0990135 1.81829 
1.00068 0.117737 0.0893681 1.81981 
1.00027 0.14869 0.0908411 1.82198 
1.00046 0.129817 0.0929872 1.82111 
1.01366 0.198246 0.0107362 1.84529 
1.00078 0.246582 0.0328637 1.81871 
0.945546 0.119412 -0.0875744 1.68091 
0.999913 0.247453 0.03475 1.81677 
1.028 0.142628 -0.00657902 1.87479 
1.0268 0.15095 -0.00814504 1.8721 
1.02663 0.148909 0.000417661 1.87146 
1.02713 0.147228 -0.00447475 1.87269 
0.98183 0.230691 -0.011183 1.77577 
0.981389 0.24013 -0.00280682 1.77758 
0.9857 0.225176 0.000401135 1.78516 
0.982404 0.231771 -0.00472059 1.77793 
0.999614 0.248268 0.0346143 1.81623 
1.01339 0.205644 0.0121286 1.84543 
1.02374 0.189406 -0.0623926 1.87367 
1.02361 0.199479 -0.0470965 1.8735 
0.999658 0.24834 0.0380841 1.81661 
0.977024 0.240029 -0.028242 1.76515 
0.975246 0.246608 -0.0288173 1.76217 
0.976833 0.245395 -0.0241903 1.76573 
0.976181 0.243942 -0.0270764 1.76386 
1.03122 0.119474 -0.055644 1.8871 
1.03105 0.125319 -0.0498381 1.88619 
1.03165 0.118078 -0.0486275 1.8877 
1.03144 0.121003 -0.0512763 1.88736 
1.00423 0.0515517 0.0898662 1.82585 
1.00513 0.025072 0.0869247 1.82843 
1.00659 0.0342405 0.0714239 1.8291 
1.00695 0.0362579 0.0828854 1.83189 
0.985149 0.265545 0.0118651 1.78763 
1.00083 0.245436 0.0345429 1.81854 
0.998847 0.215165 0.0920129 1.8262 
1.00235 0.213897 0.0691696 1.83006 
0.992161 0.234401 0.078972 1.81217 
0.99788 0.221816 0.0797019 1.82294 
1.03342 0.104737 -0.0553335 1.89273 
1.03177 0.114359 -0.0571289 1.88857 
1.03282 0.113263 -0.0496704 1.89082 
1.03243 0.110968 -0.0543709 1.89016 
1.01783 0.18254 0.0339621 1.85598 
1.01369 0.193335 0.0487237 1.85013 
1.01971 0.174587 0.0444449 1.86069 
1.01657 0.182804 0.042149 1.85401 
0.998201 0.25095 0.0342734 1.81367 
1.00053 0.245637 0.0363099 1.81792 
0.962553 0.260394 -0.0506396 1.74077 
0.966484 0.257996 -0.0413677 1.74776 
1.0001 0.247687 0.0345851 1.81727 
1.014 0.190726 0.0176393 1.84673 
1.00016 0.247296 0.0350714 1.81731 
1.00815 0.0774811 0.0597193 1.82828 
1.00793 0.0793938 0.0589776 1.82757 
1.00758 0.0798663 0.061474 1.82725 
1.0079 0.0787792 0.0600328 1.8277 
1.00029 0.247174 0.0344965 1.81759 
1.02617 0.180489 -0.0572002 1.87776 
1.02449 0.189024 -0.0699613 1.87622 
1.00772 0.0637441 0.0685469 1.82936 
1.00544 0.0706994 0.0764154 1.82497 
1.00694 0.0618167 0.074895 1.82873 
1.00621 0.0650937 0.0735149 1.82641 
1.00025 0.246915 0.035256 1.81746 
1.0249 0.183166 -0.0591942 1.8752 
0.999016 0.246221 0.0326336 1.81465 
0.999934 0.247485 0.0347292 1.81686 
0.999804 0.0971943 0.0720625 1.8092 
0.942302 0.279997 -0.0669024 1.70561 
0.940997 0.284907 -0.0567476 1.70402 
0.945239 0.284456 -0.0588794 1.7134 
0.942406 0.282913 -0.0611191 1.70665 
0.99995 0.247676 0.0349126 1.81688 
1.01285 0.201634 0.0124912 1.84423 
1.00023 0.247494 0.0343544 1.81752 
1.01063 0.158047 0.1192 1.85256 
1.00113 0.19504 0.11503 1.83328 
0.999674 0.182848 0.13906 1.83503 
1.00416 0.178987 0.126396 1.84138 
1.01926 0.191375 -0.00636975 1.8575 
1.00747 0.23388 0.0235388 1.83282 
1.00836 0.241861 -0.00113952 1.84169 
1.00048 0.246522 0.0347777 1.81792 
1.00064 0.245594 0.0354327 1.81814 
1.01533 0.138194 0.124477 1.86424 
1.00574 0.160423 0.14892 1.85003 
1.01777 0.114119 0.139962 1.87398 
1.0118 0.137523 0.138213 1.85953 
0.987935 0.237711 -0.00110413 1.78877 
0.999792 0.24754 0.034527 1.81645 
1.01401 0.231312 -0.0262749 1.85521 
0.963408 0.300262 0.0446987 1.75164 
0.990368 0.266798 0.0522218 1.80156 
0.999864 0.163754 0.0688617 1.81419 
1.02853 0.148795 -0.0566084 1.88047 
1.02967 0.145505 -0.0589019 1.88333 
0.999935 0.247693 0.0347922 1.81684 
1.02228 0.202124 -0.0512347 1.87129 
1.01454 0.168086 0.0122563 1.84725 
1.01279 0.198598 0.0101171 1.84372 
0.938031 0.297072 0.0539666 1.70572 
0.940169 0.289918 0.0803886 1.71156 
0.948882 0.296538 0.0651914 1.73171 
0.941554 0.294971 0.0663797 1.7147 
1.02321 0.178534 -0.0138513 1.86593 
1.02649 0.175688 -0.0635157 1.87845 
1.00813 0.136208 0.046572 1.82956 
1.0093 0.121477 0.0451783 1.83159 
1.01057 0.127178 0.0409836 1.83483 
1.00997 0.128129 0.0439802 1.83354 
0.998991 0.248547 0.0329452 1.81489 
0.999755 0.247107 0.0341991 1.81646 
0.980631 0.255234 -0.00944957 1.7753 
1.00026 0.247121 0.0347776 1.8175 
1.03098 0.12638 -0.0451092 1.88547 
1.03083 0.124229 -0.0359105 1.88413 
1.03198 0.118958 -0.043746 1.88804 
1.03157 0.123201 -0.0418555 1.88665 
1.01359 0.201501 0.0136486 1.84606 
0.970941 0.270366 -0.014162 1.76259 
0.976692 0.258578 -0.00827886 1.77166 
0.970888 0.261727 -0.0227685 1.75837 
0.97313 0.264356 -0.0143963 1.76504 
1.01408 0.209064 0.00104458 1.84698 
1.00012 0.247407 0.0349512 1.81722 
1.00214 0.246841 0.0282192 1.82259 
0.999592 0.246968 0.0339094 1.81601 
1.01447 0.195351 0.011454 1.84651 
0.999824 0.247387 0.0345575 1.81652 
1.02664 0.159796 -0.0386726 1.8745 
0.974753 0.165089 0.0971837 1.76138 
0.981028 0.283728 0.0757919 1.78942 
0.999465 0.248228 0.0338562 1.8159 
1.01229 0.190594 0.00742168 1.84294 
0.965947 0.294395 0.00943045 1.75298 
0.984777 0.252034 0.0635396 1.79255 
0.983589 0.256895 0.0695291 1.79118 
0.985258 0.253764 0.0717016 1.79458 
0.984483 0.254434 0.0681605 1.79267 
1.034 0.103352 -0.0375992 1.89322 
1.03389 0.10128 -0.0507061 1.8938 
1.03258 0.110717 -0.0454126 1.88994 
1.0337 0.105416 -0.0443534 1.89288 
0.997738 0.249929 0.0302479 1.81244 
0.999784 0.248166 0.0350132 1.81662 
0.953352 0.161811 -0.092739 1.70411 
0.999785 0.247838 0.0345847 1.81651 
1.02888 0.14227 -0.0530095 1.88101 
1.02858 0.142531 -0.0573812 1.88045 
1.0289 0.147393 -0.0540251 1.88124 
1.02861 0.144036 -0.0544975 1.88044 
1.01231 0.184096 0.00503297 1.84281 
1.0058 0.237388 -0.0102658 1.83738 
0.998527 0.24817 0.0651878 1.81775 
1.00615 0.237672 0.0215647 1.83041 
1.01473 0.214049 -0.00139898 1.84943 
1.00006 0.247485 0.0349835 1.8171 
0.989083 0.25559 0.0909272 1.80471 
0.990371 0.255828 0.0926563 1.8074 
0.990004 0.25254 0.090144 1.80614 
0.989956 0.254801 0.0910736 1.80644 
1.02506 0.184758 -0.0677719 1.87665 
0.948838 0.185214 -0.107869 1.69832 
0.998741 0.250395 0.0342896 1.8148 
0.966595 0.298928 0.0534095 1.7597 
1.02869 0.158117 -0.0573354 1.88148 
1.02982 0.106681 0.0661103 1.88709 
1.02359 0.119627 0.096665 1.87717 
1.03176 0.0850843 0.073737 1.89451 
1.02906 0.101601 0.0778108 1.88748 
1.02554 0.180128 -0.0655978 1.87688 
1.02557 0.181723 -0.068129 1.87742 
0.983187 0.180534 0.0876598 1.78306 
0.975442 0.251273 -0.0232493 1.76338 
0.999657 0.248798 0.0370299 1.81664 
1.02035 0.18659 -0.00757883 1.8596 
1.00551 0.241236 0.108554 1.84359 
0.99988 0.247835 0.034794 1.81674 
0.999839 0.247031 0.0334673 1.81693 
1.0158 0.199441 0.00266202 1.84995 
0.979325 0.287453 0.0681812 1.78568 
1.0154 0.200679 0.0046262 1.84917 
1.00712 0.191939 0.0530439 1.83213 
0.988897 0.238095 0.11214 1.80775 
0.985747 0.25177 0.109855 1.802 
0.983701 0.24176 0.115781 1.79805 
0.986097 0.243794 0.112827 1.8025 
0.993439 0.246194 0.11922 1.81798 
0.970245 0.257341 -0.0338024 1.75283 
0.973975 0.262502 -0.0197802 1.76222 
1.02999 0.135979 -0.0391614 1.88213 
1.03112 0.12948 -0.0350341 1.88463 
1.03077 0.130437 -0.044064 1.88477 
1.03033 0.131921 -0.0392623 1.88306 
1.02554 0.181412 -0.0523037 1.87581 
1.02607 0.177724 -0.0385117 1.87504 
1.00864 0.236283 0.011147 1.83721 
1.01235 0.187056 0.00439263 1.84302 
0.987623 0.254065 0.114402 1.80498 
1.01974 0.217542 -0.0464328 1.86813 
1.0273 0.172242 -0.0646642 1.88008 
0.982687 0.231544 -0.0159018 1.77626 
1.00031 0.247287 0.0342539 1.81768 
0.972833 0.196694 -0.0479579 1.75132 
0.995955 0.258454 0.0455261 1.81158 
0.990745 0.25987 0.0897517 1.80781 
0.990251 0.256715 0.0916267 1.80615 
1.00073 0.246996 0.0326629 1.81874 
1.00693 0.0831172 0.0580049 1.82466 
1.00703 0.0814864 0.0586882 1.82488 
1.00731 0.0815276 0.057585 1.82555 
1.00706 0.0820026 0.0580382 1.82495 
0.980795 0.287133 0.0542787 1.78697 
1.00782 0.0859035 0.0547544 1.82683 
1.00835 0.0922672 0.0530732 1.82834 
1.00727 0.0903982 0.0550957 1.82567 
1.00734 0.089391 0.0543666 1.82572 
1.02074 0.177694 0.00865202 1.85914 
1.02107 0.175731 0.0123527 1.85995 
1.02154 0.173855 0.00907991 1.86072 
1.02114 0.175619 0.00996474 1.85996 
1.02427 0.200627 -0.0773111 1.87938 
0.963799 0.300467 0.0372417 1.7518 
0.990698 0.218006 0.11332 1.80987 
0.98867 0.198846 0.119751 1.80511 
0.992308 0.192784 0.112991 1.81111 
0.991317 0.202806 0.115626 1.81059 
0.948446 0.133798 -0.100115 1.68993 
0.974161 0.293294 0.0696087 1.77733 
0.969198 0.260264 -0.0341836 1.75111 
0.977925 0.230095 -0.0276393 1.76569 
0.970331 0.186667 0.0897927 1.7548 
1.00292 0.245732 0.0207039 1.82622 
1.00719 0.0808272 0.058498 1.82526 
1.00752 0.0803787 0.0577991 1.82612 
1.00735 0.0808799 0.0576425 1.82567 
1.00736 0.0806366 0.0579433 1.8257 
0.967449 0.282503 0.0861667 1.76338 
0.971326 0.281517 0.0908676 1.77295 
0.97063 0.288795 0.0804836 1.77083 
0.970268 0.284655 0.0860119 1.77038 
1.00195 0.101904 0.0672951 1.81452 
1.02487 0.190534 -0.0726262 1.87777 
0.999639 0.247806 0.0341101 1.81619 
1.0002 0.247439 0.0345479 1.81743 
1.01488 0.0732102 0.171585 1.87433 
1.03211 0.0227282 0.122852 1.90762 
1.0223 0.0763019 0.143071 1.88588 
1.02058 0.058088 0.148166 1.88305 
1.00012 0.246979 0.0381762 1.8174 
1.01181 0.208084 0.039035 1.84472 
1.01251 0.223673 0.00746253 1.84469 
0.999837 0.247468 0.0346004 1.81654 
0.977085 0.23969 -0.0300844 1.76572 
1.00688 0.0854218 0.0570415 1.82459 
1.00727 0.0849299 0.055639 1.82546 
1.00683 0.0886774 0.0560159 1.82454 
1.0071 0.086279 0.0561736 1.82513 
1.0121 0.217327 0.0159526 1.84257 
1.02888 0.160285 -0.0604831 1.88237 
0.98479 0.277464 0.0862677 1.79851 
1.00201 0.0781716 0.100671 1.82298 
0.998435 0.10733 0.106015 1.81694 
0.99781 0.0895502 0.111978 1.81574 
0.998882 0.0907509 0.106717 1.81715 
1.01024 0.0692861 0.0472793 1.83299 
1.01064 0.061632 0.0410365 1.83415 
1.01075 0.0721771 0.0401726 1.83397 
1.01136 0.0676238 0.0428811 1.83578 
0.971473 0.27339 -0.0130673 1.75919 
1.01329 0.210179 0.0182224 1.84527 
0.973396 0.291524 0.0242079 1.76925 
0.9776 0.207919 0.130129 1.78279 
0.984198 0.202449 0.126042 1.79689 
0.980705 0.227284 0.122127 1.79118 
0.981009 0.213254 0.126019 1.79087 
1.01298 0.207555 0.0204009 1.84437 
0.962135 0.289259 -0.00683945 1.74244 
0.991965 0.0870452 0.135062 1.80584 
1.00352 0.0380382 0.114975 1.82902 
0.997285 0.0788722 0.12153 1.81602 
0.994658 0.0688521 0.125317 1.80978 
1.00739 0.0836472 0.0595143 1.82691 
1.00693 0.0869442 0.0617085 1.82656 
1.00723 0.0831323 0.0620739 1.82683 
1.00719 0.08441 0.0611106 1.82675 
1.00638 0.236432 0.0235801 1.8306 
1.0077 0.0805828 0.0576426 1.82677 
1.0077 0.081614 0.0581729 1.82711 
1.00777 0.0802931 0.0582161 1.82707 
1.0077 0.0807366 0.058 1.8269 
1.01205 0.217716 0.035417 1.84298 
0.973452 0.252718 -0.0289091 1.75916 
1.01554 0.192831 0.011229 1.84859 
1.02835 0.164405 -0.0598444 1.88144 
1.00122 0.244515 0.0353347 1.81932 
1.00828 0.232559 0.0198631 1.83473 
0.998051 0.187967 0.0676087 1.81346 
1.00183 0.0963973 0.0689266 1.8139 
0.987187 0.256449 0.0870597 1.8007 
0.985978 0.255192 0.0791569 1.79706 
0.985172 0.25863 0.0834631 1.79632 
0.985613 0.256937 0.0828679 1.79682 
0.978377 0.282763 0.0201989 1.77741 
1.02599 0.155229 -0.00662814 1.87025 
1.02505 0.16025 -0.00181659 1.86814 
1.02599 0.153178 0.0012727 1.87003 
1.02553 0.156343 -0.00266081 1.86906 
0.960983 0.298657 0.0149562 1.74322 
1.01273 0.191819 0.0150843 1.84372 
1.0043 0.245623 0.0208371 1.8284 
1.02655 0.176266 -0.0593145 1.87834 
0.992195 0.264313 0.042113 1.80406 
1.00749 0.082985 0.056073 1.82598 
1.00704 0.0837538 0.0571942 1.82493 
1.0073 0.0817592 0.0570724 1.82553 
1.00732 0.0827776 0.0567685 1.82559 
0.972737 0.285678 0.00980123 1.76545 
0.999797 0.247198 0.0341929 1.81662 
1.00653 0.157471 0.0499915 1.82709 
1.01511 0.217824 -0.0130601 1.85201 
0.961145 0.253483 -0.0634312 1.73711 
1.00941 0.238334 0.00404253 1.84074 
0.999836 0.247885 0.0348712 1.81665 
0.958691 0.139731 -0.0493052 1.71254 
1.01364 0.193586 0.0204715 1.84569 
1.01634 0.200669 -0.00334673 1.85151 
1.00036 0.24696 0.0345461 1.81772 
0.996808 0.246029 0.0273098 1.80961 
0.980029 0.144473 0.0998173 1.77073 
0.975575 0.292972 0.0499912 1.77669 
1.01314 0.198322 0.0109268 1.84418 
1.02748 0.170039 -0.062279 1.88007 
1.02188 0.202523 -0.0609763 1.87166 
0.999963 0.247705 0.035156 1.81693 
0.951694 0.12377 -0.0685625 1.69545 
0.9995 0.247405 0.0336565 1.81583 
1.00007 0.24751 0.0353409 1.81715 
0.946215 0.266988 -0.0826458 1.71007 
0.948668 0.302103 0.0324416 1.72942 
0.939926 0.299767 0.0417668 1.70981 
0.949465 0.299173 0.0536311 1.73229 
0.947057 0.301104 0.0429265 1.72657 
0.99999 0.247624 0.0349556 1.81696 
1.02786 0.161073 -0.0297504 1.87679 
1.0274 0.159264 -0.0336064 1.87591 
0.999775 0.247178 0.0343519 1.81649 
1.01277 0.198506 0.00981245 1.84383 
1.0221 0.173208 0.00473979 1.86194 
1.02233 0.174935 3.62683e-05 1.86272 
1.02137 0.177273 0.00271467 1.86057 
1.02162 0.175066 0.00246939 1.86093 
0.952691 0.146102 -0.086786 1.70025 
1.00484 0.234452 0.0353282 1.82642 
1.00991 0.224709 0.0263412 1.83755 
1.01737 0.204513 -0.00786965 1.85485 
1.00008 0.247489 0.0348114 1.81716 
1.00133 0.174936 0.0437634 1.82212 
0.999599 0.197043 0.0426446 1.81934 
0.999849 0.18812 0.0570131 1.81981 
1.00123 0.187709 0.0476704 1.82287 
0.942662 0.247399 -0.100955 1.69728 
0.937928 0.297074 -0.0206413 1.70088 
0.937606 0.299457 -0.00538989 1.70132 
0.94355 0.300054 -0.0128101 1.71484 
0.93932 0.298788 -0.0132459 1.70486 
0.999874 0.247367 0.0346112 1.81672 
1.01516 0.194411 0.0107034 1.84798 
0.978977 0.2451 -0.0230858 1.77044 
1.00643 0.0879793 0.0641084 1.82577 
1.00604 0.0866036 0.0682126 1.82526 
1.00692 0.0834682 0.0641287 1.82644 
1.00651 0.0861384 0.0654621 1.82595 
1.00713 0.0458325 0.065456 1.8286 
1.00741 0.0577732 0.0648984 1.82832 
1.00571 0.0561247 0.0724485 1.82545 
1.00802 0.0534566 0.0678677 1.83064 
1.00404 0.240938 0.0289105 1.82556 
0.999672 0.243157 0.022657 1.81824 
0.991993 0.213503 -0.00283104 1.80092 
1.0133 0.1876 0.00947577 1.84531 
1.00931 0.236211 -0.021982 1.84665 
1.00587 0.109077 0.0573367 1.82346 
1.00622 0.118638 0.055316 1.82474 
1.00457 0.118803 0.0599883 1.82116 
1.00546 0.115591 0.0575336 1.82288 
0.999848 0.247413 0.0346473 1.81656 
1.00593 0.0990748 0.0573979 1.82301 
1.00577 0.0933951 0.0589112 1.82245 
1.00657 0.093071 0.056638 1.8242 
1.00594 0.0949737 0.0575425 1.82281 
1.02547 0.165964 -0.0274892 1.87103 
0.999768 0.24722 0.0344236 1.81641 
1.00219 0.101497 0.0653393 1.81481 
1.00149 0.103424 0.0642087 1.81296 
1.00283 0.0963936 0.0845289 1.82189 
1.00419 0.0835841 0.0813765 1.82336 
1.00337 0.0932926 0.08036 1.82173 
1.00254 0.0907083 0.0822963 1.81996 
0.962104 0.296992 0.0098528 1.7451 
0.984163 0.129626 0.0967911 1.77789 
1.0138 0.1763 0.00787227 1.84613 
0.972842 0.245817 -0.0381221 1.75654 
0.97166 0.241374 -0.0416424 1.75277 
0.969563 0.263494 -0.0308457 1.75276 
1.00236 0.244192 0.0312459 1.82206 
0.997009 0.140777 0.0744333 1.80619 
1.02487 0.169849 -0.0188783 1.86935 
1.02558 0.16615 -0.0224867 1.87099 
1.02384 0.198985 -0.0741978 1.87743 
0.994432 0.250876 0.10428 1.81843 
1.01496 0.19568 0.00931255 1.84762 
1.0103 0.22993 0.0119456 1.83988 
0.999761 0.247467 0.0343962 1.81639 
0.990714 0.254975 0.0983942 1.80958 
0.943847 0.217203 -0.11322 1.69374 
1.00131 0.244627 0.0343715 1.81956 
0.948923 0.147834 -0.104975 1.69287 
1.01035 0.0902706 0.0445115 1.833 
1.01133 0.09679 0.0399735 1.83555 
1.01074 0.0975746 0.0444034 1.83413 
1.01006 0.0948306 0.0430509 1.8323 
1.01705 0.186691 0.0297621 1.85448 
1.01688 0.194665 0.0248828 1.85624 
1.01205 0.19888 0.0428567 1.84667 
1.01445 0.194385 0.0317246 1.8504 
0.980377 0.283373 0.081525 1.78929 
0.993911 0.134005 0.0788611 1.79871 
0.999976 0.247596 0.034802 1.81691 
1.01153 0.145607 0.0383475 1.83806 
1.00887 0.142619 0.0450664 1.83161 
1.01123 0.132571 0.0391353 1.8367 
1.01043 0.139886 0.0408336 1.83509 
1.00775 0.0801533 0.058941 1.82718 
1.00759 0.0820088 0.0591266 1.82707 
1.00753 0.0812342 0.0610411 1.82716 
1.00764 0.0811588 0.059702 1.82718 
1.02357 0.205036 -0.0769297 1.8789 
0.94817 0.252408 -0.0854622 1.70944 
0.992164 0.111943 0.0844 1.79331 
1.01474 0.198938 0.00654042 1.84739 
0.946816 0.189354 -0.113986 1.69499 
1.00463 0.072261 0.0810212 1.82406 
1.00491 0.0662557 0.0875364 1.82646 
1.00518 0.0616349 0.0789909 1.82513 
1.005 0.0664364 0.0824554 1.8254 
1.01184 0.128063 0.0281066 1.83792 
1.01137 0.143122 0.0344451 1.83744 
1.01101 0.129302 0.0354288 1.83588 
1.01234 0.133012 0.0325684 1.83941 
1.00018 0.247289 0.0347024 1.81734 
1.00748 0.0806214 0.0574224 1.82602 
1.0076 0.0803469 0.0576565 1.82639 
1.00768 0.0800905 0.0577671 1.82666 
1.00766 0.0803013 0.057583 1.82652 
0.999847 0.247836 0.0347004 1.81666 
0.99997 0.247605 0.0347856 1.8169 
0.963599 0.299684 0.0227144 1.75014 
0.987913 0.255627 0.0106209 1.79144 
0.988429 0.236889 0.0523316 1.79775 
0.986492 0.24553 0.0577045 1.795 
0.987809 0.240961 0.0614716 1.79743 
0.98782 0.241388 0.0572268 1.79737 
0.994415 0.259909 0.0550624 1.80948 
0.97017 0.297781 0.0358788 1.76503 
1.00043 0.247003 0.0343242 1.81789 
0.989231 0.11242 0.0901295 1.78687 
0.983179 0.273247 0.0199839 1.7852 
0.998312 0.245681 0.0305817 1.81305 
1.03204 0.110056 8.52282e-05 1.88629 
1.03265 0.106389 -0.0176576 1.88838 
1.03137 0.116318 -0.00905848 1.88408 
1.03211 0.110495 -0.00870774 1.88645 
1.01603 0.191715 0.0101179 1.84955 
0.974779 0.281669 0.00176157 1.76924 
1.01297 0.210733 0.00969519 1.84452 
1.00207 0.241535 0.0377416 1.82095 
1.02167 0.203689 -0.0416743 1.86878 
0.947944 0.162631 -0.109534 1.69284 
1.01293 0.198651 0.0105346 1.8444 
1.01299 0.19881 0.0105151 1.84404 
1.03287 0.104742 0.0153713 1.88931 
1.03262 0.102488 0.0374607 1.89057 
1.03541 0.088257 0.0123731 1.89715 
1.03389 0.0975256 0.0210047 1.89287 
0.997038 0.20574 0.0469519 1.81395 
0.994954 0.21379 0.0610274 1.81048 
0.999258 0.198154 0.0594716 1.81933 
0.996852 0.205246 0.0557599 1.81383 
1.01862 0.211985 -0.0281856 1.86133 
0.979781 0.133143 0.101617 1.76846 
1.00527 0.0950752 0.0599803 1.82141 
1.00549 0.1013 0.0586341 1.82218 
1.00464 0.101257 0.0612073 1.82036 
1.00495 0.0992532 0.0599093 1.82084 
1.00036 0.140168 0.0651392 1.81282 
1.00034 0.246751 0.0350297 1.81763 
1.00743 0.224864 0.0797618 1.83794 
0.939688 0.289341 -0.0461484 1.70234 
0.938427 0.293421 -0.0343056 1.70071 
0.942742 0.293135 -0.0390699 1.71045 
0.940149 0.29185 -0.0401268 1.7042 
0.982575 0.260369 0.075446 1.79001 
0.981951 0.262691 0.0817133 1.7896 
0.983466 0.260773 0.0817653 1.79272 
0.982688 0.261465 0.0796163 1.79089 
0.963191 0.283361 -0.0147865 1.7431 
0.999606 0.247997 0.0341762 1.81615 
0.986883 0.243555 0.00238504 1.78681 
1.01106 0.221552 0.0240162 1.84012 
1.00016 0.24736 0.0348071 1.8173 
1.01227 0.210525 0.0256052 1.84269 
0.950402 0.244288 -0.0915728 1.71336 
1.02434 0.193915 -0.0721339 1.87714 
0.959178 0.217093 -0.0834466 1.7261 
0.989226 0.271633 0.0626201 1.80204 
1.0126 0.209678 0.0146552 1.84353 
1.00066 0.246095 0.0359664 1.81832 
0.941833 0.270721 -0.0797079 1.70166 
0.946201 0.27061 -0.0791205 1.71155 
0.962648 0.292235 -0.000684006 1.74462 
0.987699 0.266942 0.0303034 1.79368 
0.967803 0.269333 -0.0265592 1.75004 
0.974707 0.249291 -0.0249711 1.76127 
0.974812 0.250196 -0.0274894 1.76185 
0.998164 0.247818 0.0305009 1.81294 
1.00154 0.24612 0.0315743 1.82051 
0.946501 0.284613 0.0946133 1.72688 
0.964078 0.27727 0.0998934 1.7658 
0.954456 0.292015 0.0765313 1.74447 
0.95493 0.285983 0.0894609 1.74559 
1.01322 0.18703 0.011597 1.84496 
1.0129 0.191309 0.0099714 1.84442 
0.974317 0.294733 0.0419991 1.77375 
1.00495 0.127189 0.060084 1.82274 
1.00352 0.127284 0.0566935 1.81866 
0.99975 0.247678 0.0342997 1.81641 
0.944515 0.24097 -0.10221 1.69994 
0.964953 0.280814 -0.0158552 1.74648 
0.999562 0.248625 0.0350793 1.81623 
1.0011 0.243855 0.0381347 1.81908 
1.03473 0.0985584 -0.017681 1.89434 
1.0333 0.103332 0.00278633 1.8901 
1.03563 0.0880592 -0.00306437 1.8974 
1.03429 0.0966395 -0.00617493 1.89315 
1.01331 0.200789 0.0167293 1.84519 
0.998591 0.2502 0.0333172 1.81439 
0.955641 0.229879 -0.0792133 1.71963 
0.99991 0.247762 0.0348353 1.8168 
0.977569 0.263588 -0.012699 1.77069 
0.999967 0.247704 0.0350661 1.81693 
0.984537 0.195406 0.0785821 1.78836 
1.02693 0.185661 0.0504531 1.88027 
0.949716 0.210143 -0.0976228 1.70368 
1.00301 0.246601 0.0224786 1.826 
1.00354 0.180732 0.0597286 1.82322 
1.00676 0.241806 0.00214217 1.83625 
0.998963 0.225792 -0.0114934 1.82107 
1.0365 0.07844 0.0186097 1.90114 
1.03286 0.0956054 0.0462456 1.89268 
1.03543 0.073217 0.049302 1.9014 
1.03498 0.0826063 0.0391105 1.89837 
1.01309 0.214349 0.00624677 1.8451 
0.949525 0.129794 -0.0926429 1.69175 
0.994077 0.263159 0.0750361 1.81314 
0.96624 0.27205 -0.0260673 1.7471 
1.02787 0.136854 0.0062187 1.8745 
1.02801 0.138863 -0.00308331 1.87474 
1.02645 0.145721 0.00435658 1.87098 
1.02761 0.140489 0.00232864 1.87376 
0.989546 0.239886 0.0749341 1.80211 
0.990846 0.229702 0.0685745 1.80313 
0.989002 0.238824 0.0673962 1.8002 
0.990129 0.236423 0.0701697 1.80266 
1.01237 0.216727 0.0243107 1.84316 
0.949866 0.233469 -0.0913396 1.70874 
1.00655 0.240621 0.0212307 1.83209 
0.986529 0.257516 0.0945206 1.79986 
0.987093 0.260118 0.0958921 1.80242 
1.01342 0.21419 0.0142598 1.84575 
1.00581 0.056107 0.0855009 1.82866 
1.00808 0.0431916 0.0716759 1.83227 
1.00703 0.0556568 0.0766954 1.82967 
1.00542 0.0512376 0.0782613 1.82627 
0.98833 0.11877 0.0918408 1.78572 
0.966748 0.275388 -0.021669 1.74921 
0.999516 0.106662 0.0691674 1.80905 
0.997703 0.243562 0.0297417 1.81156 
1.00666 0.233363 0.02691 1.83063 
1.00167 0.247237 0.0300573 1.82143 
1.0139 0.182355 0.011754 1.84645 
0.976907 0.236643 -0.0338884 1.76431 
0.975374 0.236945 -0.0401742 1.76083 
0.974381 0.242668 -0.036307 1.7595 
0.975164 0.238474 -0.0369028 1.76051 
1.00014 0.247571 0.0338533 1.81756 
1.01372 0.172601 0.0174906 1.84515 
1.00661 0.242657 0.011021 1.83439 
0.999929 0.247441 0.0343525 1.81694 
1.0003 0.247068 0.0346293 1.81759 
0.999047 0.248012 0.0326745 1.81493 
1.01437 0.160456 0.017408 1.84621 
1.01355 0.160994 0.0120946 1.84441 
0.951648 0.257799 -0.0762763 1.71792 
0.969297 0.297953 0.0268129 1.76258 
1.01904 0.194338 -0.0117471 1.85769 
1.00039 0.0383572 0.101945 1.81889 
1.00226 0.06154 0.0983154 1.8228 
0.996555 0.0735422 0.11305 1.81208 
1.00179 0.0577718 0.105025 1.82311 
1.0254 0.188086 -0.0587053 1.87726 
0.999917 0.247792 0.0349738 1.81683 
0.999867 0.247737 0.0346889 1.81668 
0.991918 0.264227 0.066693 1.80664 
0.945474 0.255572 -0.0927235 1.70544 
1.00844 0.234344 0.0168124 1.83566 
0.955935 0.299712 0.0248234 1.74362 
0.965503 0.289909 0.0372495 1.76215 
0.961435 0.294084 0.0154805 1.75265 
0.961038 0.294923 0.0264528 1.75297 
1.02662 0.180255 -0.044009 1.87737 
1.02552 0.187845 -0.0518541 1.87672 
0.949751 0.282087 -0.0600425 1.72225 
0.953399 0.274507 -0.0634957 1.72735 
0.95029 0.277462 -0.0654733 1.72201 
1.00357 0.239374 0.0333276 1.82408 
1.00484 0.171008 0.0579713 1.82498 
0.999546 0.246546 0.0334945 1.8161 
0.999841 0.247979 0.0350598 1.81671 
1.00572 0.0901013 0.0589548 1.82212 
1.00652 0.0864913 0.0578406 1.8238 
1.00637 0.0900286 0.0568924 1.82353 
1.00631 0.0888156 0.0578437 1.82341 
0.982333 0.263197 0.0857243 1.79102 
0.98403 0.262545 0.0909095 1.79535 
0.984001 0.261372 0.0854192 1.79446 
0.983394 0.262446 0.0873936 1.79348 
0.983828 0.260904 0.104761 1.79615 
0.982467 0.261892 0.101727 1.79273 
0.991474 0.263492 0.0876281 1.80992 
0.968579 0.293127 0.0130346 1.75858 
0.94548 0.226611 -0.10788 1.69923 
0.990472 0.256012 0.0930902 1.80763 
0.990765 0.255248 0.0954252 1.80895 
0.990292 0.251683 0.0917562 1.80678 
0.99002 0.254087 0.0932136 1.80647 
1.02707 0.149978 -0.0125738 1.87289 
1.02829 0.141532 -0.0118097 1.87566 
1.02815 0.144966 -0.0195085 1.87577 
1.02791 0.145418 -0.0148921 1.87494 
1.02941 0.138485 -0.0487119 1.88188 
1.02956 0.13786 -0.042397 1.88145 
1.03012 0.132971 -0.0470376 1.88346 
1.02983 0.136369 -0.0463689 1.88264 
1.00717 0.0973264 0.0532164 1.82562 
1.00626 0.10055 0.0559482 1.82376 
1.00646 0.0936161 0.055394 1.82382 
1.00687 0.0971677 0.0548406 1.825 
1.01358 0.0745563 0.0210992 1.84141 
1.01405 0.0579988 0.028097 1.84293 
1.0153 0.0624397 0.0136601 1.84619 
1.01417 0.0647724 0.0201935 1.8431 
0.991041 0.227699 0.0132634 1.79555 
1.00016 0.247364 0.0347353 1.8173 
1.02066 0.209077 -0.0570676 1.86974 
1.01337 0.21149 0.0115633 1.84557 
1.00901 0.0954792 0.0499594 1.82991 
1.00977 0.0903284 0.0471264 1.83159 
1.00934 0.0973114 0.046567 1.83065 
1.00984 0.0942758 0.0479553 1.83188 
1.02751 0.139122 0.0119917 1.87385 
1.0264 0.14781 0.00965208 1.8711 
1.02602 0.146784 0.0190013 1.87066 
1.02685 0.144239 0.0136351 1.87235 
0.99732 0.248006 0.0289898 1.81106 
0.983903 0.257096 0.109043 1.79883 
0.979569 0.261353 0.108688 1.79044 
0.98122 0.248363 0.114544 1.79338 
0.981552 0.256374 0.110822 1.79435 
1.01307 0.214017 0.00873607 1.845 
0.985452 0.273303 0.0281851 1.79066 
1.02393 0.191001 -0.0475583 1.87274 
0.981175 0.283789 0.0464586 1.78551 
1.0017 0.120422 0.0658063 1.8148 
1.00618 0.0839799 0.06922 1.82556 
1.00694 0.0790006 0.0677418 1.82685 
1.00698 0.0815408 0.0649073 1.82655 
1.00662 0.0813836 0.0673389 1.8261 
0.998172 0.248782 0.031508 1.81308 
1.00526 0.23609 0.0293143 1.82764 
0.975529 0.277137 0.000120149 1.76932 
0.94625 0.211668 -0.110767 1.69786 
0.999963 0.247721 0.0353599 1.81695 
1.00303 0.240489 0.0315758 1.82294 
0.994041 0.139737 0.0830717 1.80051 
1.01187 0.212392 0.0401989 1.84432 
0.987147 0.208131 0.121565 1.80329 
0.989109 0.226107 0.114828 1.80769 
0.983932 0.230926 0.119034 1.79809 
0.986671 0.222675 0.118795 1.80307 
1.02434 0.197381 -0.055794 1.87601 
0.99015 0.124188 0.0880201 1.79014 
1.00012 0.247664 0.0343541 1.81738 
1.00896 0.0755522 0.0565402 1.83 
1.00954 0.073935 0.0527497 1.83128 
1.00912 0.0788912 0.0531503 1.83006 
1.00931 0.0758849 0.0541807 1.8307 
0.995151 0.255201 0.0786957 1.81417 
0.998816 0.247213 0.0319872 1.81428 
0.997761 0.139511 0.103077 1.81729 
0.999194 0.159841 0.0957342 1.8211 
0.996129 0.168246 0.10619 1.81645 
0.997813 0.156833 0.101801 1.81867 
0.985954 0.248831 0.062542 1.79465 
0.986045 0.25094 0.0707847 1.79576 
0.987709 0.244747 0.0656371 1.79819 
0.986451 0.24809 0.0663046 1.79587 
1.01209 0.217965 0.0297167 1.84257 
0.976985 0.26822 -0.00694398 1.77022 
1.00437 0.244934 0.0148058 1.8298 
0.94827 0.198223 -0.111481 1.69993 
1.01163 0.218739 0.0320133 1.84152 
1.01262 0.210673 0.0231069 1.84354 
1.02583 0.152224 0.0116631 1.86991 
1.02373 0.159477 0.0188322 1.86557 
1.02543 0.151644 0.0202524 1.8695 
1.02509 0.154495 0.0174273 1.86852 
1.01686 0.194786 0.0029676 1.8519 
1.01046 0.115307 0.0431578 1.8341 
1.01119 0.108029 0.0380536 1.83549 
1.01084 0.120488 0.0386435 1.83513 
1.01086 0.114674 0.0399981 1.83498 
1.01608 0.202788 -0.000272644 1.8511 
0.991438 0.237504 0.0878345 1.8073 
0.990048 0.242547 0.0822718 1.80421 
0.990371 0.246525 0.0882077 1.806 
0.99106 0.242216 0.0858441 1.80689 
0.999469 0.247647 0.0335601 1.8158 
0.974848 0.291169 0.0335846 1.77279 
0.99035 0.133258 0.0879195 1.79159 
1.01263 0.194506 0.0315987 1.84315 
1.0005 0.245293 0.0390701 1.81798 
1.0105 0.225339 0.0300527 1.83908 
0.999654 0.247141 0.0340809 1.81615 
1.02915 0.142504 -0.0358555 1.87966 
1.02844 0.150162 -0.0346206 1.87797 
1.0286 0.1452 -0.0290342 1.87766 
1.02856 0.145729 -0.0327936 1.87792 
0.939372 0.30071 0.00312236 1.7062 
0.947272 0.302589 0.0131819 1.72511 
0.945892 0.301312 -0.00468064 1.72075 
0.944733 0.302055 0.00373799 1.71881 
0.974883 0.27325 -0.00665124 1.76684 
0.997935 0.249775 0.0317406 1.81275 
0.995225 0.250876 0.0924579 1.81637 
1.01088 0.222632 0.0302863 1.8398 
0.999219 0.247957 0.0332219 1.81528 
0.951468 0.200764 -0.101555 1.70674 
0.968799 0.298067 0.0496635 1.76347 
1.00062 0.245746 0.0351384 1.8181 
1.00099 0.245124 0.0356539 1.81891 
1.01357 0.18018 0.0193138 1.84508 
1.00336 0.0970524 0.0642056 1.81727 
1.00456 0.094184 0.0614507 1.81974 
1.00363 0.0999208 0.062156 1.81786 
1.00427 0.0967728 0.0625122 1.81932 
0.999488 0.247981 0.0338646 1.81589 
1.01326 0.205325 0.0108987 1.84497 
1.01585 0.227219 -0.0522387 1.86448 
0.966359 0.288641 -0.00174819 1.75201 
1.00014 0.247404 0.0348254 1.81727 
1.02267 0.197984 -0.0598905 1.87247 
0.999398 0.248848 0.0354859 1.81591 
1.00146 0.24374 0.0358546 1.8198 
1.02685 0.157435 -0.0222715 1.87336 
1.02679 0.153885 -0.0156181 1.87253 
1.02781 0.14914 -0.0220544 1.87524 
1.02705 0.153358 -0.0196565 1.87339 
1.01194 0.220316 0.0149099 1.84246 
1.01971 0.183612 -0.00380248 1.8574 
0.963717 0.286512 -0.00985006 1.74531 
1.01223 0.214261 0.0266968 1.84275 
1.03232 0.10985 -0.0239656 1.88754 
1.03163 0.121266 -0.0256555 1.88533 
1.03139 0.1185 -0.0147152 1.88417 
1.03164 0.11675 -0.0213575 1.88525 
0.999124 0.24934 0.043234 1.81616 
1.02218 0.179309 -0.00422778 1.86301 
0.991407 0.226926 0.0623146 1.80371 
0.990094 0.231613 0.0532456 1.80089 
0.989556 0.237192 0.0625983 1.80103 
0.990146 0.231891 0.0594042 1.80133 
1.02933 0.127312 0.00784223 1.87849 
1.03104 0.116359 0.00710649 1.88342 
1.03023 0.12077 -0.00291139 1.88087 
1.0304 0.121649 0.00374234 1.88135 
1.01286 0.198896 0.0112107 1.84426 
0.99979 0.247305 0.0344245 1.81645 
1.01492 0.212876 -0.00595492 1.85 
1.00377 0.129789 0.0628373 1.82032 
1.02079 0.177279 0.0125295 1.85943 
1.02054 0.178804 0.00923521 1.85878 
1.02027 0.179352 0.0112702 1.85825 
1.02043 0.178473 0.0110406 1.85855 
0.999722 0.247155 0.0342879 1.81632 
1.00034 0.246891 0.0348947 1.81765 
0.954306 0.15505 -0.0835532 1.70476 
1.02518 0.186021 -0.0646581 1.87688 
0.984469 0.238231 -0.0117372 1.78127 
0.945638 0.287293 -0.0533773 1.71499 
0.941282 0.287647 -0.0512053 1.70548 
0.944315 0.291658 -0.0435413 1.71343 
0.944073 0.28919 -0.0492057 1.71222 
0.982771 0.24916 -0.00888816 1.779 
1.0258 0.182985 -0.0629797 1.87777 
0.957315 0.143105 -0.0624993 1.70968 
0.986191 0.175597 0.0869656 1.78856 
1.00225 0.244908 0.0301657 1.822 
1.02336 0.2092 -0.0734687 1.87906 
0.975324 0.253786 -0.0137257 1.766 
0.975822 0.254124 -0.0237575 1.76663 
0.973986 0.256873 -0.0209368 1.76365 
0.999562 0.24751 0.0338949 1.81597 
1.01356 0.0622564 0.0333113 1.84142 
1.0135 0.0767298 0.0261523 1.84102 
1.0129 0.0739378 0.035236 1.83937 
1.01252 0.0708973 0.0317037 1.83853 
0.991514 0.118621 0.0834479 1.79217 
1.01195 0.107645 0.0340462 1.83741 
1.01271 0.117537 0.0275747 1.83974 
1.01219 0.121319 0.0351546 1.83853 
1.01181 0.115658 0.032223 1.83735 
0.999105 0.246824 0.0324221 1.81491 
0.98225 0.25145 0.103622 1.79948 
0.993731 0.224117 0.102057 1.81844 
0.989074 0.244142 0.0856026 1.80904 
0.98755 0.240106 0.0979009 1.80703 
1.01006 0.103478 0.0401444 1.83251 
1.00958 0.11007 0.0445056 1.83169 
1.00928 0.101765 0.0444402 1.8306 
1.01053 0.105229 0.0430689 1.83384 
0.949973 0.142639 -0.0992821 1.69438 
0.998646 0.251588 0.0362607 1.81504 
0.999786 0.246868 0.0328922 1.81693 
1.00041 0.246625 0.035562 1.81781 
0.965603 0.286152 -0.0070568 1.74953 
1.0226 0.215578 -0.0713213 1.87895 
0.969084 0.287191 0.00102837 1.75775 
1.02754 0.153773 -0.0321411 1.87566 
1.02677 0.157047 -0.0259512 1.8734 
1.02783 0.149109 -0.0262115 1.87561 
1.02729 0.153128 -0.0283426 1.87463 
0.997014 0.253138 0.0411781 1.81193 
0.988572 0.260274 0.0944202 1.80412 
0.989789 0.257222 0.0927199 1.80576 
0.989599 0.261593 0.0906171 1.80583 
0.989383 0.259575 0.0926373 1.80537 
0.96559 0.28784 0.015143 1.75931 
0.969011 0.281733 0.0355554 1.7664 
0.972276 0.275212 0.0205038 1.77002 
0.969096 0.28256 0.0240398 1.7659 
1.02808 0.150403 -0.0379917 1.8774 
1.02895 0.143498 -0.0390722 1.87952 
1.02888 0.147916 -0.042061 1.87983 
1.02868 0.147074 -0.0399864 1.87902 
0.985235 0.254484 0.00304374 1.78524 
0.98456 0.262562 0.0961235 1.79725 
0.982888 0.26295 0.0982323 1.79364 
0.984945 0.261286 0.101426 1.79851 
0.984311 0.262441 0.0985686 1.79696 
0.984732 0.138092 0.094358 1.77988 
0.999824 0.248032 0.0358985 1.81673 
1.01795 0.202376 0.0856201 1.86227 
1.0024 0.240979 0.0355319 1.82155 
1.02144 0.179384 0.000705971 1.86106 
1.0211 0.178029 -0.00108269 1.86005 
1.01378 0.217391 -0.00821972 1.84815 
1.02914 0.161966 -0.0539448 1.88274 
1.01339 0.199901 0.0104813 1.84501 
1.02472 0.183894 -0.0338973 1.87206 
1.02853 0.165709 -0.0559546 1.88173 
1.00203 0.242614 0.03507 1.82094 
1.02013 0.184792 -0.000157555 1.85857 
1.02075 0.178352 0.00654299 1.85921 
1.0214 0.17454 0.00653556 1.86036 
1.0208 0.1779 0.00384551 1.85922 
1.02126 0.177006 0.00573925 1.86031 
1.00294 0.242818 0.0292336 1.82326 
0.984984 0.255827 0.0757443 1.79465 
0.98345 0.258553 0.0737626 1.79154 
0.984233 0.259224 0.0803739 1.79404 
0.984335 0.257911 0.076772 1.7937 
0.999845 0.247297 0.0345795 1.81661 
1.0181 0.219109 -0.0402606 1.86356 
1.00011 0.247454 0.034794 1.81721 
1.02935 0.141335 -0.0423164 1.88091 
1.02919 0.141596 -0.0480504 1.88127 
1.02886 0.146223 -0.0444712 1.88007 
1.02912 0.142973 -0.0447873 1.88068 
0.967996 0.276652 0.0875092 1.77116 
0.967589 0.284016 0.0612007 1.7678 
0.95815 0.29165 0.0678362 1.7507 
0.965138 0.285298 0.0737568 1.7652 
1.01738 0.226219 -0.0434662 1.86465 
1.00252 0.108348 0.0644292 1.81581 
1.0041 0.115309 0.064186 1.82028 
0.992331 0.15121 0.0829027 1.7975 
1.00826 0.177369 0.0517873 1.83316 
1.00206 0.242831 0.0334712 1.821 
0.969965 0.282932 -0.00349523 1.75844 
1.00102 0.244413 0.0371024 1.81892 
1.01358 0.183796 0.0163535 1.84541 
1.01298 0.231742 -0.0328923 1.85432 
1.02406 0.161764 0.015463 1.86628 
1.02488 0.155401 0.00940378 1.86756 
1.02404 0.161132 0.00959419 1.86578 
1.02438 0.159251 0.0115739 1.86664 
0.974382 0.275177 0.0644093 1.78074 
0.975267 0.266355 0.0910398 1.78499 
0.982676 0.255217 0.077449 1.79549 
0.978698 0.266301 0.0775083 1.79008 
0.968334 0.299232 0.0404966 1.76205 
1.00011 0.247427 0.0348852 1.8172 
0.999945 0.247654 0.0348092 1.81685 
1.01335 0.202791 0.0104184 1.84503 
0.955093 0.140672 -0.0792256 1.70514 
0.998408 0.246904 0.0308898 1.81336 
1.00019 0.245244 0.0466196 1.81811 
1.02783 0.137291 0.0308397 1.8763 
1.0281 0.135597 0.0171497 1.87571 
1.02713 0.144663 0.0242418 1.87391 
1.02721 0.139383 0.0237769 1.874 
1.02617 0.170639 -0.0300053 1.87354 
1.01309 0.183672 0.0241643 1.84388 
0.948947 0.156446 -0.103977 1.69384 
0.965308 0.298507 0.0207654 1.7533 
0.995674 0.102625 0.117509 1.81248 
0.996466 0.119945 0.110411 1.81403 
0.992571 0.130123 0.11913 1.80734 
0.995023 0.118272 0.116052 1.81166 
1.00982 0.0757355 0.0499122 1.83179 
1.00976 0.082848 0.0478229 1.83149 
1.00937 0.080637 0.051267 1.83058 
1.00955 0.0797658 0.0497318 1.83103 
0.95155 0.19249 -0.0985241 1.70491 
0.999704 0.134496 0.0703595 1.81165 
0.990406 0.264701 0.0355732 1.79948 
1.0104 0.228695 0.0083829 1.84021 
0.979595 0.28615 0.0378305 1.78216 
0.999763 0.248368 0.0360687 1.81669 
0.988954 0.265808 0.0242718 1.79646 
0.974259 0.273785 0.0430908 1.77649 
0.980375 0.256098 0.0363102 1.78405 
0.975641 0.268109 0.0256828 1.77577 
0.976444 0.265086 0.0347326 1.77751 
1.01005 0.0822475 0.0455183 1.83218 
1.01025 0.0742747 0.0474851 1.83287 
1.01079 0.0770343 0.0418712 1.83402 
1.01032 0.077764 0.0448053 1.83288 
0.986165 0.249398 -0.000363968 1.7866 
0.971478 0.258968 -0.0296064 1.75601 
0.970581 0.262876 -0.0277236 1.75482 
0.990208 0.162638 0.0862906 1.79519 
0.984988 0.261222 0.0919589 1.79726 
0.986361 0.257598 0.090627 1.79927 
0.984525 0.259821 0.0863568 1.79528 
0.985099 0.259772 0.0894975 1.79685 
0.983285 0.251004 0.0469742 1.79073 
0.977702 0.26951 0.0548608 1.78478 
0.985691 0.251771 0.0674584 1.79977 
0.981803 0.258004 0.0571495 1.79085 
1.00461 0.236874 0.0325721 1.82618 
1.01317 0.213965 0.0122071 1.84517 
0.982061 0.148674 0.0957038 1.77522 
1.01348 0.20864 0.012837 1.84569 
1.00291 0.242072 0.032165 1.82295 
0.977342 0.201524 -0.0291809 1.76131 
1.00175 0.240974 0.0449731 1.82074 
0.942967 0.276925 -0.072082 1.70616 
0.946388 0.281958 -0.0630055 1.71512 
0.946248 0.275373 -0.0720988 1.71266 
0.945277 0.27857 -0.0689439 1.71166 
0.983525 0.243841 -0.0134552 1.78022 
0.991317 0.152773 0.0870838 1.79642 
1.01123 0.219548 0.0364278 1.84091 
0.996302 0.137268 0.108586 1.81471 
0.994174 0.165723 0.110922 1.81258 
0.993265 0.146284 0.116783 1.81005 
0.994548 0.148868 0.112307 1.81227 
1.01414 0.215215 0.056288 1.84953 
1.0017 0.246751 0.0304525 1.82122 
0.996998 0.253531 0.0319733 1.81165 
0.975968 0.239808 -0.0315204 1.76258 
0.974365 0.246362 -0.0314812 1.76006 
0.974717 0.24326 -0.0328221 1.7603 
1.00037 0.246589 0.0359637 1.81772 
1.03146 0.120697 -0.032058 1.88549 
1.03351 0.109283 -0.0319843 1.89118 
1.03254 0.114956 -0.0410033 1.88929 
1.03226 0.114619 -0.0355188 1.88806 
0.988407 0.139751 0.0907359 1.78821 
1.01066 0.221371 0.0329477 1.83923 
1.00177 0.245923 0.0305585 1.82108 
1.00166 0.2468 0.0763598 1.82745 
1.02463 0.190664 -0.0553913 1.8754 
0.999805 0.247474 0.0345341 1.81648 
0.990952 0.18579 0.0776261 1.79964 
0.985197 0.225969 -0.00778843 1.78108 
0.939389 0.295716 -0.0275811 1.70374 
0.944705 0.298745 -0.0203196 1.71679 
0.944121 0.295279 -0.0329893 1.71427 
0.942712 0.296858 -0.0270274 1.71162 
1.00135 0.246954 0.0312708 1.82032 
1.01241 0.195475 0.0276333 1.84257 
0.994484 0.252829 0.108384 1.82023 
1.00525 0.10653 0.0589001 1.82193 
1.00379 0.114682 0.061641 1.81913 
1.00401 0.105767 0.0619315 1.8191 
1.00488 0.108809 0.0606228 1.82135 
1.00812 0.170471 0.0483588 1.83183 
1.02378 0.203376 -0.0713514 1.87803 
0.992514 0.175545 0.0795213 1.80142 
1.01254 0.206613 0.027327 1.84333 
0.94821 0.298411 -0.0204192 1.72415 
0.952161 0.294349 -0.0296925 1.73103 
0.946541 0.295095 -0.0336679 1.71927 
0.94913 0.296414 -0.0281263 1.72546 
0.999833 0.248122 0.0366893 1.81685 
1.01327 0.201321 0.025667 1.84497 
1.00688 0.237545 0.0181247 1.83238 
0.999803 0.247433 0.0344809 1.81647 
0.997912 0.244917 0.0290416 1.81212 
0.965389 0.297144 0.0136377 1.7529 
1.00018 0.247312 0.036749 1.81748 
1.02272 0.208916 -0.0710551 1.87689 
0.995105 0.214091 0.115467 1.82295 
0.982527 0.243382 0.118887 1.80207 
0.992551 0.206167 0.14032 1.82281 
0.989563 0.222307 0.125544 1.81474 
0.965183 0.292142 0.00282026 1.75046 
0.97992 0.198564 0.0772351 1.77939 
0.987403 0.258126 0.109093 1.80472 
0.999322 0.247579 0.0331919 1.81547 
0.997519 0.222135 -0.0196018 1.81816 
0.985943 0.163066 0.0907214 1.78608 
0.950361 0.132906 -0.0826843 1.69325 
1.02905 0.154749 -0.0413686 1.88045 
1.03006 0.152591 -0.0432744 1.88319 
1.01771 0.215973 -0.0222876 1.8592 
0.96856 0.270732 -0.0229751 1.75206 
0.95389 0.268873 -0.0727449 1.72737 
0.950446 0.300698 -0.00416495 1.73037 
0.952769 0.301347 0.0145371 1.73664 
0.958001 0.296848 0.00558997 1.7456 
0.953401 0.300456 0.00509716 1.7371 
0.984549 0.277662 0.0487516 1.79123 
1.02493 0.155512 0.0050049 1.86751 
1.02446 0.161382 0.00155944 1.8667 
1.02415 0.160944 0.00691239 1.86594 
1.02468 0.15919 0.00455794 1.86711 
0.998367 0.248901 0.0323806 1.81349 
0.966696 0.282239 -0.011249 1.75092 
0.967428 0.274587 -0.019617 1.75036 
1.0005 0.246231 0.0352151 1.81791 
1.00038 0.246823 0.0346798 1.81773 
0.99986 0.247358 0.0346749 1.81663 
0.980418 0.282467 0.0299223 1.78224 
0.970696 0.265668 -0.0242244 1.75565 
0.988223 0.27311 0.0552193 1.79904 
1.00031 0.247156 0.0343471 1.81764 
0.970048 0.288918 0.00724446 1.76046 
1.00377 0.246103 0.0239288 1.82685 
0.997731 0.252391 0.0341864 1.81303 
0.988094 0.260429 0.0144293 1.79301 
0.955512 0.294367 -0.0227208 1.73844 
0.951122 0.299167 -0.0130534 1.73099 
0.958188 0.295396 -0.00449335 1.74499 
0.954995 0.296491 -0.0133736 1.73821 
1.00003 0.176055 0.0960544 1.82441 
0.997792 0.196733 0.100874 1.8213 
0.9961 0.183318 0.1055 1.81744 
0.997726 0.18513 0.101053 1.82044 
0.965199 0.290454 0.0494648 1.76339 
0.955228 0.300164 0.0349927 1.74334 
0.956922 0.296386 0.0563702 1.74839 
0.958144 0.296713 0.0459494 1.74955 
0.987459 0.112679 0.134336 1.79658 
0.992425 0.0991295 0.123451 1.80548 
0.991902 0.130416 0.124415 1.80707 
0.990678 0.114197 0.127425 1.8033 
1.00025 0.247056 0.0349404 1.81748 
0.994709 0.212732 0.0681638 1.81019 
0.997651 0.203925 0.07712 1.81737 
0.998856 0.197376 0.067268 1.81882 
0.997707 0.204811 0.0711883 1.81698 
0.970154 0.268908 -0.0220359 1.7552 
1.02912 0.133946 -0.00600824 1.87758 
1.029 0.131523 0.00364922 1.87738 
1.03051 0.125373 -0.00595652 1.88138 
1.02926 0.130022 -0.00248272 1.878 
1.0001 0.247472 0.0348599 1.81718 
0.986736 0.25006 0.0740366 1.79738 
0.988534 0.24512 0.0758843 1.80073 
0.988065 0.243568 0.0689875 1.79896 
0.987688 0.246423 0.0730562 1.79882 
0.998611 0.250725 0.0358401 1.81462 
1.01287 0.190647 0.0240328 1.84353 
0.978587 0.274564 0.00669466 1.77531 
0.999228 0.247066 0.0329416 1.8152 
1.02032 0.181723 0.00135795 1.85857 
0.992902 0.176693 0.114445 1.81144 
0.989667 0.181777 0.121758 1.80626 
0.991828 0.156003 0.1202 1.80835 
0.990654 0.172286 0.118884 1.80675 
0.995179 0.256228 0.0408535 1.80848 
0.994871 0.256913 0.0865585 1.8157 
1.00334 0.243817 0.0128126 1.82791 
0.950346 0.129492 -0.0668806 1.69202 
1.00173 0.242119 0.0418985 1.8206 
0.949122 0.216987 -0.102197 1.70468 
0.947 0.225823 -0.099775 1.70129 
0.995877 0.256815 0.0630122 1.81333 
0.997885 0.251659 0.0330013 1.81317 
1.01161 0.220397 0.028183 1.84146 
0.965871 0.282888 -0.0148751 1.7565 
0.958943 0.290449 -0.0236959 1.74423 
0.962346 0.290415 -0.00472456 1.75207 
0.962195 0.28864 -0.0145296 1.75073 
1.00281 0.243024 0.0308072 1.82292 
0.952497 0.291794 -0.03789 1.731 
0.949013 0.288461 -0.0498099 1.72262 
0.947327 0.292871 -0.0401745 1.72046 
0.9491 0.291094 -0.0431615 1.72344 
0.968685 0.278774 -0.0055938 1.7614 
0.965562 0.286978 0.00459026 1.75826 
0.97141 0.274861 0.0111123 1.7671 
0.969283 0.280161 0.00349884 1.76388 
0.987261 0.260824 0.0983217 1.8035 
0.986775 0.259755 0.102065 1.80253 
0.988522 0.257607 0.105268 1.8066 
0.971481 0.208506 0.0692294 1.76119 
1.00613 0.202168 0.00299413 1.84619 
0.980064 0.212249 0.0586687 1.78238 
0.999039 0.212445 0.0328774 1.82852 
1.01494 0.183554 -0.0100121 1.8661 
1.03061 0.166921 -0.00210588 1.90143 
1.03816 0.158799 0.0253473 1.91311 
1.02695 0.172827 0.0137972 1.88786 
1.06295 0.123513 0.0637596 1.97366 
1.05028 0.15733 0.0434645 1.93971 
1.05311 0.10892 0.0917295 1.95073 
1.04758 0.107559 0.109694 1.93793 
1.05123 0.12334 0.12237 1.94883 
1.05917 0.151674 0.137672 1.97183 
1.01294 0.203732 0.128065 1.85892 
1.02948 0.192021 0.116996 1.89626 
1.00653 0.212273 0.129963 1.8448 
1.00149 0.231003 0.127738 1.83568 
1.00532 0.225679 0.123438 1.84314 
0.995217 0.237853 0.126338 1.82151 
0.990546 0.249531 0.118969 1.81166 
0.977125 0.172412 -0.0170791 1.7622 
1.0127 0.228424 -0.0450887 1.85843 
0.999072 0.249339 0.0341963 1.81526 
0.998601 0.249598 0.0333903 1.81421 
0.988621 0.260869 0.0205827 1.794 
0.995044 0.237024 0.0234331 1.80511 
0.992717 0.232503 0.0162694 1.79919 
0.994704 0.242095 0.0219045 1.80439 
0.991981 0.233871 0.0108577 1.7975 
1.00981 0.227222 0.0435668 1.8384 
1.00748 0.225796 0.0375537 1.832 
1.00741 0.231492 0.0464717 1.83323 
1.00828 0.227827 0.0330038 1.83392 
1.00227 0.242214 0.0585868 1.8243 
0.998378 0.241286 0.0263633 1.81416 
1.00417 0.200317 0.0542706 1.82729 
0.9974 0.228887 -0.000455189 1.8153 
1.00101 0.237629 0.00827474 1.8232 
0.960674 0.23936 -0.0672241 1.73218 
0.995706 0.199664 0.0666945 1.81231 
0.992391 0.255586 0.0940723 1.81219 
0.992112 0.255814 0.095385 1.81248 
0.988862 0.232309 0.00167179 1.79004 
0.967158 0.16572 -0.0270205 1.73444 
0.999052 0.248858 0.0338542 1.81506 
1.01103 0.230984 -0.0377827 1.85268 
0.998793 0.236867 0.0156751 1.81661 
