0.980859 0.225015 -0.0828265 1.79562 
1.0001 0.247502 0.0347363 1.8172 
1.03452 0.191122 -0.00647362 1.83546 
0.906872 0.220728 0.117707 1.68547 
0.913403 0.227908 0.113638 1.69631 
0.912522 0.279586 0.129425 1.70262 
0.911874 0.243803 0.120969 1.69549 
1.04432 0.186559 0.0656768 1.8279 
0.999126 0.250029 0.0367511 1.81557 
0.938445 -0.0174173 0.0613585 1.82088 
0.889659 0.321258 0.119637 1.67099 
0.899163 0.338847 0.117048 1.68921 
0.890162 0.338368 0.106489 1.67575 
0.894223 0.330318 0.113308 1.68326 
1.0292 0.197509 -0.00327048 1.83551 
0.939626 0.0290972 0.0238784 1.81921 
0.939646 0.0314596 0.0258331 1.81933 
0.940498 0.0290607 0.0285888 1.81996 
0.93988 0.029677 0.0258927 1.81959 
1.00397 0.234072 0.02982 1.82272 
1.04957 0.106684 0.0912081 1.83437 
1.04048 0.135079 0.116282 1.82614 
1.04551 0.0959795 0.115896 1.83178 
1.04734 0.111705 0.108204 1.83711 
1.00324 0.236503 0.0200147 1.82252 
0.98842 0.281949 0.0431729 1.80291 
1.05134 0.120846 -0.0351606 1.8413 
1.00267 0.242224 0.0252454 1.82069 
1.0279 0.125993 0.070068 1.83042 
1.05059 0.151822 -0.00555282 1.83999 
1.04015 0.189458 -0.0117075 1.83668 
1.05213 0.116356 -0.0231191 1.84238 
0.892963 0.363713 0.187448 1.65682 
0.891128 0.350822 0.222287 1.6414 
0.894292 0.33845 0.20941 1.67611 
0.893405 0.354669 0.204618 1.65588 
0.971772 0.0486889 0.0581763 1.82443 
0.982867 0.0545913 0.0606836 1.82667 
1.00423 0.223149 0.0389277 1.8264 
1.00021 0.247737 0.0346102 1.81748 
1.05122 0.123144 -0.028741 1.84068 
0.98858 0.272351 0.0177435 1.80322 
0.918534 0.399852 0.176577 1.63703 
0.913722 0.372914 0.238835 1.63134 
0.964609 0.375663 0.182815 1.71476 
0.931159 0.389038 0.207234 1.66557 
1.00007 0.247482 0.0347905 1.81711 
1.00108 0.241179 0.0362534 1.81895 
0.987091 0.282154 0.0346657 1.80165 
1.04024 0.124462 0.0695281 1.833 
0.955143 0.0494011 0.136351 1.80948 
0.950399 0.0519393 0.107443 1.81409 
0.945308 0.0660534 0.122784 1.8096 
0.950934 0.0562612 0.122442 1.81364 
0.967147 0.258999 -0.0601295 1.78234 
1.0547 0.160625 0.061912 1.83508 
1.0465 0.151541 0.0173277 1.83397 
1.0466 0.153727 0.0286151 1.83355 
1.04713 0.14524 0.0224641 1.83558 
1.04616 0.149612 0.0228824 1.8333 
0.95099 0.0373122 0.0509544 1.82256 
0.957187 0.0372129 0.0602034 1.82307 
0.960622 0.0416685 0.0568248 1.82405 
0.955812 0.0388335 0.0560895 1.82276 
0.946063 0.298544 -0.0275008 1.75037 
0.943302 0.297453 -0.0512709 1.74536 
0.952976 0.321615 -0.0378535 1.74456 
0.947929 0.305273 -0.0387199 1.75048 
1.04888 0.157344 -0.0633897 1.83258 
1.0263 0.189876 0.0248969 1.83825 
0.939709 0.026406 0.0277179 1.82041 
0.931281 0.0238746 0.0654931 1.81079 
1.0018 0.239549 0.0374087 1.82021 
0.995604 0.261108 0.0477507 1.81058 
0.978073 0.224501 -0.0655032 1.79797 
1.05057 0.127174 0.0158239 1.83881 
1.01502 0.196383 0.035883 1.83621 
0.984301 0.276013 0.0838464 1.7904 
1.03507 -0.022172 0.0244779 1.83704 
1.03859 0.0038613 0.0374962 1.83951 
1.03495 -0.0201512 0.0487167 1.83681 
1.03744 -0.01275 0.0375541 1.841 
1.04708 0.142499 0.0100722 1.8367 
0.999412 0.249361 0.0293169 1.81714 
1.05167 0.123954 0.0209004 1.83914 
1.0474 0.144596 0.0103284 1.83664 
1.05203 0.109256 -0.0260411 1.84262 
0.960239 0.383775 0.131959 1.76398 
1.00048 0.246443 0.0331836 1.81765 
1.0408 0.0443669 0.0104177 1.84067 
1.03972 0.0319047 0.00230108 1.838 
0.999774 0.249076 0.032606 1.81686 
1.00118 0.243273 0.036178 1.8187 
1.04581 0.15711 0.0157405 1.83119 
1.04495 0.169408 0.0160369 1.82796 
1.0454 0.162059 0.0268697 1.82898 
1.04683 0.162739 0.0198074 1.83163 
1.0363 -0.0120191 0.0120323 1.83714 
1.03924 0.0109334 0.00600818 1.83848 
1.04021 0.0102368 0.0272292 1.8416 
1.03861 0.00295426 0.0152212 1.83878 
1.00492 0.237989 0.0159014 1.82428 
1.04587 0.118987 0.00718977 1.83636 
1.00023 0.247211 0.0337407 1.81718 
1.02767 0.19397 0.00268211 1.83596 
1.0516 0.141481 -0.00718234 1.83985 
1.00022 0.247691 0.0345553 1.81751 
0.976696 0.320548 0.0657105 1.77564 
0.973797 0.304133 -0.0228362 1.78845 
0.936636 0.0534827 0.0578442 1.81824 
1.00172 0.2227 0.0763184 1.81455 
1.04841 0.142029 0.0103573 1.83636 
1.0058 0.21638 0.0152017 1.83136 
0.999735 0.247952 0.0345498 1.81635 
0.980585 0.0905285 0.0659502 1.82513 
0.90826 0.125524 0.105348 1.70328 
0.916699 0.115137 0.0664157 1.7175 
0.916883 0.1117 0.0384699 1.69466 
0.913584 0.112476 0.0667599 1.704 
0.984565 0.239472 -0.0362421 1.8084 
0.966562 0.221764 -0.0309096 1.78462 
0.961889 0.240401 -0.0197504 1.78032 
0.964625 0.226442 -0.0124113 1.78546 
0.964354 0.230813 -0.0201867 1.78449 
0.937528 0.0381001 0.0438953 1.81845 
0.99178 0.276462 0.0283419 1.80675 
0.944753 0.287818 -0.0483364 1.75613 
0.946833 0.292282 -0.0287163 1.7569 
0.952563 0.28695 -0.0342812 1.76388 
0.94745 0.289637 -0.0357093 1.76031 
0.991697 0.270238 0.0128593 1.80899 
1.00014 0.247542 0.033536 1.81705 
0.913293 0.354348 0.135608 1.71954 
0.918098 0.350808 0.139172 1.72781 
1.03151 0.189859 0.0121328 1.83696 
0.991265 0.063641 0.0607222 1.8255 
1.00084 0.244361 0.0353533 1.81803 
1.05286 -0.00927172 0.0213057 1.84505 
1.05439 0.00730436 0.00501507 1.84723 
1.05559 0.0217722 0.0251186 1.85063 
1.05398 0.00568211 0.0171545 1.84672 
1.00314 0.184935 -0.120773 1.79272 
1.05004 0.1329 0.0115357 1.8402 
1.05031 0.128925 0.0138504 1.84094 
1.05042 0.13019 0.00920639 1.84108 
1.04998 0.130625 0.0114169 1.84029 
0.913602 0.195681 0.10218 1.69158 
0.903795 0.18934 0.112644 1.6788 
0.909127 0.149435 0.0977249 1.6847 
0.911075 0.176467 0.101269 1.68748 
1.0449 0.181696 -0.0292053 1.83236 
1.04821 0.148386 0.011087 1.83629 
1.04662 0.170186 -0.00586409 1.83821 
0.995488 0.271582 0.0302859 1.8101 
0.965762 0.281604 -0.0361039 1.77847 
0.999439 0.249108 0.0348738 1.81632 
1.0489 0.138881 0.0130273 1.83747 
1.04888 0.138581 0.0124639 1.83736 
1.04834 0.138893 0.0137184 1.83647 
1.04847 0.139314 0.012213 1.83667 
1.04802 0.13951 0.0138063 1.8365 
1.04837 0.13911 0.0133613 1.8365 
0.897019 0.355999 0.0782116 1.67674 
1.01428 0.202886 0.0106683 1.83412 
1.03885 0.0132993 0.0463462 1.84039 
1.02972 0.0168862 0.0610267 1.83752 
1.03558 -0.00889787 0.057045 1.83834 
1.03511 0.00734399 0.0549225 1.83718 
0.96859 0.184019 -0.0284027 1.78759 
0.970325 0.2091 -0.0342844 1.78993 
0.966653 0.211298 -0.0129555 1.78802 
0.970248 0.201833 -0.0266893 1.79273 
1.03814 0.190993 -0.015374 1.83292 
1.02104 0.0982934 0.0646094 1.82653 
0.978419 0.256633 -0.0419728 1.80092 
0.962832 0.254582 -0.0248229 1.7796 
0.962493 0.257414 -0.0300325 1.77841 
0.963564 0.266902 -0.0264435 1.77921 
0.963653 0.259928 -0.027517 1.78006 
1.0109 0.0984928 -0.0753872 1.81002 
0.956918 0.257694 -0.00401992 1.77357 
0.958346 0.249659 0.0161969 1.77594 
0.961563 0.235318 0.00427859 1.78356 
0.958112 0.247396 0.00467543 1.778 
0.945285 0.0474037 0.0798149 1.81681 
0.943926 0.0414527 0.0638146 1.8183 
0.939463 0.0496115 0.064542 1.81688 
0.942817 0.0460177 0.069114 1.81829 
0.963849 0.279684 -0.0421781 1.77787 
1.03136 -0.0745241 0.0413292 1.83076 
1.03389 -0.0411322 0.022798 1.83626 
1.03574 -0.03905 0.0513417 1.83954 
1.03288 -0.0514437 0.0391226 1.83366 
0.98464 0.263999 0.166016 1.8073 
0.887729 0.327131 0.260781 1.6261 
0.888459 0.280618 0.30983 1.61781 
0.905523 0.312294 0.288651 1.68831 
0.894799 0.311356 0.28187 1.64374 
1.00097 0.245374 0.0313795 1.81804 
0.994694 0.181943 -0.0753067 1.80201 
1.04908 0.151847 0.00754229 1.83746 
1.01785 0.219571 -0.0016491 1.82258 
1.03621 0.154534 -0.0544838 1.82551 
0.960378 0.287874 -0.030653 1.77258 
1.00389 0.229802 0.0278214 1.82377 
1.04442 0.177623 0.0412971 1.83818 
0.999112 0.250651 0.0356822 1.81578 
1.04704 -0.0540148 0.0878168 1.83674 
1.05088 -0.0319639 0.0471233 1.84241 
1.05382 -0.00816295 0.0808983 1.85003 
1.04988 -0.031043 0.0715467 1.84134 
0.944071 0.00858522 0.0340236 1.81368 
0.98349 0.312345 0.0122702 1.79307 
0.906182 0.273213 0.10957 1.69212 
0.911893 0.249047 0.0958123 1.69713 
0.907758 0.242092 0.0900088 1.68379 
0.908604 0.257107 0.099324 1.69078 
1.03858 0.0498685 0.048624 1.83959 
1.03182 0.0314932 0.0592385 1.83632 
1.03847 0.0280062 0.045256 1.83891 
1.03667 0.0365522 0.051982 1.83905 
0.963942 0.0378296 0.0645895 1.82357 
0.976684 0.0402994 0.0662876 1.82585 
0.968274 0.0428261 0.0605742 1.82491 
0.969873 0.0405075 0.0640057 1.82484 
0.996389 0.248444 0.0168557 1.8143 
0.955544 0.271193 -0.0415478 1.76861 
1.00102 0.239935 0.0397994 1.81888 
0.924589 0.383537 0.0925235 1.72279 
1.00029 0.247429 0.034397 1.81758 
1.00009 0.247397 0.0347046 1.81719 
1.00026 0.247329 0.0335401 1.81718 
1.00213 0.244688 0.0291134 1.81912 
0.917222 0.189425 0.0870515 1.69753 
0.917872 0.148144 0.0636864 1.69256 
0.918457 0.166529 0.0646457 1.69236 
0.917413 0.166476 0.0717332 1.69297 
0.95507 0.114579 0.0967268 1.80767 
1.0404 0.0226317 0.00976994 1.84039 
1.04062 0.0418703 0.0204103 1.84117 
1.0397 0.0240115 0.0271718 1.83983 
1.04093 0.0291477 0.0193262 1.84237 
0.937189 0.0201044 0.0177308 1.81996 
0.999935 0.247586 0.035599 1.81676 
1.02994 -0.0845592 0.0618066 1.82753 
1.03364 -0.0451567 0.0643304 1.83439 
1.03117 -0.0684667 0.0880492 1.82926 
1.03489 -0.0665376 0.071428 1.83808 
1.05023 0.163188 0.0132259 1.83662 
1.00066 0.245065 0.0368998 1.81805 
1.05509 0.0848427 0.00812139 1.84736 
1.05479 0.0906376 0.000109542 1.84659 
1.05473 0.0973537 0.00608201 1.846 
1.05447 0.0910538 0.00483849 1.84566 
1.05343 0.068795 -0.0274748 1.8451 
1.05279 0.0768601 -0.0301438 1.8443 
1.05444 0.0788979 -0.0224425 1.84706 
1.05354 0.0748046 -0.0265145 1.84547 
1.0048 0.227463 0.0363812 1.82529 
0.999771 0.248002 0.0344307 1.81644 
0.999292 0.250142 0.0351194 1.81617 
0.911531 0.2519 0.102603 1.69829 
0.908156 0.273469 0.116451 1.69554 
0.913771 0.271897 0.113409 1.70635 
0.911177 0.263026 0.110305 1.69962 
0.990134 0.176723 -0.0494254 1.80905 
0.978683 0.326186 0.0533682 1.78063 
1.00224 0.163604 -0.0755704 1.80798 
1.04981 0.129919 0.0160816 1.83984 
1.0498 0.133493 0.0135021 1.83936 
1.04959 0.133097 0.0174114 1.83883 
1.04997 0.13227 0.0156611 1.83991 
1.05322 0.0722141 0.075194 1.84482 
1.05275 0.0933712 0.0824507 1.84194 
1.05091 0.0787562 0.102769 1.84195 
1.05064 0.0809258 0.0865541 1.83864 
1.05342 0.131813 0.0207689 1.83821 
1.00028 0.24691 0.0347512 1.81746 
1.05189 0.101551 -0.0366694 1.84296 
1.04617 0.149764 0.035162 1.83267 
1.04809 0.138061 0.035384 1.8367 
1.04766 0.142804 0.0261313 1.83564 
1.04717 0.143507 0.0327643 1.83498 
0.980792 0.316855 -0.0136689 1.79444 
1.03634 0.0692314 0.0606698 1.83673 
1.03568 0.0675532 0.054704 1.83366 
0.942092 0.0407425 0.0560898 1.81918 
0.939278 0.0433304 0.0479564 1.81849 
0.938856 0.0480618 0.0566495 1.81774 
0.939677 0.0438736 0.0531144 1.81778 
1.00587 0.236752 0.0172921 1.81781 
0.963439 0.0560364 0.0507471 1.82374 
0.920613 0.346636 0.156402 1.73455 
1.02486 0.195724 0.00863794 1.83704 
0.914386 0.122771 0.0540873 1.69463 
0.911843 0.11953 0.0882932 1.70542 
0.91484 0.116192 0.0407582 1.69134 
0.909809 0.114381 0.0539836 1.6885 
0.922433 0.169911 0.261745 1.7459 
0.946239 0.124141 0.262633 1.76142 
0.92386 0.156934 0.224107 1.76785 
0.931911 0.151476 0.249166 1.76119 
1.00685 0.211696 0.0489604 1.82968 
1.00092 0.244251 0.0344069 1.81843 
1.05003 0.162196 -0.015315 1.83934 
0.906889 0.316541 0.307967 1.62186 
0.914445 0.221614 0.363885 1.63501 
0.976208 0.273984 0.302902 1.73788 
0.930429 0.277655 0.334414 1.67024 
1.05384 0.0961563 0.0187484 1.84468 
1.05444 0.0862077 0.0134147 1.84587 
1.05405 0.0985939 0.0101343 1.8448 
1.05465 0.0939212 0.0140616 1.84634 
1.00014 0.247487 0.0341745 1.81716 
0.965516 0.374839 0.14168 1.76841 
1.04938 0.157345 0.00585666 1.83837 
0.96229 0.265423 -0.0157265 1.77831 
0.962735 0.256862 -0.0198965 1.77949 
0.963535 0.268124 -0.023979 1.77965 
0.961722 0.263391 -0.0199936 1.77625 
1.04971 0.134153 0.0615796 1.83281 
0.982511 0.285726 0.0504907 1.79456 
1.03896 0.0768545 0.049927 1.83684 
0.995607 0.130541 0.078775 1.82285 
0.898594 0.3565 0.103376 1.69445 
0.908602 0.361579 0.114721 1.70793 
1.03053 0.190396 0.0153533 1.83907 
1.04839 0.139376 0.0238173 1.83646 
1.04891 0.134706 0.03067 1.83692 
1.04902 0.134714 0.0220097 1.83776 
1.04907 0.13652 0.0253344 1.83756 
1.04603 0.0990557 0.137029 1.83429 
1.04142 0.145671 0.136575 1.82722 
1.04074 0.134677 0.171171 1.82178 
1.03934 0.125624 0.148368 1.82012 
0.955857 0.0439573 0.105989 1.81737 
0.962797 0.0378506 0.134184 1.81423 
0.966338 0.0297474 0.114969 1.81895 
0.960914 0.0370583 0.118465 1.8148 
1.05251 0.163215 0.0155655 1.84034 
0.983854 0.175445 0.109397 1.81571 
0.999829 0.248646 0.0382076 1.81662 
0.948477 0.107062 0.240716 1.77245 
0.939502 0.106524 0.191435 1.78647 
0.929507 0.141878 0.207941 1.77734 
0.939808 0.119393 0.21314 1.7813 
0.967981 0.296404 -0.0249933 1.78389 
1.03961 0.198625 -0.01864 1.83145 
1.04797 0.139248 0.0115507 1.83638 
1.04657 0.140581 0.0114122 1.83563 
1.04737 0.140258 0.0130526 1.83612 
1.04741 0.13985 0.0119737 1.83638 
1.05273 0.117654 -0.0165185 1.84163 
1.05084 0.127536 0.00975662 1.84082 
1.05075 0.125788 0.0148929 1.84083 
1.05121 0.121137 0.0131497 1.84165 
1.05162 0.124943 0.0127548 1.84224 
1.01019 -0.00133057 0.082781 1.83168 
1.01632 0.0169246 0.0709856 1.8336 
1.00189 0.0160414 0.0785471 1.82969 
1.00866 0.0100364 0.0771048 1.83089 
0.953185 0.370733 0.154278 1.76341 
0.940833 0.0300598 0.0315721 1.81988 
0.939557 0.0323535 0.0282869 1.81918 
0.940182 0.0326524 0.0347481 1.8195 
0.940315 0.0314564 0.0313331 1.81982 
0.994427 0.253799 0.0573484 1.811 
0.999801 0.247848 0.0343902 1.8165 
0.999697 0.248751 0.0331205 1.8166 
1.0461 0.142083 0.0113121 1.83502 
1.04634 0.146335 0.0120444 1.83461 
1.04696 0.141997 0.0137008 1.83623 
1.04619 0.143422 0.0126282 1.83497 
1.04751 0.138732 -0.0526922 1.83536 
0.941857 0.0444462 0.0420066 1.82016 
0.937612 0.0228168 0.0234636 1.81982 
1.02294 0.00979845 0.0679739 1.83456 
1.01871 -0.0104445 0.080736 1.83164 
1.03235 -0.0153503 0.0666555 1.83459 
1.02565 -0.00577197 0.0718488 1.83561 
1.05132 0.130463 -0.0282097 1.83998 
1.00014 0.246004 0.0422819 1.8171 
1.00031 0.246877 0.0344736 1.81749 
0.904506 0.296488 0.300193 1.69085 
0.899246 0.264847 0.33018 1.64378 
0.912209 0.259161 0.325301 1.69416 
0.907723 0.279422 0.321106 1.67791 
1.00015 0.247621 0.0344333 1.8173 
0.999767 0.248148 0.0375344 1.81655 
1.00001 0.247674 0.035349 1.81689 
1.04565 0.137371 0.009203 1.83501 
1.04714 0.149052 -0.0513683 1.83453 
0.970493 0.0255972 0.145474 1.81095 
0.986451 -0.00145522 0.143079 1.81667 
0.972137 0.0206818 0.122877 1.8183 
0.97693 0.0152085 0.137144 1.81718 
0.947148 0.400948 0.0170437 1.67842 
0.939411 0.405937 0.0449703 1.66646 
0.965897 0.408476 0.0335474 1.71175 
0.949727 0.405181 0.0309799 1.68533 
1.00249 0.241458 0.0263574 1.81688 
1.02194 0.205985 -0.00310829 1.83249 
1.04282 0.0835099 0.00461017 1.83688 
1.04793 0.14673 0.010836 1.83686 
1.0047 0.225865 0.0310254 1.82582 
1.00019 0.247477 0.0346488 1.81738 
1.04906 0.147736 0.01294 1.83721 
0.995045 0.191948 -0.0897998 1.79589 
0.987233 0.0666456 0.0575462 1.82532 
0.957104 0.262378 0.0189638 1.77098 
0.957125 0.266926 -0.00143966 1.77131 
0.951659 0.274965 0.0111678 1.76488 
0.954561 0.267041 0.0102655 1.76666 
0.998168 0.252324 0.0382035 1.81485 
1.02922 0.0862766 0.0627193 1.8325 
0.975045 0.322119 -0.113266 1.7402 
1.04898 0.128234 -0.0477803 1.83771 
0.997394 0.255632 0.0500179 1.81536 
0.947426 0.0108831 0.0104858 1.8195 
1.00016 0.247656 0.0345321 1.81734 
1.0498 0.167796 0.0136153 1.83763 
1.0489 0.129569 0.0431141 1.83768 
1.04985 0.133635 0.0583852 1.83751 
1.05049 0.120347 0.0494251 1.83915 
1.04965 0.127058 0.0503628 1.83757 
1.04885 0.142266 0.0101118 1.83768 
0.93999 0.0276974 0.0236824 1.8201 
0.94065 0.0279758 0.0284883 1.82011 
0.9405 0.0252043 0.0255823 1.82042 
0.940294 0.0266842 0.0257144 1.82025 
0.982324 0.189174 -0.0398817 1.80331 
0.918634 0.169838 0.131464 1.78695 
0.914987 0.172097 0.174331 1.77118 
0.923833 0.156693 0.145645 1.78535 
0.92033 0.170112 0.147157 1.78302 
1.00235 0.227693 0.0654441 1.81916 
1.0415 0.10522 0.0616233 1.83507 
0.999746 0.247693 0.0345294 1.81635 
1.00017 0.247306 0.0312483 1.81683 
1.05264 0.104362 -0.02322 1.8443 
0.999851 0.247784 0.0358179 1.81679 
0.999353 0.249139 0.0303482 1.81664 
1.00068 0.246005 0.0318373 1.81724 
0.907855 0.179777 0.186452 1.76023 
0.909748 0.156447 0.131552 1.7532 
0.905814 0.159709 0.163822 1.73269 
0.906027 0.173413 0.167583 1.75328 
1.0002 0.247337 0.0339561 1.81723 
1.04253 0.176004 -0.0501966 1.83164 
1.03485 0.185768 0.0225637 1.83889 
1.0342 0.198494 0.0792229 1.81331 
1.03913 0.173692 0.105004 1.82255 
1.04632 0.161588 0.0774127 1.83005 
1.04229 0.179497 0.0877971 1.82768 
0.946232 0.0839367 0.158807 1.80037 
0.955412 0.056508 0.150531 1.80839 
0.945666 0.0739589 0.134591 1.80828 
0.948722 0.0715369 0.147777 1.80401 
0.999767 0.248496 0.0345963 1.81639 
1.00028 0.247324 0.034669 1.81741 
1.00185 0.244201 0.0303195 1.81859 
1.00034 0.244679 0.0326669 1.8177 
1.05477 0.147951 0.0381668 1.83871 
1.04122 0.18762 -0.0420891 1.82869 
1.01944 0.193842 0.0225832 1.83709 
0.9985 0.246283 0.0220785 1.81534 
1.00962 0.200286 0.0330315 1.83439 
0.99976 0.248436 0.0317891 1.81709 
0.996258 0.190974 -0.0306473 1.81401 
1.00702 0.205725 0.0455182 1.83346 
0.964663 0.300705 -0.025472 1.77721 
1.05239 -0.0114477 0.0399937 1.84489 
1.0548 0.02322 0.0388729 1.84942 
1.05287 0.00840901 0.0659317 1.84627 
1.05501 0.00713562 0.0490224 1.85081 
1.01352 0.196785 0.0419774 1.83579 
0.943615 0.0335975 0.0352118 1.82109 
1.01291 0.0650059 0.0676284 1.8315 
1.02136 0.0638936 0.0656579 1.83061 
1.05403 0.0485734 -0.0195773 1.84621 
1.05367 0.0596313 -0.0239982 1.84571 
1.05508 0.0631594 -0.0139877 1.84836 
1.05417 0.0570571 -0.0189253 1.84679 
1.0456 0.155049 -0.0529725 1.83203 
1.01078 0.213772 0.0582312 1.82837 
1.00036 0.246026 0.0335578 1.81753 
1.04944 0.154883 -0.0198045 1.83785 
1.05366 0.149704 0.0599025 1.83467 
0.982564 0.271626 -0.129145 1.7596 
0.996917 0.261312 0.0317308 1.81163 
1.0495 0.131969 0.0226192 1.83851 
1.05013 0.130599 0.0303607 1.83884 
1.05003 0.126828 0.0256147 1.83892 
1.04982 0.129682 0.0262136 1.8385 
1.04668 0.138785 0.00978959 1.83612 
0.913261 0.326194 0.135365 1.71285 
0.904729 0.338004 0.13308 1.70393 
0.902183 0.288856 0.126781 1.69014 
0.908034 0.320221 0.133003 1.70829 
1.03191 0.0401175 0.0626177 1.83647 
1.0384 0.0570465 0.0531821 1.83969 
1.03405 0.0593361 0.0636039 1.83583 
1.0363 0.052349 0.0603949 1.83694 
1.04824 0.146589 0.00990901 1.83645 
1.04467 0.0990445 0.05193 1.83679 
1.00273 0.157006 -0.0470579 1.80857 
0.954894 0.0335128 0.0674761 1.82214 
0.947716 0.0357239 0.0643351 1.81975 
0.955241 0.0340727 0.0759572 1.8208 
0.952129 0.0341879 0.0695392 1.82105 
1.04641 0.156291 -0.0629834 1.83212 
0.987907 0.268495 0.0856139 1.79209 
0.983105 0.329163 0.01037 1.78896 
1.04641 0.116778 0.0104294 1.83648 
1.04649 0.153198 -0.0498201 1.83381 
0.999635 0.24796 0.0393099 1.81627 
1.04741 0.139368 0.0102567 1.83582 
0.999769 0.248288 0.0340496 1.81654 
0.93785 0.0225068 0.0237881 1.8206 
1.04911 0.130598 0.0666683 1.83497 
1.05027 0.11231 0.0703841 1.83635 
1.05043 0.115872 0.0551057 1.83813 
1.05107 0.118751 0.0637876 1.83929 
0.966106 0.282374 -0.030344 1.78303 
0.965571 0.279161 -0.0270491 1.78261 
1.0507 0.157658 0.0649624 1.83068 
0.999846 0.247682 0.0342861 1.81682 
1.00843 0.201991 0.0469924 1.83337 
1.04691 0.140707 0.0117176 1.83567 
1.03498 -0.0318043 0.0713419 1.83731 
1.02258 -0.0235494 0.0882448 1.83236 
1.03219 -0.0510686 0.0934766 1.83186 
1.03004 -0.035225 0.0841583 1.83059 
1.00015 0.247055 0.035121 1.8173 
0.949937 0.066482 0.0536723 1.82479 
0.993285 0.222062 0.301688 1.75691 
0.946531 0.174649 0.373948 1.69314 
0.999328 0.137273 0.318784 1.76465 
0.985087 0.185812 0.337058 1.75068 
0.906759 0.350927 0.0343695 1.6939 
1.0051 0.221218 0.0189369 1.82852 
0.96739 0.369527 0.0338546 1.76744 
0.924365 0.383157 0.0793049 1.72432 
0.999991 0.247142 0.0358222 1.81703 
1.00029 0.247319 0.0343884 1.81756 
1.00706 0.204924 0.0377841 1.83369 
0.946917 0.0068189 0.00726976 1.81688 
0.979374 0.337891 0.0284178 1.77928 
1.04302 0.17793 -0.00690002 1.8362 
1.04834 0.161028 -0.00959945 1.83715 
1.04699 0.139753 0.0106233 1.83595 
1.04763 0.139047 0.0107838 1.83625 
0.978183 0.306301 0.0692357 1.78284 
0.999085 0.249482 0.0362945 1.81583 
0.88567 0.30699 0.156718 1.66775 
0.893243 0.355237 0.176772 1.66505 
0.891589 0.31912 0.186194 1.6746 
0.890323 0.329386 0.176409 1.67098 
1.0004 0.246446 0.0340012 1.81773 
0.959614 0.388267 0.107478 1.75961 
1.04883 0.139793 0.0116124 1.8374 
1.04874 0.139307 0.0127114 1.83715 
1.04603 0.0549653 0.214246 1.82392 
1.03872 0.118651 0.213011 1.81154 
1.0245 0.101151 0.257815 1.80015 
1.03366 0.0904622 0.227277 1.79861 
1.04804 0.168731 -0.000256662 1.839 
1.05459 0.138937 0.0407369 1.8385 
0.999686 -0.1057 0.208018 1.78521 
1.00351 -0.043131 0.175412 1.81109 
0.994491 -0.038222 0.227976 1.79197 
1.00565 -0.0640117 0.208163 1.81081 
0.982721 0.0436771 0.0658313 1.82665 
0.988496 0.0526993 0.0645586 1.82706 
0.974432 0.0458206 0.0611791 1.82495 
0.981574 0.0470845 0.0637149 1.82597 
0.898266 0.35721 0.0910674 1.6806 
1.04577 0.159422 -0.0534161 1.83237 
1.05308 0.126033 -0.0141098 1.84222 
1.03092 0.221894 0.135446 1.80291 
1.04005 0.188856 0.122975 1.82041 
1.02946 0.212748 0.0936513 1.8057 
1.03342 0.206745 0.117795 1.80365 
0.961553 0.244302 -0.0251448 1.77993 
0.963429 0.229583 -0.0360233 1.7839 
0.961067 0.248243 -0.0318901 1.77876 
0.959866 0.240785 -0.0302404 1.77723 
1.04561 0.168376 -0.025147 1.83527 
1.00028 0.24761 0.0345059 1.81764 
0.993158 0.263809 0.0119748 1.81129 
0.940385 0.0960532 0.151691 1.79842 
0.940863 0.0832113 0.128752 1.8062 
0.934446 0.100536 0.124249 1.80316 
0.938974 0.0935026 0.134679 1.8038 
0.957028 0.267906 -0.0395645 1.77117 
0.91822 0.150704 0.108482 1.7876 
0.917217 0.166141 0.117938 1.78461 
0.922068 0.151833 0.132144 1.78794 
0.919052 0.156422 0.118815 1.78783 
1.00059 0.17763 -0.101407 1.79517 
0.9156 0.2901 0.131034 1.71232 
0.913943 0.243168 0.115418 1.70182 
0.913024 0.271907 0.123581 1.70378 
0.914154 0.265769 0.12363 1.70561 
1.05 0.128144 0.0187236 1.8403 
1.04968 0.131516 0.0198755 1.83915 
1.04977 0.126581 0.0234335 1.83919 
1.04961 0.128691 0.0207343 1.83932 
1.05074 0.141673 -0.0251518 1.8387 
0.928096 0.113262 0.0833681 1.80207 
0.924993 0.132282 0.096841 1.79571 
0.92972 0.113081 0.104076 1.80284 
0.928539 0.119311 0.0948362 1.80197 
1.04368 -0.0480052 0.12419 1.82867 
1.0493 -0.00153456 0.105694 1.83998 
1.04423 -0.000460716 0.161847 1.82678 
1.05038 -0.0177578 0.130662 1.84472 
0.96443 0.241042 0.0306968 1.77964 
0.993291 0.21736 0.0472983 1.7937 
0.964923 0.220657 0.0109669 1.78657 
0.973318 0.225567 0.0301998 1.78891 
1.00154 0.241188 0.034325 1.8196 
1.00005 0.247327 0.0352893 1.81706 
1.05171 0.120388 0.00323875 1.84219 
1.0512 0.126521 0.00739049 1.84145 
1.05184 0.119594 0.00995792 1.84283 
1.0512 0.122187 0.00686552 1.84161 
0.9999 0.24768 0.0348265 1.81674 
1.05014 0.115574 -0.0438436 1.84002 
1.00005 0.247309 0.0362757 1.81715 
0.994083 0.148101 0.0838835 1.82842 
1.00034 0.24632 0.034299 1.81756 
0.922838 0.350916 0.142155 1.73924 
0.928062 0.357789 0.145146 1.7478 
0.968894 0.273399 -0.0464695 1.78641 
0.99998 0.247623 0.0349889 1.81687 
1.04446 0.110105 0.00686679 1.83508 
1.02347 0.191579 0.0446756 1.83829 
1.04942 0.144522 0.014199 1.83706 
0.989275 0.0180743 0.0853993 1.82696 
0.978479 0.0210254 0.0891515 1.82433 
0.985592 0.0120302 0.0971637 1.82555 
0.984259 0.016694 0.0907154 1.82498 
1.0461 0.162266 -0.0485731 1.83309 
0.975523 0.29417 -0.0294962 1.79188 
1.04253 0.19485 -0.0252759 1.82974 
0.999901 0.247638 0.0374414 1.81681 
0.9985 0.254256 0.0410505 1.81426 
0.943685 0.375884 0.0355994 1.74449 
1.05028 0.142692 0.0154922 1.83826 
1.00313 0.230775 0.0682345 1.79561 
0.97086 0.251121 0.0463992 1.7787 
0.996883 0.265505 0.0809194 1.78008 
0.987191 0.248754 0.0633154 1.78319 
1.00027 0.24681 0.0334636 1.81726 
0.98071 0.344511 0.201374 1.73769 
0.929356 0.351118 0.271266 1.66697 
0.984402 0.29737 0.260732 1.7451 
0.967876 0.341315 0.243229 1.72432 
1.05085 0.146234 -0.0197173 1.8385 
1.04987 0.153588 -0.000106521 1.83897 
1.05499 0.15043 0.0279784 1.83883 
0.902085 0.229697 0.125986 1.679 
0.911141 0.290383 0.131963 1.70052 
0.903735 0.262029 0.128647 1.68562 
0.907604 0.256695 0.127634 1.68902 
0.96037 0.230592 -0.0428245 1.77713 
0.95964 0.241112 -0.0431594 1.77564 
0.959524 0.246514 -0.0353612 1.77552 
0.960266 0.238406 -0.0402358 1.77704 
0.991535 0.106583 0.0672798 1.82336 
1.04014 0.0723404 0.0407276 1.83946 
1.05412 0.0892458 -0.0191519 1.84636 
1.05397 0.0974721 -0.0214168 1.84663 
1.05421 0.097612 -0.0149341 1.84601 
1.05376 0.0950914 -0.0183062 1.84568 
0.999821 0.248031 0.0349612 1.81661 
0.999823 0.247748 0.0366848 1.81688 
0.967916 0.0283256 0.0827459 1.82262 
0.961034 0.0325511 0.0723744 1.82331 
0.959501 0.0318735 0.0803214 1.8212 
0.962711 0.031014 0.078723 1.82275 
0.995095 0.224056 -0.12839 1.77833 
1.05442 0.101672 -0.0146012 1.84634 
1.05339 0.102296 -0.0187101 1.845 
0.918411 0.334186 0.00148306 1.71517 
0.946695 0.323444 0.194862 1.77245 
0.942032 0.0706831 0.110628 1.8116 
0.945989 0.0571121 0.0961137 1.81541 
0.937944 0.0714337 0.0899917 1.81195 
0.941438 0.0665492 0.0988936 1.81213 
0.99991 0.247842 0.0352426 1.81668 
1.04225 0.145691 0.0697983 1.83236 
1.05494 0.0810909 0.0181303 1.8473 
1.05435 0.0922879 0.0234048 1.84604 
1.05465 0.0807485 0.0281464 1.8469 
1.05428 0.0849212 0.0232612 1.84583 
0.898367 0.224524 0.07493 1.65346 
0.895645 0.22944 0.0804938 1.64684 
0.898868 0.249141 0.0930275 1.6626 
0.897696 0.230954 0.0808542 1.6535 
0.947952 0.288642 -0.0348394 1.75909 
1.00027 0.246819 0.0340493 1.81746 
1.00184 0.242624 0.0315377 1.81853 
1.05164 0.164427 0.0306303 1.84016 
0.989967 0.207067 -0.0953849 1.79184 
1.026 0.151828 0.0753366 1.82095 
0.912655 0.223459 0.0883029 1.69586 
0.915711 0.209528 0.0936759 1.69906 
0.916631 0.183772 0.0701322 1.6926 
0.914244 0.206678 0.0843588 1.69475 
1.00029 0.247079 0.0347981 1.81741 
0.949105 -0.0115789 0.0477848 1.82173 
1.05247 0.149423 0.0200218 1.83718 
1.04663 0.11 0.0566196 1.83852 
1.00098 0.243541 0.0371014 1.81829 
1.00985 0.204479 0.0149484 1.83513 
1.00309 -0.00363268 0.09206 1.82803 
0.995494 0.012855 0.0849399 1.82771 
0.990001 0.00520962 0.0986407 1.82542 
0.996718 0.0043704 0.0920233 1.82856 
0.999875 0.247769 0.0347954 1.81668 
0.996064 -0.013735 0.164602 1.81745 
0.976656 0.0215813 0.164877 1.81 
0.995654 -0.00740986 0.207279 1.80792 
0.98796 0.000708238 0.178305 1.8061 
0.999818 0.248072 0.0340684 1.81668 
1.00063 0.245375 0.0353335 1.81809 
0.889974 0.364997 0.131445 1.65736 
0.888241 0.365509 0.155183 1.65001 
0.889062 0.343401 0.13431 1.66504 
0.89171 0.361463 0.141229 1.66144 
1.04174 0.183486 -0.02054 1.834 
0.939135 0.0347639 0.0282913 1.81905 
0.938687 0.0391507 0.0314063 1.81845 
0.939584 0.0348152 0.0347075 1.8195 
0.938958 0.036033 0.031328 1.8189 
0.995395 0.264352 0.0260211 1.81176 
0.969972 0.381273 0.118128 1.77135 
1.04969 0.169468 0.0655779 1.82914 
1.04545 0.123342 0.00882148 1.83542 
0.999787 0.248598 0.0350727 1.81647 
0.99004 0.245477 -0.0266441 1.81106 
1.05393 0.0665291 -0.0232576 1.84617 
1.05442 0.0776055 -0.0192163 1.84683 
1.0547 0.0703543 -0.0145783 1.84752 
1.05474 0.071639 -0.0189119 1.84773 
0.990212 0.215848 -0.0269566 1.8065 
1.00595 0.152534 -0.0744955 1.81155 
0.907867 0.123766 0.0627865 1.68559 
0.908862 0.128495 0.0914228 1.68872 
0.907881 0.126452 0.105401 1.69667 
0.911884 0.124214 0.0820946 1.69975 
1.00064 0.24533 0.0334644 1.81822 
0.999916 0.247697 0.034944 1.81672 
1.05178 0.133692 -0.00352081 1.84053 
0.927829 0.128378 0.143638 1.79118 
0.935773 0.108222 0.156256 1.7945 
0.931819 0.111181 0.128432 1.80049 
0.93212 0.116333 0.143249 1.79691 
0.906744 0.145597 0.117657 1.68542 
0.896457 0.179054 0.134501 1.67619 
0.894955 0.186638 0.185413 1.69605 
0.900205 0.16458 0.143594 1.68542 
1.04907 0.155067 0.0112137 1.83673 
1.05104 0.132672 0.00200237 1.8402 
0.890518 0.356474 0.164647 1.66055 
0.88393 0.313574 0.148249 1.66458 
0.887341 0.330358 0.138399 1.6675 
0.88586 0.332863 0.149688 1.66301 
0.999773 0.248394 0.0357583 1.81656 
0.962944 0.315826 -0.0205207 1.77648 
0.999793 0.247691 0.034608 1.81647 
1.00066 0.271577 0.11946 1.81775 
1.0031 0.240178 0.0225123 1.815 
1.0508 0.167129 0.0182172 1.83783 
0.986442 0.189698 -0.0646365 1.80157 
0.99965 0.248715 0.0348413 1.81621 
1.04329 0.0760663 0.0086798 1.8388 
1.00039 0.245871 0.0348259 1.81767 
1.04775 0.134833 0.0126411 1.83724 
1.01129 -0.0124024 0.289092 1.77515 
1.03746 0.0216992 0.22789 1.8055 
1.01233 0.0708361 0.28578 1.78256 
1.02828 0.025668 0.27275 1.80898 
1.04993 0.134661 0.00925902 1.8398 
1.04983 0.133347 0.00771114 1.83951 
1.0447 0.127975 0.0656042 1.82943 
1.01563 -0.0530909 0.153671 1.82372 
1.01592 -0.11733 0.16453 1.80453 
1.02923 -0.0763912 0.123869 1.82521 
1.02467 -0.0819992 0.149896 1.82157 
1.04944 0.144531 0.00887715 1.83859 
1.00046 0.245666 0.0357503 1.81764 
1.00051 0.247011 0.0321356 1.81745 
0.940307 0.0369078 0.0387517 1.82225 
0.999704 0.248503 0.0343149 1.81645 
1.04656 0.148638 -0.0577998 1.83314 
1.0001 0.247205 0.0351813 1.81721 
1.04563 0.162185 -0.0609047 1.8302 
1.03987 0.0562132 0.0113639 1.83784 
1.04985 0.144825 0.00267791 1.83894 
0.936728 0.0193018 0.0181169 1.8195 
1.02312 0.193827 -0.0260577 1.81517 
0.936726 0.30542 -0.0242722 1.74417 
1.04754 0.177673 0.0461204 1.84026 
1.04495 0.170698 -0.0466916 1.83109 
1.00845 0.132866 -0.0675404 1.81125 
1.04765 0.136984 0.0424666 1.83603 
1.04622 0.153529 0.0435645 1.83254 
1.0477 0.14554 0.0571909 1.83403 
1.04702 0.144999 0.0483165 1.83478 
1.04644 0.160512 -0.0366437 1.83496 
1.04538 0.154007 -0.0624511 1.8318 
1.00343 0.23964 0.022355 1.82327 
0.90542 0.32792 0.125974 1.69773 
0.888014 0.29035 0.126385 1.67185 
0.896571 0.283637 0.12659 1.67933 
0.894663 0.29818 0.121928 1.67374 
1.0359 0.175202 0.140846 1.81216 
1.02735 0.213609 0.159446 1.7953 
1.03219 0.169225 0.177984 1.802 
1.03634 0.18829 0.161046 1.81193 
0.998478 0.253657 0.0387924 1.81517 
1.05331 0.128283 0.0273956 1.83764 
1.05145 0.0945645 0.0694041 1.83929 
1.05238 0.0779794 0.0634167 1.84209 
1.05245 0.0926064 0.0520728 1.842 
1.05322 0.0883142 0.0616905 1.84388 
0.999658 0.248327 0.0424873 1.81616 
0.999586 0.248603 0.0367068 1.81654 
1.04607 0.175353 -0.0206443 1.83675 
1.00093 0.243558 0.0279421 1.8161 
0.939313 0.38197 0.12692 1.74489 
1.00027 0.246981 0.0339977 1.81742 
1.05187 0.0995855 -0.0304686 1.84333 
1.00291 0.236514 0.058637 1.81962 
1.0407 0.0482407 0.0273142 1.84135 
1.0397 0.0520027 0.0405235 1.84009 
1.04002 0.033017 0.0356087 1.84074 
1.03932 0.0437255 0.0343166 1.8387 
0.9631 0.278758 -0.0294126 1.77834 
0.961042 0.271256 -0.0196752 1.77448 
0.963015 0.272086 -0.0251441 1.77793 
0.963437 0.273837 -0.0245768 1.77911 
0.915059 0.181181 0.0915199 1.69368 
0.912949 0.139832 0.0862427 1.69262 
0.913571 0.139407 0.0681556 1.69161 
0.912017 0.149231 0.0802378 1.68824 
1.00055 0.245163 0.0341535 1.81777 
1.00099 0.202382 0.0373805 1.80171 
0.994021 0.180432 -0.0013544 1.81362 
0.969686 0.207294 0.00160003 1.7931 
0.980139 0.193142 0.00851977 1.79424 
0.939757 0.0381343 0.0371237 1.82036 
0.940047 0.0262884 0.0217007 1.82035 
0.93995 0.0243988 0.0225842 1.82006 
1.01142 0.199261 0.0262352 1.83639 
0.961325 0.321737 -0.0174495 1.7723 
0.96149 0.336714 -0.0475673 1.74478 
0.949707 0.310933 -0.0589847 1.74138 
0.971311 0.351709 -0.0652456 1.74109 
0.961734 0.333228 -0.0573801 1.74327 
0.968312 0.284763 -0.0343306 1.7815 
1.00271 0.242811 0.0279191 1.8206 
1.00283 0.178387 -0.116195 1.79436 
1.03641 0.113156 0.0678945 1.82957 
1.00487 0.219362 0.0257253 1.82709 
0.94717 -0.0616419 0.318585 1.71439 
0.984721 -0.125996 0.240074 1.76597 
0.988576 -0.0400382 0.269607 1.79508 
0.969348 -0.0774892 0.286832 1.75531 
1.04068 0.062204 0.00258509 1.8378 
0.918172 0.133044 0.0264744 1.68917 
0.916934 0.146382 0.0310156 1.68472 
0.917774 0.149309 0.0432017 1.68831 
0.916431 0.141126 0.033041 1.68567 
0.958291 0.272616 -0.0357155 1.77166 
1.00436 0.235066 0.0332506 1.82285 
1.0454 0.161013 -0.0570995 1.83138 
0.999972 0.247574 0.0348585 1.8169 
1.04707 0.175999 0.0138439 1.83977 
0.936334 0.0171634 0.0155582 1.81876 
0.958151 0.171607 0.184448 1.79333 
1.05256 0.173759 0.0596489 1.83515 
0.997792 0.24586 0.0568172 1.81485 
1.04575 0.138356 0.00950643 1.83508 
1.00018 0.246957 0.037375 1.8171 
0.938079 0.0212332 0.0199415 1.82018 
1.03353 0.184521 0.0403941 1.8378 
0.97386 0.245511 -0.0549107 1.7948 
1.00024 0.247273 0.0342142 1.81741 
0.999819 0.246261 0.0271138 1.81755 
0.947964 0.0386669 0.0677973 1.81977 
0.950606 0.0430876 0.0838113 1.81888 
0.955679 0.0359098 0.0800921 1.82073 
0.951354 0.038942 0.0772218 1.81869 
0.953715 0.00293669 0.00271952 1.81946 
0.964779 0.0701353 0.0531318 1.82389 
1.04767 0.145469 -0.0495707 1.83542 
0.976119 0.309106 0.185298 1.79505 
0.884606 0.302186 0.130991 1.66574 
0.89895 0.327447 0.123842 1.68387 
0.888752 0.316179 0.129191 1.67093 
0.887729 0.309165 0.128016 1.66685 
1.02148 -0.133754 0.125945 1.8113 
1.02817 -0.109351 0.0727526 1.82504 
1.03234 -0.0876512 0.105812 1.83233 
1.02594 -0.11147 0.10298 1.819 
0.941511 0.0134348 0.012089 1.81942 
1.03633 0.188967 0.0524616 1.83557 
0.891355 0.359503 0.108327 1.66245 
0.891712 0.349463 0.099544 1.66542 
0.977742 0.0371266 0.0692228 1.82615 
0.966667 0.0354884 0.0687221 1.82363 
0.973847 0.0323323 0.0736797 1.82532 
0.972726 0.0348843 0.070662 1.82542 
1.04564 0.118409 0.0635355 1.83402 
1.02721 -0.0623867 0.241656 1.79709 
1.0441 -0.0724252 0.153135 1.82427 
1.0485 -0.0116828 0.199765 1.83194 
1.03734 -0.0495925 0.198243 1.80772 
1.0461 0.14749 0.0147 1.83349 
1.04688 0.143218 0.0186803 1.83536 
1.04682 0.141869 0.014982 1.83553 
1.04712 0.143914 0.0161966 1.83609 
1.00628 0.207275 0.0227556 1.83297 
1.04222 0.0685765 0.0222927 1.84026 
0.999913 0.247573 0.0344556 1.81682 
0.951205 0.336452 -0.00783845 1.75777 
1.00028 0.247476 0.0345389 1.81757 
0.983282 0.304604 0.00592247 1.79323 
0.996176 0.268609 0.0505422 1.81105 
1.04823 0.145749 -0.0450234 1.83596 
0.979622 0.301821 0.0281436 1.78986 
1.04386 0.14794 0.103671 1.8322 
1.05211 0.117292 0.0834402 1.83907 
1.04986 0.142291 0.0775931 1.83603 
1.04778 0.13543 0.0881981 1.83124 
1.00028 0.247001 0.0346075 1.81748 
0.922975 0.138815 0.108936 1.795 
0.925312 0.136868 0.132338 1.79283 
0.92907 0.118231 0.117556 1.80008 
0.925821 0.131174 0.120102 1.79634 
0.953722 0.329765 -0.0144393 1.76308 
0.993054 0.273416 0.0426795 1.80533 
0.999856 0.247711 0.0347766 1.81664 
0.92482 0.074902 0.10293 1.79453 
1.03056 0.071851 0.0627772 1.83444 
1.00047 0.245815 0.034354 1.81785 
0.99978 0.24848 0.0338592 1.81663 
0.996728 0.267506 0.0335955 1.8105 
1.05092 0.123555 -0.0390215 1.84073 
1.05078 0.154349 0.0153043 1.83733 
0.954312 0.274645 -0.00846678 1.76724 
0.946676 0.287602 -0.0123989 1.75861 
0.947811 0.279206 0.00288575 1.76086 
0.949356 0.28082 -0.00523783 1.76545 
1.04555 0.124498 0.0067911 1.83572 
0.908475 0.185958 0.246987 1.74665 
0.911508 0.176321 0.212621 1.76341 
0.903492 0.173765 0.197406 1.73739 
0.905257 0.183245 0.223251 1.75089 
1.04599 0.136794 0.00959675 1.83548 
1.00066 0.242788 0.0339021 1.8181 
1.01227 0.112398 -0.0923299 1.8115 
1.00004 0.247602 0.03441 1.81701 
1.05311 0.105015 0.0226069 1.84323 
1.05259 0.113431 0.0174893 1.84267 
1.052 0.11288 0.0252107 1.84176 
1.05329 0.110495 0.0217125 1.8437 
0.962287 0.248865 -0.0159106 1.77981 
0.960415 0.259234 -0.0102887 1.77709 
0.962768 0.23782 -0.00536667 1.78327 
0.962153 0.248721 -0.00957316 1.78019 
0.999204 0.249432 0.0352912 1.81596 
1.05315 0.159913 0.0220657 1.83955 
1.04892 0.142151 -0.0435474 1.83652 
1.04839 0.152872 -0.0296993 1.83754 
0.998818 0.252344 0.0449043 1.81427 
0.962749 0.262315 -0.0310867 1.77828 
0.9624 0.27151 -0.0316502 1.77629 
0.963845 0.270607 -0.0276076 1.77925 
0.963613 0.26854 -0.0300454 1.77859 
1.05461 0.0453512 -0.0138409 1.84716 
1.05547 0.0611699 -0.00921714 1.84839 
1.05546 0.0498197 -0.00420517 1.84887 
1.05556 0.0522144 -0.00885469 1.84896 
0.969117 0.0583818 0.303725 1.76878 
0.950073 -0.00220448 0.344494 1.72445 
0.981528 -0.00225452 0.277102 1.78201 
0.973033 0.0191528 0.315689 1.77034 
0.980719 0.298419 0.0205049 1.78902 
1.0009 0.242351 0.0380764 1.81819 
1.01887 0.243667 0.128006 1.78782 
1.01973 0.230679 0.0901867 1.79884 
1.01232 0.26802 0.100199 1.78391 
1.02143 0.249142 0.107126 1.79665 
1.05464 0.0218396 -0.00624581 1.84741 
1.05449 0.0357994 -0.0140937 1.84686 
1.05604 0.0405832 -0.00243015 1.8505 
1.05486 0.0326701 -0.00704201 1.84779 
1.04554 0.168471 0.0431164 1.82906 
1.03876 0.195391 0.0599864 1.82161 
1.04836 0.162477 0.0645051 1.83504 
1.04459 0.176758 0.056998 1.82742 
0.997784 0.25692 0.038652 1.81317 
1.0005 0.245665 0.0409058 1.81678 
0.950558 0.281072 -0.0518452 1.76324 
0.954496 0.282334 -0.0429833 1.76494 
1.00021 0.247434 0.0341817 1.81736 
1.05497 0.116997 0.0338374 1.84247 
1.00006 0.247357 0.0355577 1.8171 
0.943927 0.0537861 0.0845293 1.81593 
0.938522 0.0559366 0.0681201 1.8162 
0.937505 0.0673143 0.0799763 1.81315 
0.939629 0.0586906 0.0771659 1.81496 
1.00027 0.246752 0.0348185 1.81753 
1.05054 0.132243 -0.038273 1.83939 
1.04762 0.141845 -0.0527076 1.83565 
0.958712 0.0521505 0.164692 1.8036 
0.945958 0.0797951 0.173639 1.7952 
0.958998 0.05964 0.193031 1.79682 
0.952426 0.0642409 0.177393 1.79963 
1.00032 0.24679 0.0366595 1.8171 
1.05014 0.135847 -0.0406666 1.83818 
0.999286 0.249627 0.0312382 1.81652 
1.00011 0.247544 0.0340584 1.81708 
0.938563 0.0220887 0.0189404 1.81982 
0.974745 0.353851 -0.0842283 1.71988 
0.97121 0.363256 -0.0730767 1.71275 
0.975024 0.367768 -0.0754116 1.73085 
0.973831 0.360699 -0.0771514 1.72039 
0.99986 0.247863 0.0349326 1.81661 
1.0534 0.144898 0.0203745 1.83674 
1.00029 0.247 0.0343162 1.8175 
1.02826 0.180277 0.203538 1.79882 
1.0184 0.228464 0.179215 1.79201 
1.01157 0.228878 0.231227 1.7772 
1.01692 0.213132 0.204388 1.7823 
1.04923 0.155463 0.00407203 1.83803 
1.00596 0.212835 0.0392517 1.82819 
1.03771 0.205439 -0.0168687 1.83299 
1.00058 0.245689 0.0362757 1.81775 
1.00061 0.244767 0.0394185 1.81754 
1.02535 0.154802 0.22264 1.78722 
1.00442 0.206493 0.260152 1.76552 
1.01288 0.140911 0.275672 1.78097 
1.01655 0.165974 0.255566 1.78434 
0.992826 0.274612 -0.00312512 1.81088 
0.999784 0.247614 0.034503 1.81641 
1.0434 0.185845 -0.0250412 1.83333 
0.896873 0.351589 0.0530774 1.6765 
0.97673 0.305727 0.0843626 1.77606 
0.953879 0.0562533 0.0489093 1.82404 
1.05273 0.0935423 -0.0297349 1.84521 
1.05198 0.0866781 -0.0332846 1.84363 
0.99985 0.247836 0.0346845 1.81663 
1.04752 0.154465 -0.0338003 1.83592 
1.04212 0.0691139 0.0290998 1.84051 
1.04554 0.130727 0.00830424 1.83505 
0.929308 0.409213 0.0784767 1.65184 
0.923846 0.408198 0.121314 1.64682 
0.960154 0.415605 0.0991338 1.7048 
0.936804 0.412533 0.0997559 1.66966 
1.0503 0.136202 0.00434653 1.83985 
1.04955 0.126355 -0.0451542 1.83893 
0.995945 0.0537514 0.0680203 1.82753 
0.989185 0.0431224 0.068375 1.82743 
1.00173 0.0460889 0.070065 1.82945 
0.995966 0.0478003 0.0689313 1.829 
0.99876 0.252311 0.0331635 1.8153 
0.999944 0.247855 0.0330637 1.81675 
0.984093 0.308319 -0.0065052 1.79495 
1.0001 0.246839 0.035266 1.81727 
1.05572 0.0672636 -0.00470254 1.84869 
1.05522 0.0704991 0.00635011 1.84791 
1.0554 0.0561314 0.0010104 1.84872 
1.0555 0.0645496 0.00065714 1.84849 
1.05785 0.144723 0.023743 1.84228 
0.948751 0.287877 -0.0199903 1.76194 
0.95638 0.278166 -0.017321 1.76904 
0.95501 0.284978 -0.0287288 1.7657 
0.952638 0.284334 -0.0220245 1.76279 
1.04578 0.176726 0.0109689 1.83749 
1.00005 0.247468 0.035156 1.81706 
1.0033 0.237995 0.0270259 1.82188 
0.999831 0.248408 0.0332405 1.81687 
1.04595 0.137465 0.00908329 1.8355 
0.999814 0.247581 0.0344864 1.81667 
1.05379 0.112052 -0.0124149 1.84338 
0.947284 0.00910848 0.0108534 1.81867 
0.932743 0.385073 0.119269 1.73613 
0.999133 0.250135 0.0341308 1.8158 
1.04435 0.105805 0.00895762 1.83629 
0.932552 0.359133 0.015663 1.73571 
0.912942 0.186098 0.0475511 1.67334 
0.908215 0.196112 0.0541392 1.66616 
0.908392 0.207023 0.064484 1.67383 
0.910486 0.19385 0.0544667 1.6706 
1.05489 0.0339786 0.0188299 1.84821 
1.05486 0.0193469 0.00312157 1.84805 
1.05509 0.0408715 0.0043427 1.84829 
1.05616 0.0316895 0.00843746 1.85115 
0.997548 0.25783 0.0320179 1.81319 
0.999341 0.249274 0.0356742 1.81626 
1.00579 0.167715 -0.0967475 1.80187 
0.999763 0.248305 0.0346172 1.81644 
1.05405 0.0846914 -0.0219823 1.84634 
1.05287 0.0824046 -0.0289995 1.84498 
1.0539 0.0927295 -0.024349 1.84692 
1.05365 0.0862128 -0.0244965 1.84618 
1.04388 0.0922212 0.00894438 1.83757 
1.04591 0.198571 -0.0304627 1.83355 
0.997364 0.307447 0.126665 1.80508 
1.00624 0.217949 0.0330059 1.82875 
1.04087 0.182798 0.00966447 1.8379 
0.999971 0.247568 0.0351852 1.81684 
0.910104 0.291356 0.127485 1.7005 
0.920206 0.323409 0.14266 1.72363 
0.915585 0.288652 0.122272 1.71126 
0.914983 0.302023 0.127872 1.71066 
1.04814 0.137219 -0.0499233 1.83657 
1.00122 0.195843 -0.118584 1.78984 
0.998096 0.255528 0.0372189 1.81418 
0.902272 0.358881 0.0663588 1.68914 
1.05194 0.106401 -0.0369168 1.84264 
1.04357 0.078007 0.144203 1.8274 
1.03726 0.110656 0.184829 1.81211 
1.04193 0.0543224 0.179732 1.82034 
1.04495 0.0803243 0.170424 1.8304 
1.04907 0.131631 -0.0474283 1.83789 
1.04783 0.133111 -0.0506001 1.83632 
0.947125 0.0112666 0.0167978 1.81863 
0.96477 0.281657 -0.027071 1.77992 
0.999207 0.252483 0.0416162 1.81537 
1.04959 0.146465 0.00455065 1.83885 
0.92055 0.297361 0.207761 1.73089 
0.99979 0.248255 0.0347912 1.81654 
1.00038 0.245696 0.0307025 1.8158 
1.04931 0.161572 0.00994338 1.83728 
0.940877 0.38927 0.109077 1.7429 
1.05014 0.161369 0.0117836 1.83844 
1.00437 0.0909063 0.0627287 1.82387 
0.897246 0.225291 0.143528 1.68723 
0.896719 0.250365 0.134257 1.68086 
0.891316 0.265657 0.169067 1.68077 
0.890185 0.241287 0.145257 1.67367 
0.888855 0.269279 0.16083 1.65295 
0.954217 0.277677 -0.0386365 1.76644 
0.966373 0.314691 -0.01956 1.77912 
1.05466 0.0853566 -0.00281411 1.84644 
1.05488 0.0782134 0.00510335 1.84692 
1.05528 0.0744192 -0.00555854 1.84783 
1.0552 0.0795888 -0.00107491 1.84768 
1.05042 0.134107 -0.0331649 1.83861 
1.05226 0.132714 -0.0173509 1.84032 
1.00688 0.210354 0.0179704 1.83307 
1.04291 0.0963249 0.00446475 1.83581 
0.880248 0.243741 0.117856 1.62261 
1.0456 0.167596 -0.0351445 1.83327 
1.04932 0.121716 -0.0462903 1.83859 
0.985813 0.27372 -0.0233319 1.80507 
1.00039 0.246634 0.0344816 1.81763 
0.982939 0.20948 -0.0599404 1.80605 
0.981265 0.281608 0.0695578 1.79209 
0.923374 0.354158 0.149627 1.74408 
0.920475 0.345174 0.15183 1.74054 
1.00098 0.243283 0.0327224 1.81857 
0.939511 0.036458 0.0383042 1.81917 
0.938751 0.04084 0.034721 1.8184 
0.93891 0.0411629 0.0415037 1.81842 
0.939135 0.0394174 0.0382179 1.81899 
0.96032 0.386142 0.0945268 1.76521 
0.945017 0.0349209 0.057832 1.81998 
0.95146 0.0340284 0.0609678 1.82236 
0.944339 0.033333 0.0514639 1.82081 
0.94619 0.0336998 0.056576 1.82057 
1.04849 0.137947 0.0160143 1.83702 
1.04815 0.139135 0.0198403 1.83659 
1.04885 0.13591 0.0188418 1.83766 
1.04849 0.137528 0.0182286 1.8371 
1.04531 0.151887 -0.0607405 1.8322 
0.906009 0.355344 0.0445679 1.69456 
0.890257 0.203516 0.166831 1.67948 
0.890984 0.264079 0.245527 1.69951 
0.890736 0.216629 0.218788 1.7018 
0.88862 0.227473 0.212289 1.69404 
1.01159 0.134729 -0.104728 1.80629 
0.903483 0.366136 0.0933663 1.69521 
0.951099 0.279577 -0.0386722 1.76242 
0.980303 0.273365 -0.0350486 1.80441 
0.94961 0.00383058 0.00626097 1.81957 
1.00861 0.230779 0.0084108 1.82526 
0.938559 0.044462 0.0349755 1.81782 
0.937823 0.0508119 0.0394385 1.81671 
0.939001 0.0446746 0.0418077 1.81864 
0.938645 0.0464806 0.0388248 1.81794 
0.892913 0.359485 0.123968 1.66681 
0.890453 0.335669 0.123235 1.66847 
0.89253 0.342135 0.108355 1.67255 
0.890124 0.343409 0.119091 1.66396 
0.941097 0.0251687 0.0261746 1.82054 
1.04698 0.143224 -0.0556742 1.83417 
0.999523 0.248759 0.0341759 1.81644 
1.00027 0.247252 0.0345891 1.81744 
0.953109 0.104572 0.377795 1.68484 
0.991891 -0.00132895 0.333035 1.74309 
1.00094 0.0949598 0.330725 1.77291 
0.98258 0.0676109 0.362131 1.73762 
0.999758 0.249342 0.0450616 1.81584 
0.948078 0.0564039 0.0691921 1.83024 
1.02012 0.194999 0.0173683 1.83818 
0.999809 0.247479 0.0345869 1.8165 
0.974615 0.280154 -0.0394052 1.79436 
0.940801 0.0337774 0.0427981 1.81975 
0.942537 0.0353366 0.0526222 1.81968 
0.942447 0.0327761 0.0474927 1.82031 
0.941705 0.0337108 0.0474916 1.81982 
1.03382 0.184296 0.0331631 1.83887 
1.0511 0.108308 -0.0413851 1.841 
0.921275 0.368904 0.130034 1.72752 
0.953835 0.121042 0.298501 1.7572 
0.930737 0.171475 0.289388 1.74112 
0.938998 0.159509 0.339695 1.72477 
0.940862 0.151765 0.310819 1.73698 
0.974701 0.0162605 0.116383 1.821 
0.986021 -0.0043937 0.131081 1.81934 
0.981715 0.00669573 0.110857 1.82197 
0.979635 0.00706588 0.119125 1.82177 
0.960674 0.330359 -0.0116962 1.7695 
1.05007 0.169353 0.0373667 1.83833 
0.95565 0.378505 0.0426218 1.75468 
0.892376 0.340634 0.243074 1.64527 
0.899499 0.313416 0.265335 1.68917 
0.893743 0.322713 0.223615 1.67987 
0.897299 0.335251 0.249394 1.67836 
1.05389 0.161653 0.0416551 1.83894 
0.924703 0.324135 -0.0089499 1.72446 
0.882372 0.186378 0.356513 1.59721 
0.908813 0.0811699 0.371052 1.64311 
0.923524 0.165588 0.370075 1.6893 
0.904886 0.146757 0.372546 1.64872 
0.93533 0.0814177 0.0613894 1.81048 
0.932 0.0962899 0.0714873 1.80686 
0.934344 0.0815381 0.0758652 1.81119 
0.934514 0.0862254 0.0695786 1.81056 
1.00527 0.217815 0.0364721 1.82664 
0.936611 0.0583431 0.0450811 1.81531 
0.936016 0.0684482 0.0524819 1.81336 
0.937048 0.0574353 0.0556202 1.81639 
0.936739 0.0612715 0.0511181 1.81565 
1.0431 0.168905 0.071145 1.82746 
0.960572 0.278259 -0.0322905 1.77355 
1.04615 0.138382 0.0094225 1.83549 
1.05073 0.113312 -0.0407135 1.84105 
1.00086 0.242842 0.0405991 1.8183 
1.00578 0.208216 0.0352249 1.82988 
0.939718 0.0473008 0.0458195 1.82065 
0.939745 0.0235434 0.0218571 1.82004 
0.906905 0.277656 0.109446 1.69666 
0.906771 0.244487 0.087055 1.6848 
0.903846 0.25164 0.0913836 1.67535 
0.904589 0.261102 0.0946599 1.68268 
0.974776 0.354849 0.0389743 1.7709 
1.05164 0.118043 0.0167851 1.84275 
1.05092 0.123517 0.018323 1.8414 
1.05098 0.117332 0.0237328 1.84191 
1.05066 0.119625 0.0195303 1.84117 
0.90872 0.340903 0.0153327 1.69645 
1.05206 0.118227 0.0278783 1.83863 
1.00337 0.227501 0.0179738 1.82346 
1.05043 0.127778 -0.0405118 1.83989 
0.976355 0.294579 0.061921 1.785 
0.941477 0.0376843 0.05183 1.81899 
0.940051 0.0357078 0.0424068 1.81929 
0.939195 0.0402437 0.0452401 1.81854 
0.940105 0.0378056 0.0462258 1.81914 
0.965345 0.36511 0.0232641 1.76586 
1.00019 0.247341 0.0327985 1.81687 
1.00821 0.0707058 0.0649512 1.82931 
1.03694 0.184183 -0.00270879 1.83636 
0.959315 0.276693 -0.0698762 1.76241 
1.01239 0.209141 0.00535304 1.83453 
0.999751 0.248373 0.0349856 1.81644 
1.00696 0.131752 -0.0776419 1.80705 
1.0552 0.125095 0.0381884 1.84059 
1.04834 0.167053 0.00624867 1.83799 
1.00032 0.246325 0.0352204 1.8174 
0.997824 0.258794 0.0281766 1.81534 
0.946744 0.0119238 0.0119362 1.81936 
0.941918 0.388158 0.0775952 1.745 
1.04586 0.133805 0.00839978 1.83543 
1.05021 0.119963 -0.0431535 1.84019 
1.04648 0.15382 -0.0440604 1.83405 
0.999729 0.248033 0.0355594 1.81653 
1.01244 0.111137 -0.0801034 1.81458 
0.99973 0.248994 0.0335633 1.81657 
0.999847 0.247957 0.0362845 1.8168 
0.976957 0.329894 -0.101768 1.74527 
0.972157 0.408874 0.0509359 1.7225 
0.94266 0.410053 0.0619572 1.67561 
0.968392 0.410255 0.0821597 1.71573 
0.962738 0.4128 0.0640341 1.70711 
0.999934 0.247814 0.0350459 1.81675 
1.0533 0.116428 -0.00372775 1.84373 
1.05385 0.113784 -0.00695752 1.84424 
0.999969 0.247726 0.0333439 1.81682 
1.04596 0.129349 0.00919893 1.83579 
1.0497 0.134934 0.0163577 1.83896 
1.04985 0.135219 0.0132188 1.83923 
1.04964 0.137032 0.0136595 1.8387 
1.04961 0.13583 0.0145219 1.83861 
1.00901 0.149536 -0.089425 1.80277 
1.00517 0.223814 0.0583365 1.82709 
1.01441 0.200195 0.0512846 1.83378 
1.04641 0.172818 0.00303864 1.83865 
1.00007 0.247512 0.0348275 1.81711 
0.911856 0.116137 0.0213056 1.68049 
0.921457 0.122637 0.0207173 1.69106 
0.918622 0.118172 0.0240411 1.68879 
0.91941 0.120426 0.0194634 1.69142 
0.976422 0.29857 -0.126131 1.74588 
0.956824 0.385661 -0.0268341 1.69197 
0.952096 0.393846 -0.00654183 1.68516 
0.96827 0.397527 -0.0162595 1.71562 
0.958537 0.391609 -0.0169216 1.69731 
1.00007 0.247583 0.0337117 1.81697 
1.04612 0.138628 0.00934782 1.8354 
0.978662 0.29039 -0.0306439 1.79644 
0.9303 0.101906 0.081052 1.80632 
0.931175 0.101676 0.100125 1.80545 
0.933462 0.0862115 0.0851177 1.80975 
0.931467 0.0964538 0.0882742 1.80774 
0.987064 0.0135351 0.215284 1.79539 
0.970822 0.0354506 0.174387 1.80379 
0.969497 0.0479813 0.204139 1.79592 
0.97936 0.0328402 0.198572 1.80252 
1.00546 0.231471 0.0378008 1.82485 
1.01439 0.22656 0.0051907 1.81922 
1.02362 0.171774 -0.036181 1.82118 
1.0473 0.102495 0.0154387 1.8405 
1.04304 0.192044 -0.0362165 1.82795 
0.949982 0.037763 0.0477156 1.82216 
0.958411 0.0429907 0.0530843 1.82395 
0.951846 0.0408374 0.0458798 1.82271 
0.952927 0.0405221 0.0490253 1.82312 
0.999829 0.247423 0.0346568 1.81657 
0.945593 0.0335738 0.0437763 1.8214 
0.942584 0.0308437 0.0367984 1.82052 
0.943503 0.0326442 0.0443563 1.82071 
0.943773 0.0323473 0.0416598 1.82069 
1.05265 0.122092 -0.00419584 1.84235 
0.999865 0.2479 0.0337866 1.81683 
0.942454 0.0267598 0.0290987 1.82082 
0.943765 0.0288375 0.0324821 1.82102 
0.924533 0.149646 0.186251 1.78114 
0.9351 0.115354 0.173211 1.79156 
0.928398 0.139481 0.154004 1.79061 
0.927796 0.134479 0.170449 1.78395 
0.916918 0.340862 0.00873185 1.71316 
0.943175 0.0134655 0.0120318 1.81897 
1.04473 0.0810376 0.020147 1.83904 
0.956585 0.259646 -0.0410178 1.77061 
0.95747 0.252858 -0.0434378 1.77197 
0.950264 0.286768 -0.0347153 1.7613 
1.00289 0.237908 0.0356199 1.82043 
0.942595 0.0376502 0.0366979 1.82185 
1.05152 0.128183 0.00341592 1.84134 
1.05181 0.124323 -2.29914e-05 1.8416 
1.04604 0.151154 -0.0582377 1.8331 
0.903956 0.314565 0.163634 1.69157 
1.04678 0.142107 0.0101777 1.83598 
1.00716 0.202493 0.0224358 1.83416 
0.999792 0.247891 0.0342419 1.81657 
0.907555 0.307069 0.145448 1.70217 
0.991615 0.246913 -0.13271 1.76881 
1.00124 0.241814 0.0391524 1.81919 
1.00898 0.151946 -0.112453 1.80236 
0.976064 0.024265 0.0839954 1.82434 
0.986286 0.023273 0.0810929 1.82699 
0.975651 0.0282528 0.0783124 1.82579 
0.978255 0.0252079 0.081265 1.82543 
1.04671 0.171349 0.0316083 1.83067 
1.03557 0.176581 0.0132616 1.82842 
1.03253 0.195762 0.0445637 1.81741 
1.0426 0.182149 0.0258851 1.82546 
0.918166 0.374751 0.121868 1.72073 
0.939428 0.0286879 0.028815 1.82048 
0.999898 0.247666 0.0347474 1.81674 
1.01989 0.0587351 0.0659292 1.83129 
1.00535 0.0588857 0.0694737 1.82995 
1.00929 0.0502302 0.0689922 1.83158 
1.01147 0.0563425 0.0682982 1.83116 
0.936898 0.0602002 0.0628849 1.81551 
0.936207 0.0725705 0.0597642 1.8135 
0.935699 0.0722332 0.0733501 1.8129 
0.936137 0.0681301 0.0652577 1.81434 
1.0452 0.153886 -0.0610501 1.83196 
0.972419 0.296493 -0.0993276 1.7534 
0.937203 0.0159998 0.0157023 1.81968 
1.04946 0.153956 0.011319 1.83787 
0.998399 0.201163 -0.12619 1.7841 
0.948347 0.088428 0.192501 1.79277 
0.961481 0.0832334 0.241628 1.78501 
0.963141 0.062757 0.211618 1.79254 
0.957575 0.0763938 0.214053 1.78714 
1.02427 0.0376175 0.0661765 1.83356 
1.02537 0.0551194 0.0648857 1.83166 
1.01372 0.0448718 0.0683831 1.83188 
1.02182 0.0463109 0.0660492 1.83352 
1.00019 0.247104 0.0348857 1.81725 
0.938639 0.0462286 0.0456046 1.81784 
0.937401 0.0530861 0.0439868 1.81687 
0.937551 0.0517116 0.0530974 1.81688 
0.937952 0.0500933 0.0473199 1.81765 
0.999784 0.2482 0.034659 1.81651 
0.999871 0.247621 0.0346701 1.81666 
0.912257 0.35021 0.0260952 1.70389 
0.984212 0.280885 0.0168379 1.79713 
0.915278 0.159281 0.0355007 1.68022 
0.914152 0.172573 0.0411908 1.67678 
0.913206 0.174254 0.04976 1.67831 
0.914028 0.167216 0.0422621 1.67818 
0.98572 0.295299 0.0946143 1.79047 
0.929373 0.37957 0.0525022 1.72938 
1.00042 0.246261 0.0348734 1.81763 
0.93847 0.0144593 0.0132943 1.81953 
0.978443 0.318258 0.0281282 1.78289 
0.999008 0.253257 0.029464 1.81703 
1.05363 0.0627542 0.0517381 1.84507 
1.05449 0.050913 0.0367763 1.84821 
1.05432 0.0702356 0.0367949 1.84665 
1.05452 0.0615983 0.0416247 1.84738 
1.04623 0.139462 0.00977657 1.83562 
0.966603 0.356974 0.0130352 1.77359 
1.04702 0.17509 0.0201602 1.83895 
1.00194 0.239369 0.0509295 1.81776 
1.0477 0.159144 -0.0251927 1.83784 
1.00544 0.169489 -0.121614 1.79719 
1.04812 0.131409 0.0124694 1.83839 
1.04572 0.133327 0.00962721 1.83503 
1.05189 0.0586594 0.074953 1.84223 
1.04888 0.0618639 0.106106 1.83733 
1.051 0.0330432 0.0885638 1.84193 
1.05275 0.050801 0.0897153 1.84571 
0.91973 0.127808 0.0268721 1.68838 
0.919205 0.144413 0.0435027 1.68796 
0.920301 0.125708 0.0305598 1.68953 
0.92123 0.131663 0.0342071 1.69094 
1.04823 0.173721 -0.0160443 1.83738 
0.945531 0.0122937 0.010839 1.81886 
0.942402 0.0301783 0.0348226 1.82045 
0.945312 0.033415 0.0413698 1.82117 
0.943564 0.0310727 0.0358575 1.82088 
0.943722 0.0314741 0.0372734 1.821 
0.954583 0.0475663 0.0455134 1.82358 
1.00062 0.2463 0.0364214 1.81756 
0.976186 0.28591 0.19236 1.79387 
0.966291 0.370049 -0.0598262 1.7053 
0.960461 0.377157 -0.0442852 1.69684 
0.971624 0.383583 -0.0512024 1.72042 
0.965901 0.375745 -0.0522642 1.70752 
0.904682 0.206858 0.0613159 1.66197 
0.901301 0.216164 0.0680633 1.65795 
0.903895 0.225941 0.0774552 1.66612 
0.903226 0.214208 0.0685147 1.66106 
0.928707 0.313133 -0.0180937 1.72898 
0.999337 0.249112 0.0343226 1.81615 
0.990917 0.276282 0.00548463 1.80805 
1.02399 0.19315 0.0496276 1.83491 
1.00007 0.247317 0.0349546 1.81716 
1.05239 0.16508 0.0508271 1.83664 
0.975417 0.282803 -0.103374 1.75995 
1.04705 0.14717 -0.0551806 1.83416 
0.975456 0.238178 -0.0869239 1.78566 
0.977505 0.35319 0.108388 1.77363 
1.04724 0.170063 0.0277512 1.83814 
1.00063 0.246182 0.0399009 1.8173 
0.975639 0.339009 -0.100804 1.71929 
0.981102 0.344834 -0.102453 1.73681 
0.923519 0.332774 -0.00143338 1.72275 
0.978542 0.298728 0.0446182 1.78839 
0.945895 0.294384 -0.0314706 1.75524 
0.963096 0.2752 -0.0275957 1.77691 
0.963184 0.276359 -0.0297715 1.77703 
0.998026 0.254004 0.0313376 1.81467 
1.00246 0.240266 0.032746 1.81982 
0.935606 0.408949 0.14865 1.67332 
0.97392 0.379948 0.15139 1.72722 
0.968571 0.40593 0.11676 1.71655 
0.961113 0.404143 0.136968 1.7132 
1.04863 0.105455 0.0217109 1.83878 
1.04683 0.111306 0.0152801 1.83799 
0.943617 0.386954 0.0645923 1.74577 
0.956949 0.0443062 0.0488166 1.8231 
0.962661 0.0461717 0.0535378 1.82354 
0.999778 0.248277 0.034272 1.81652 
0.980067 0.285311 -0.121263 1.75789 
0.934719 0.311404 -0.0192323 1.7402 
0.998727 0.250644 0.0369805 1.81575 
1.00045 0.243684 0.0476271 1.8173 
1.05485 0.0382252 0.043558 1.84967 
1.05413 0.0535346 0.0608988 1.84726 
1.05426 0.0269438 0.0697082 1.84923 
1.05334 0.0393828 0.0577323 1.846 
1.05555 0.14248 0.0316523 1.84004 
0.997909 0.255581 0.0358834 1.81399 
0.972822 0.257174 -0.0823955 1.77995 
0.999809 0.248055 0.0347976 1.81656 
0.975973 0.324359 -0.0110498 1.78662 
0.999828 0.248056 0.0353053 1.81667 
0.949509 0.00625267 0.0172871 1.82231 
0.925172 0.0809358 0.164445 1.80172 
0.98496 0.232317 -0.102021 1.78302 
1.00557 0.23337 0.0126812 1.8255 
0.993112 0.0808636 0.0574105 1.82581 
1.02738 0.211738 -0.0100121 1.83352 
1.03284 0.177865 -0.0409635 1.81754 
1.05224 0.0217289 0.107894 1.84631 
1.04973 0.0578311 0.126847 1.84081 
1.04906 0.0294231 0.157076 1.8389 
1.0471 0.0358202 0.129716 1.83423 
1.04007 0.182776 0.0165837 1.83899 
1.0115 0.127593 -0.0947612 1.80717 
0.981063 0.357327 0.136317 1.78029 
0.940115 0.295068 -0.0313827 1.74485 
1.0532 0.101037 0.0372825 1.84385 
1.05364 0.101682 0.0274474 1.84461 
1.05278 0.110587 0.0301252 1.84303 
1.05263 0.104428 0.0314723 1.8424 
0.912758 0.218775 0.0799264 1.69274 
0.916159 0.180888 0.0624152 1.68924 
0.914404 0.190408 0.0621224 1.68477 
0.914956 0.197026 0.0676194 1.68981 
1.04308 0.182424 0.0496591 1.83652 
0.978405 0.26875 -0.0969515 1.76963 
1.00538 0.221165 0.0300694 1.82763 
0.90242 0.291973 0.124276 1.68645 
0.903408 0.285117 0.120855 1.67965 
1.04127 0.178501 0.0286385 1.84006 
0.969004 0.06445 0.26332 1.77721 
0.986306 0.0177564 0.245036 1.7957 
0.972813 0.0522123 0.223461 1.79379 
0.977625 0.0437199 0.244028 1.78798 
0.939515 0.0139858 0.0135971 1.8195 
0.940042 0.303869 -0.0265488 1.74776 
0.939918 0.0241628 0.0248419 1.82125 
0.997663 0.248746 0.0249826 1.81432 
1.00435 0.214763 0.0448094 1.82514 
1.00259 0.239826 0.0288556 1.82016 
1.04905 0.095564 0.025682 1.84051 
0.959692 0.253069 -0.0352877 1.77593 
0.958495 0.247547 -0.0407051 1.77373 
0.957987 0.258709 -0.0380237 1.77343 
0.958142 0.25258 -0.0377873 1.77351 
1.00057 0.246321 0.0324883 1.81732 
1.04269 0.0811558 0.036043 1.8395 
1.00491 0.215861 0.00830265 1.82864 
1.00037 0.247145 0.0333367 1.81736 
1.00023 0.246656 0.035087 1.81751 
0.998988 0.251413 0.0327703 1.81563 
1.03956 0.0602 0.036646 1.8395 
1.04027 0.0580649 0.0293107 1.83971 
0.965759 0.29463 -0.0851314 1.75278 
0.932345 0.376234 0.0396107 1.73293 
1.04996 0.161434 0.00163899 1.83978 
0.935302 0.060293 0.371254 1.69767 
0.957748 0.0923211 0.322854 1.74867 
0.936751 0.140978 0.360702 1.71276 
0.950196 0.10113 0.360817 1.73395 
1.04983 0.140616 -0.0395627 1.83782 
0.999782 0.248193 0.0351392 1.81656 
0.999798 0.247861 0.0345723 1.8165 
0.985723 0.342445 0.119588 1.78517 
0.976482 0.310744 -0.113376 1.74625 
1.00648 0.210065 0.0282269 1.8317 
0.979126 0.381424 0.0356397 1.73718 
0.977893 0.342535 0.0441254 1.74928 
0.969703 0.344844 0.0167539 1.74413 
0.975286 0.355875 0.030865 1.74099 
1.05185 0.134328 -0.0235656 1.84033 
1.04991 0.14001 -0.0329125 1.83819 
0.972896 0.354026 -0.0742644 1.74063 
0.960476 0.319365 -0.0721563 1.74759 
0.972362 0.345776 -0.0835713 1.74183 
1.00263 0.233029 0.0464404 1.82245 
1.00399 0.0784571 0.0598724 1.82796 
0.999964 0.24729 0.0305317 1.81641 
0.999574 0.24871 0.035467 1.81613 
0.941653 0.0305038 0.0354293 1.82024 
0.940833 0.0323328 0.0386723 1.81982 
0.942181 0.0321309 0.0432702 1.82023 
0.941517 0.0315093 0.0390964 1.82015 
0.900776 0.223377 0.0750167 1.65801 
0.901877 0.252771 0.0960165 1.66797 
0.904172 0.240041 0.0851273 1.671 
0.902912 0.237377 0.0850185 1.66591 
0.893408 0.242858 0.0986371 1.64426 
0.893422 0.230316 0.0896951 1.63859 
0.932704 0.362814 0.149007 1.74969 
0.94353 0.368705 0.023463 1.74637 
0.986954 0.261181 -0.123494 1.76631 
0.918324 0.323168 0.14311 1.72255 
0.917549 0.312022 0.137171 1.71969 
0.914135 0.288278 0.128845 1.70752 
0.915533 0.306175 0.13607 1.71227 
1.05332 0.11162 0.0140972 1.84395 
1.05385 0.102632 0.0185015 1.84503 
1.05364 0.104525 0.0105102 1.84506 
1.05315 0.106264 0.0143632 1.84364 
1.05468 0.0823861 -0.0160307 1.84711 
1.05475 0.0859009 -0.00816497 1.84684 
1.05496 0.0758803 -0.010755 1.8478 
1.05461 0.0814431 -0.0117946 1.84691 
0.95187 0.0352227 0.0580386 1.82173 
0.947873 0.035154 0.0489377 1.82165 
0.944944 0.0334963 0.049465 1.82071 
0.947966 0.0346277 0.0518222 1.82188 
1.01535 -0.0241369 0.101208 1.82779 
1.00905 -0.0323361 0.131373 1.82133 
1.02941 -0.053534 0.112979 1.82832 
1.02164 -0.0373077 0.115058 1.83014 
0.996239 0.220693 -0.0171082 1.81126 
1.00013 0.247276 0.0348021 1.81726 
1.04593 0.158612 -0.0425526 1.83354 
1.04735 0.175588 0.0230615 1.84065 
0.965524 0.0328275 0.0720282 1.82325 
0.971383 0.0272956 0.0810749 1.82399 
0.973148 0.0298991 0.07616 1.82537 
0.970346 0.029647 0.0764473 1.8241 
1.05212 0.104044 0.0420474 1.84148 
1.05164 0.113079 0.0341262 1.84114 
1.05112 0.112548 0.0444441 1.84032 
1.05221 0.110099 0.0402306 1.84204 
0.997416 0.256286 0.030779 1.81345 
0.891394 0.260958 0.133906 1.66991 
0.883649 0.281208 0.139568 1.66487 
0.886401 0.280264 0.163781 1.66778 
0.888711 0.270488 0.144434 1.67257 
1.03945 0.182042 0.0194954 1.83808 
0.979652 0.315355 0.0414875 1.78605 
1.04994 0.144184 -0.0293193 1.83854 
0.968964 0.365972 0.085269 1.76787 
0.947554 0.0369988 0.0397379 1.82085 
0.933452 0.0960819 0.109132 1.806 
0.938829 0.0806847 0.114177 1.80865 
0.935235 0.0812106 0.0927483 1.80973 
0.935708 0.0857279 0.105261 1.80841 
0.997774 0.25382 0.0328758 1.81387 
1.00322 0.221505 0.0434042 1.82613 
0.972302 0.351412 0.0111057 1.78193 
0.995145 0.23695 -0.124621 1.77558 
0.999728 0.248344 0.0362433 1.8165 
1.00379 0.233397 0.0420127 1.82202 
0.939648 0.0268741 0.0263683 1.82071 
0.981113 0.10326 0.065961 1.82545 
0.892895 0.281911 0.240172 1.6974 
0.89037 0.218292 0.167164 1.67864 
0.887706 0.278974 0.198085 1.67451 
0.891646 0.258957 0.205134 1.68924 
1.04832 0.148932 -0.0368912 1.8364 
0.938362 0.0164174 0.0173224 1.81987 
1.00028 0.246966 0.0337584 1.81733 
0.954608 0.0413386 0.0944295 1.81698 
0.96447 0.0311376 0.103198 1.81869 
0.958889 0.0343178 0.0871694 1.81934 
0.960199 0.035502 0.0947312 1.82022 
0.982002 0.35105 0.152163 1.78092 
0.998932 0.251469 0.0318535 1.81607 
0.902397 0.199341 0.252819 1.73659 
0.904371 0.176061 0.196634 1.73138 
0.895361 0.205897 0.228453 1.72049 
0.898812 0.197097 0.229031 1.7297 
0.91293 0.18122 0.0483694 1.67442 
0.909302 0.205187 0.0676886 1.67514 
0.913168 0.186785 0.0575926 1.67989 
0.912207 0.189433 0.0578991 1.67719 
1.05004 0.181196 0.0615891 1.83464 
0.979355 0.334599 -0.00146593 1.7895 
1.00945 0.223493 0.00382537 1.83084 
0.994785 0.215781 -0.120897 1.78224 
1.0481 0.178568 0.0626669 1.82871 
1.05253 0.167403 0.0472652 1.83823 
1.0506 0.117979 0.033054 1.84117 
1.04947 0.125788 0.0372074 1.83867 
1.05024 0.118021 0.042898 1.84006 
1.0496 0.120258 0.0376965 1.83964 
1.04943 0.153662 0.00897918 1.83803 
0.98962 0.037832 0.0708952 1.82819 
0.995484 0.028436 0.0754832 1.82894 
1.00198 0.0389528 0.0712892 1.83007 
0.995725 0.0352516 0.0725199 1.82861 
1.04837 0.169447 0.00890337 1.83791 
0.913851 0.231982 0.105945 1.70035 
0.910948 0.240368 0.0994637 1.6961 
0.912389 0.262935 0.114751 1.70227 
0.912582 0.246734 0.107119 1.70099 
0.99958 0.249397 0.0334991 1.81626 
0.956651 0.381442 0.057843 1.75533 
0.939213 0.0196526 0.0198377 1.81975 
1.05046 0.126168 0.0552135 1.83627 
0.998872 0.246773 0.048852 1.81485 
1.0225 0.201557 0.0566711 1.8338 
0.999753 0.248337 0.0336319 1.81668 
1.05433 0.0956715 -0.00273642 1.84545 
1.054 0.10547 -0.00529218 1.84473 
1.05396 0.101947 0.00291893 1.84459 
1.05436 0.101049 -0.00122905 1.84537 
0.95469 0.399409 0.0055483 1.69239 
0.972661 0.405397 0.021985 1.72414 
0.971947 0.400716 -0.00366105 1.72325 
0.967279 0.403815 0.00684955 1.71436 
0.970489 0.341849 -0.00187715 1.78024 
0.997397 0.255421 0.0339459 1.81281 
0.939833 0.352135 0.172775 1.75667 
1.03854 0.193952 0.0605934 1.83172 
0.999213 0.25052 0.0333551 1.81562 
0.988472 0.219331 -0.107506 1.78257 
0.914264 0.373853 0.0669247 1.71153 
1.00048 0.243999 0.0385267 1.81759 
1.00094 0.244232 0.0403715 1.81803 
1.04772 0.0971918 0.03837 1.83904 
0.94141 0.0263062 0.0279111 1.82095 
0.941389 0.0285821 0.0311908 1.82036 
0.942234 0.0291232 0.0329111 1.82087 
0.941367 0.027983 0.030624 1.82048 
0.999372 0.249544 0.0339959 1.81631 
1.05163 0.160155 0.0192916 1.83669 
1.04697 0.163491 -0.0613985 1.82859 
0.940312 0.34528 0.00297265 1.74459 
1.00008 0.247435 0.0349201 1.81717 
1.0474 0.14999 -0.0413955 1.83494 
0.99796 0.251239 0.038029 1.81485 
1.00109 0.242304 0.0427862 1.81946 
1.05235 0.115676 0.00359804 1.84305 
1.05262 0.11464 0.0104079 1.843 
1.05279 0.108233 0.0071325 1.84369 
1.05296 0.112942 0.0072158 1.84397 
1.02383 0.190732 0.031041 1.83662 
1.04942 0.140569 0.00714796 1.83839 
0.928532 0.320735 -0.0113048 1.72991 
1.04963 0.175194 0.0541564 1.83638 
1.05495 0.0542664 0.0275393 1.84833 
1.05484 0.0715677 0.0186943 1.84722 
1.05451 0.0719591 0.0297976 1.84676 
1.05521 0.0662536 0.0254309 1.84835 
0.994991 0.260304 0.0649615 1.81304 
1.04997 0.136589 0.00921362 1.83958 
0.916947 0.162376 0.0507221 1.68664 
0.916284 0.15441 0.037095 1.68227 
0.915271 0.175046 0.0520626 1.68362 
0.91619 0.16352 0.0465876 1.68335 
1.05374 0.0891176 0.0455419 1.84499 
1.054 0.0737835 0.0537201 1.84583 
1.05437 0.0782839 0.0391276 1.84641 
1.05347 0.0803498 0.0459124 1.84425 
1.05026 0.135422 0.0153912 1.83794 
0.999804 0.247914 0.0339784 1.81671 
1.04046 0.181363 0.00438375 1.837 
0.954015 0.0441901 0.0457508 1.82336 
1.04764 0.140506 0.0181139 1.83653 
1.04818 0.138677 0.0152494 1.83682 
1.04756 0.140214 0.0150626 1.83631 
1.04753 0.139642 0.0160205 1.83612 
0.999854 0.247997 0.0335938 1.8168 
1.00043 0.246406 0.0359606 1.81735 
1.0064 0.161022 -0.0850042 1.80452 
1.04906 0.138715 -0.0462383 1.8371 
0.989077 0.281617 -0.0156524 1.8062 
0.975402 0.372286 -0.0687098 1.73359 
0.971662 0.368945 -0.0667519 1.71471 
0.975148 0.38175 -0.0568088 1.7279 
0.975877 0.376336 -0.0645714 1.72738 
0.988514 0.297404 -0.0085723 1.80296 
1.0498 0.13493 -0.0444228 1.838 
1.00843 0.141369 -0.0817434 1.80643 
0.94519 0.0152446 0.020591 1.82014 
1.00336 0.237166 0.0327694 1.8212 
1.04538 0.156458 -0.0603576 1.83219 
0.959437 0.275824 -0.0216815 1.77391 
0.961921 0.280369 -0.0326231 1.77588 
0.958596 0.280805 -0.0296822 1.77165 
0.999637 0.248763 0.0338696 1.81639 
0.997224 -0.0144354 0.125543 1.8252 
1.00571 -0.012711 0.10156 1.82976 
0.988482 0.00080795 0.107299 1.82539 
0.99456 -0.0082732 0.110743 1.82349 
0.936816 0.017496 0.0189942 1.81924 
1.0021 0.0245875 0.0750135 1.82948 
1.0174 0.0279629 0.0690456 1.83353 
1.00871 0.0375379 0.0703469 1.83117 
1.00933 0.0299604 0.0714296 1.83114 
0.999324 0.250611 0.0319409 1.81664 
1.00237 0.311855 0.143062 1.76196 
1.00938 0.26299 0.14548 1.78403 
1.00666 0.286999 0.112416 1.77864 
1.00155 0.286351 0.132535 1.76992 
0.988423 0.0271853 0.0774107 1.82687 
0.983566 0.035438 0.0716881 1.82676 
0.97657 0.0305813 0.0758182 1.82559 
0.982465 0.0312008 0.0750404 1.82683 
1.01027 0.146607 -0.10351 1.8042 
0.997 0.259454 0.043053 1.81309 
1.00108 0.244798 0.02968 1.81661 
1.00014 0.246482 0.0379913 1.81719 
0.936438 0.331841 -0.00586951 1.74088 
1.0459 0.158622 -0.0622637 1.83239 
0.95347 0.356066 0.00907828 1.756 
1.05338 0.109476 -0.00351521 1.8446 
1.05261 0.114027 0.000912937 1.84372 
1.05321 0.106995 0.00356833 1.84474 
1.05212 0.110043 0.000722428 1.84307 
0.990925 0.26939 0.0595302 1.80259 
0.916939 0.334743 0.141025 1.72719 
0.91514 0.33499 0.146143 1.72516 
0.919252 0.350754 0.144025 1.73871 
0.916123 0.342282 0.143009 1.72917 
0.959251 0.322594 0.012276 1.74691 
0.968281 0.318537 0.0364897 1.75304 
0.95351 0.293547 0.0150329 1.75715 
0.960218 0.310363 0.0210048 1.75417 
1.05412 0.10414 -0.0104175 1.84448 
1.0545 0.0952217 -0.00761887 1.84594 
1.05444 0.0983676 -0.0115822 1.84582 
1.05389 0.0988547 -0.0101481 1.84437 
0.985065 0.289631 0.00909486 1.79831 
0.896988 0.262115 0.101646 1.66214 
0.895493 0.234322 0.0852535 1.64749 
0.891487 0.264176 0.104735 1.65511 
0.894353 0.254637 0.0963791 1.65664 
0.942443 0.0152558 0.0147937 1.81885 
0.999279 0.249918 0.0376898 1.81557 
0.941336 0.252714 0.21984 1.74165 
1.00286 0.237482 0.047664 1.82076 
1.0498 0.137912 0.0120354 1.83879 
1.04978 0.136628 0.0114328 1.83896 
1.03426 0.185903 0.00183832 1.8357 
1.05227 0.110389 -0.0328826 1.84333 
1.04753 0.138651 0.0119175 1.83703 
1.0519 0.140676 -0.0141544 1.83989 
1.05131 0.115086 -0.0358794 1.84166 
1.00179 0.239742 0.0441246 1.81927 
1.0492 0.141521 0.0090053 1.83801 
1.04895 0.137975 0.0147409 1.83767 
1.04912 0.135816 0.0167498 1.83787 
1.04911 0.137129 0.0136099 1.83781 
1.04918 0.137052 0.0147859 1.83802 
1.00455 0.234293 0.0355583 1.82291 
0.90641 0.22159 0.0726982 1.67584 
0.906232 0.203926 0.0621409 1.66483 
0.905152 0.229582 0.081527 1.67104 
0.905905 0.217143 0.0729354 1.66975 
0.999964 0.247698 0.0338252 1.81691 
1.04578 0.172105 -0.029529 1.83456 
1.00009 0.247466 0.0348303 1.81716 
1.05436 0.0905761 -0.00974307 1.84576 
1.05432 0.0876506 -0.0163664 1.84617 
1.05399 0.0957776 -0.0132142 1.84504 
1.0547 0.0913948 -0.0133421 1.84674 
0.987035 0.358666 0.124656 1.74059 
0.985735 0.348557 0.0790742 1.7464 
0.978563 0.387392 0.101187 1.72794 
0.983484 0.365247 0.100473 1.73501 
1.04617 0.174556 -0.0401164 1.83345 
0.945894 0.0314933 0.0356486 1.82126 
0.947835 0.0350519 0.0385437 1.8218 
0.939925 0.0303536 0.0289271 1.82038 
1.01819 0.088348 0.0624177 1.83235 
1.00237 0.238797 0.0418532 1.82109 
0.960824 0.352085 0.00315581 1.76755 
0.999612 0.243758 0.0440077 1.81658 
1.05104 0.103039 0.0338469 1.83944 
1.04433 0.184287 -0.035407 1.82919 
1.04999 0.12704 0.0326932 1.83838 
1.05055 0.120086 0.0292788 1.84046 
1.05039 0.124989 0.0270784 1.839 
1.05069 0.123796 0.0295344 1.83954 
0.987594 0.325472 0.0784945 1.755 
0.994037 0.329783 0.121498 1.74632 
0.995194 0.29772 0.0997315 1.76794 
0.99568 0.318345 0.0981392 1.76211 
0.916846 0.37061 0.0542192 1.71306 
1.00003 0.247485 0.0349935 1.81704 
0.999847 0.247715 0.0347058 1.81662 
1.05076 0.152983 0.016135 1.83708 
1.01196 0.142295 -0.0836078 1.80828 
0.998516 0.25262 0.0310981 1.81564 
0.989611 0.255318 0.076291 1.80032 
1.05227 0.103287 0.0648498 1.8415 
1.05275 0.100373 0.0497201 1.84293 
1.05162 0.11053 0.0515923 1.8408 
1.05138 0.104632 0.0549762 1.83975 
1.0524 0.126839 -0.00772814 1.84105 
1.04958 0.108279 0.0457377 1.83807 
1.00689 0.163123 -0.112022 1.79977 
0.922585 0.36396 0.0271033 1.71992 
0.931666 0.188229 0.341982 1.71174 
0.920895 0.193973 0.294894 1.7266 
0.918567 0.224535 0.319631 1.70742 
0.926722 0.202426 0.321302 1.71905 
0.968713 0.0270227 0.100356 1.82156 
0.970051 0.0264838 0.0891917 1.82279 
0.962341 0.0315601 0.0868154 1.82194 
0.966403 0.028671 0.0917519 1.82099 
0.99433 0.207505 -0.108712 1.78933 
0.946249 0.0395565 0.0393769 1.82158 
0.978277 0.292815 0.0525344 1.78958 
1.0106 0.200419 0.01744 1.83492 
0.969445 0.366837 0.0653972 1.76755 
0.998877 0.250774 0.0385771 1.81564 
0.978688 0.290076 0.0373583 1.78995 
0.968519 0.303133 0.0437981 1.75988 
0.960188 0.270598 0.033603 1.76864 
0.953701 0.283498 0.0195935 1.76187 
0.958868 0.284855 0.0309232 1.76214 
0.974781 0.0223136 0.0929553 1.82258 
0.973237 0.0212596 0.105743 1.82129 
0.981228 0.013207 0.103883 1.82347 
0.976894 0.0187419 0.101024 1.82291 
0.986965 0.28675 0.00256364 1.80097 
0.957988 0.2888 -0.0332991 1.77074 
0.955958 0.295856 -0.0310333 1.76718 
0.940921 0.0228069 0.024502 1.82015 
0.903796 0.270361 0.108584 1.67699 
0.904501 0.281027 0.114201 1.69205 
0.903609 0.257286 0.0939366 1.67719 
0.903579 0.269581 0.104234 1.68195 
0.967251 0.267022 0.0483393 1.77134 
0.977421 0.305276 0.0603983 1.76074 
0.988587 0.282876 0.0821079 1.7718 
0.978295 0.283722 0.0650157 1.77042 
1.00079 0.226942 0.0488713 1.82161 
1.04144 0.181004 0.0248659 1.84005 
0.945308 0.0141928 0.0147018 1.82026 
1.05109 0.168335 0.0242532 1.84033 
1.00323 0.236358 0.0408124 1.82121 
0.983165 0.212102 -0.0461647 1.80567 
0.997239 0.235478 0.0770714 1.81285 
0.976857 0.350912 -0.0903264 1.72502 
0.974609 0.364175 -0.0790631 1.73459 
0.977277 0.354925 -0.094988 1.73728 
0.976228 0.360143 -0.0877226 1.73225 
0.985137 0.290263 -0.0192173 1.79951 
0.939912 0.0243118 0.0238735 1.81931 
1.03548 0.176114 0.0691302 1.82162 
0.90843 0.207208 0.276025 1.73138 
0.894312 0.223948 0.254468 1.71846 
0.908839 0.234212 0.297746 1.71328 
0.901668 0.224239 0.277093 1.72067 
0.988206 0.208515 0.152542 1.83128 
1.00264 0.239818 0.0306558 1.82008 
0.995953 0.268174 0.0380601 1.81022 
0.960713 0.259499 -0.0333247 1.77616 
0.959905 0.268568 -0.0339844 1.77402 
0.95917 0.262782 -0.0350632 1.77418 
1.00025 0.247003 0.0390893 1.81733 
1.05525 0.0664252 0.0129474 1.84824 
1.05587 0.0479554 0.0205747 1.85013 
1.0556 0.0509114 0.00669541 1.8494 
1.05503 0.0551229 0.0131246 1.84793 
0.940517 0.018978 0.0184838 1.81969 
1.04359 0.187028 0.062249 1.82811 
1.00273 0.238465 0.0319957 1.82003 
0.992206 0.322555 0.158761 1.79732 
1.04947 0.143083 -0.0363206 1.83751 
0.999787 0.247539 0.0345076 1.81647 
0.941155 0.0205019 0.0284695 1.82027 
0.992313 0.262356 -0.0174322 1.813 
0.961971 0.383432 -0.0355397 1.70187 
0.972309 0.394766 -0.0250879 1.72378 
0.973022 0.388385 -0.0426566 1.72444 
0.969577 0.389894 -0.0353767 1.71728 
1.00265 0.241548 0.0314545 1.82 
1.05366 0.130651 0.0504345 1.83811 
0.899901 0.301689 0.155717 1.6777 
0.9473 0.0354448 0.0432481 1.82185 
0.948781 0.0379908 0.0422305 1.82166 
0.945478 0.0328085 0.0378397 1.82107 
0.946911 0.0353004 0.0408838 1.82141 
1.01791 0.0841509 0.0639773 1.83144 
1.04568 0.154073 -0.0563876 1.83247 
0.939271 0.025958 0.0311319 1.81889 
1.05466 0.152969 0.0521484 1.83768 
0.974534 0.388223 -0.02474 1.73043 
0.972339 0.363466 -0.03608 1.73931 
0.974933 0.385014 -0.0429939 1.73016 
0.975802 0.381737 -0.0347572 1.73507 
0.999161 0.250691 0.0400428 1.81538 
1.05501 0.142551 0.0480254 1.83944 
1.00578 0.215619 0.0284789 1.82864 
0.999823 0.247691 0.0343918 1.81665 
0.998931 0.254688 0.0274441 1.81727 
0.924685 0.356263 0.0172523 1.72552 
0.99991 0.248998 0.0406157 1.81692 
1.04536 0.157328 -0.0579822 1.83201 
1.00606 0.256346 0.170343 1.77467 
0.995505 0.310839 0.173386 1.74349 
0.997605 0.268803 0.222542 1.75041 
1.00732 0.279643 0.18938 1.76898 
0.932064 0.346453 0.00572905 1.73526 
0.94761 -0.000703891 0.0102241 1.81799 
0.891498 0.252339 0.112022 1.6402 
0.999601 0.249858 0.0332033 1.81612 
1.03103 0.16798 -0.0485991 1.82005 
0.944046 0.0166453 0.0186894 1.81933 
1.0105 0.133849 -0.0843568 1.80551 
1.05468 0.106248 -0.0135729 1.84559 
1.05465 0.102473 -0.0129893 1.84623 
1.04603 0.180776 -0.0119295 1.83815 
0.94988 0.307185 -0.0261769 1.75959 
0.965596 0.310898 -0.0812371 1.75313 
0.974979 0.39075 -0.00262889 1.73076 
0.976331 0.391429 0.0223115 1.731 
0.971857 0.358099 0.00667422 1.74035 
0.977218 0.382855 0.00947214 1.73743 
0.9735 0.339508 0.0820265 1.76683 
1.05036 0.119634 0.0258681 1.84062 
1.0503 0.124853 0.0202743 1.84014 
1.05016 0.12462 0.0250315 1.83933 
1.05043 0.122847 0.023902 1.84029 
0.998121 0.25389 0.0335912 1.81484 
0.940253 0.32547 -0.0107625 1.74732 
0.94634 0.314915 -0.0237525 1.75537 
1.00034 0.245244 0.0378582 1.81769 
1.00049 0.246135 0.0356024 1.81759 
0.999994 0.24764 0.0341677 1.81697 
0.978639 0.351416 0.0544302 1.7801 
0.959234 0.306524 -0.0262663 1.77031 
0.978337 0.333251 0.0930097 1.77663 
1.00034 0.24655 0.0346714 1.81754 
0.956446 0.365677 0.0197267 1.75816 
1.00416 0.230996 0.0221068 1.82493 
0.995736 0.262319 0.0387907 1.81069 
0.984477 0.286634 0.0223378 1.79795 
0.967453 0.351327 -0.0263507 1.74063 
0.975847 0.382891 -0.0139781 1.73596 
0.966964 0.348035 -0.00500107 1.74198 
0.971208 0.360978 -0.0152694 1.73954 
0.909272 0.148723 0.1554 1.71512 
0.910935 0.13805 0.119648 1.69684 
0.897365 0.182976 0.191614 1.70444 
0.905753 0.154845 0.153711 1.70095 
0.9829 0.354887 0.0615485 1.74353 
0.977494 0.391629 0.0512479 1.72914 
0.978136 0.391874 0.0829199 1.72973 
0.981921 0.381235 0.0658411 1.73765 
0.899536 0.22949 0.345022 1.63755 
0.925026 0.195161 0.361309 1.69496 
0.917683 0.238409 0.33731 1.69458 
0.917205 0.224811 0.354037 1.68153 
1.00022 0.246796 0.0356911 1.81746 
0.919998 0.150157 0.0505803 1.69095 
0.919205 0.135221 0.0519619 1.69273 
0.919001 0.126017 0.037189 1.68941 
0.920079 0.136733 0.0448114 1.69091 
0.955806 0.31189 -0.0233736 1.76393 
1.05345 0.0952033 0.0280719 1.84399 
1.05302 0.0938943 0.038591 1.84321 
1.05381 0.0841033 0.0335492 1.84491 
1.05406 0.0911632 0.0334925 1.84558 
1.00003 0.247533 0.0349022 1.81706 
0.909712 0.221129 0.0788568 1.68035 
0.911794 0.229952 0.0837095 1.69195 
0.913421 0.198634 0.0659317 1.68374 
0.912201 0.216475 0.0764537 1.68613 
0.998089 0.256566 0.0420954 1.81356 
1.05329 0.121198 0.0450563 1.83811 
0.978461 0.339653 0.0182686 1.78253 
0.999563 0.250059 0.0326732 1.81643 
1.04936 0.139337 0.0113824 1.83821 
0.890985 0.237275 0.25375 1.71264 
0.896331 0.279238 0.278159 1.7033 
0.905785 0.253949 0.301346 1.70819 
0.896155 0.258045 0.280104 1.70934 
0.986544 0.278591 0.061449 1.80233 
0.962983 0.36162 0.163832 1.77209 
1.01739 0.220488 -0.00422391 1.82891 
1.00956 0.125553 -0.0759228 1.80838 
0.99925 0.238873 0.0646983 1.81369 
0.989622 0.241528 -0.110357 1.77525 
0.985036 0.256717 -0.108287 1.76907 
0.98841 0.312574 0.111559 1.78696 
0.996954 0.259188 0.0355305 1.81256 
1.04264 0.189964 0.0590103 1.83602 
0.947176 0.302728 -0.0185469 1.7494 
0.956528 0.329282 -0.0268685 1.74488 
0.954872 0.32534 -0.00761731 1.74503 
0.950899 0.317575 -0.017147 1.74593 
1.00365 0.236449 0.0374002 1.82164 
0.970168 0.356846 -0.0458673 1.74061 
0.97564 0.366601 -0.0621779 1.74002 
0.976898 0.380907 -0.0512343 1.73477 
0.975277 0.369734 -0.0534009 1.73958 
0.947319 0.294751 -0.0110604 1.75373 
0.951745 0.313721 0.000927679 1.74845 
0.949162 0.289232 0.00511709 1.75743 
0.946932 0.297516 -0.00185692 1.7509 
0.904376 0.280464 0.121283 1.68155 
0.901033 0.283856 0.12703 1.68194 
0.90143 0.288299 0.135365 1.67367 
0.955452 0.000643919 0.00173347 1.8216 
0.952004 -0.0437816 0.0191302 1.81686 
0.951725 -0.00549524 0.00744423 1.82175 
0.946923 -0.0249981 0.0242554 1.81124 
0.956125 -0.0433636 0.0299077 1.81408 
0.960768 -0.0378264 0.0313649 1.81475 
0.896577 -0.0104821 0.0992056 1.81151 
0.929792 -0.0274094 0.0612416 1.80852 
0.877912 0.0352698 0.2776 1.6978 
0.877757 0.0313647 0.18857 1.73288 
0.878255 0.0474327 0.269524 1.6946 
0.881266 0.0657411 0.250261 1.69988 
0.883565 0.0961038 0.236266 1.7064 
0.888133 0.144747 0.244295 1.72004 
0.891 0.250281 0.279134 1.67228 
0.897582 0.220807 0.260224 1.70643 
0.89269 0.255652 0.275795 1.67294 
0.877091 0.269593 0.197416 1.63003 
0.899444 0.264098 0.239056 1.68386 
0.875458 0.265942 0.182567 1.62256 
0.878301 0.246875 0.131515 1.62412 
1.01334 0.1228 -0.0622657 1.80867 
1.05086 0.159177 -0.0609882 1.83254 
0.998241 0.252545 0.0363159 1.81433 
0.997887 0.254336 0.035327 1.81417 
0.982048 0.284479 0.0320864 1.79628 
0.999659 0.238298 0.00488593 1.81872 
0.993604 0.239735 -0.00620594 1.8131 
0.994033 0.260756 0.0176866 1.81191 
0.996182 0.260831 0.000929318 1.81879 
1.0043 0.191349 0.0900512 1.82545 
1.02513 0.195824 0.070365 1.82568 
1.00799 0.22786 0.0867309 1.82458 
1.01595 0.205826 0.0628916 1.82685 
0.991456 0.280124 0.104473 1.79193 
1.00892 0.231793 0.00940039 1.81609 
0.947299 0.0749614 0.0625028 1.81847 
1.03293 0.189316 -0.0309186 1.82078 
1.03017 0.202813 -0.0172473 1.82232 
0.962821 0.25959 -0.0707147 1.77087 
0.938899 0.020229 0.0348225 1.81563 
0.916828 0.332499 0.150949 1.72122 
0.911476 0.311017 0.14292 1.7087 
0.995112 0.265205 -0.00627208 1.81567 
1.00465 0.144545 -0.0619216 1.80943 
0.99932 0.25137 0.0348804 1.81593 
1.04003 0.169597 -0.0553664 1.82927 
1.01643 0.21308 -0.00988082 1.81481 
