1.00011 0.247469 0.0347108 1.81723 
0.996651 0.25464 0.0637171 1.81186 
0.998489 0.248461 0.0599617 1.81525 
0.997933 0.25713 0.0523598 1.81505 
0.997459 0.250421 0.0544974 1.81285 
0.999026 0.248323 0.0532092 1.81568 
1.00417 0.231871 0.0495019 1.82471 
0.999824 0.24609 0.0476817 1.81559 
1.00528 0.226799 0.0350784 1.82538 
1.00247 0.235209 0.0450123 1.82114 
1.00481 0.233816 0.0271077 1.8255 
1.00328 0.235508 0.039635 1.82225 
1.00207 0.2412 0.0374661 1.82075 
1.00651 0.225768 0.0259326 1.82856 
1.01013 0.212835 0.0334821 1.83434 
1.00527 0.229171 0.0430655 1.8257 
1.00724 0.222229 0.0405347 1.82891 
1.00782 0.219097 0.0355401 1.82959 
1.00809 0.219196 0.0298064 1.83048 
1.00954 0.2133 0.0287383 1.8331 
1.00712 0.220579 0.0448413 1.82774 
1.00954 0.212278 0.0434641 1.83259 
1.00756 0.222425 0.0492585 1.8289 
1.00561 0.226282 0.0401182 1.82598 
1.0052 0.228372 0.0472881 1.8252 
1.00626 0.225232 0.0583497 1.82695 
1.00232 0.239313 0.0507334 1.82088 
1.00624 0.227046 0.055452 1.8273 
1.0028 0.235431 0.0612497 1.82298 
1.00226 0.241032 0.0399001 1.82126 
1.00333 0.232804 0.0421374 1.82213 
1.00191 0.238175 0.0444536 1.82048 
1.01582 0.151175 0.104664 1.8435 
1.00643 0.171929 0.163547 1.82951 
1.01184 0.175528 0.126947 1.83776 
0.99999 0.242512 0.0673739 1.81789 
1.00291 0.242682 0.026186 1.82276 
1.00726 0.231285 -0.011426 1.83112 
1.00378 0.242307 0.00445678 1.82605 
1.00201 0.244207 0.00531598 1.82276 
1.00299 0.244814 0.0122424 1.82421 
1.00063 0.2451 0.0163847 1.81932 
0.999357 0.237792 0.00557501 1.81688 
1.00203 0.23672 -0.00576382 1.82258 
1.00196 0.242914 0.0318488 1.8206 
1.00229 0.245654 0.0284788 1.82196 
1.00392 0.236984 0.0292459 1.82397 
1.00453 0.234515 0.0225182 1.82506 
1.00555 0.230946 0.0333723 1.8265 
1.01647 0.17796 0.00602662 1.84419 
1.01559 0.180924 0.00680499 1.84293 
1.01707 0.177763 0.000789108 1.84524 
1.0161 0.180867 0.00386291 1.84391 
1.01601 0.183044 0.00228954 1.8437 
1.01831 0.168635 0.00529424 1.84713 
1.01727 0.172215 0.0112329 1.8456 
1.01759 0.170628 0.0133728 1.84547 
1.01831 0.170064 0.0153333 1.84696 
1.01763 0.172821 0.0135119 1.84569 
1.01725 0.17206 0.0125106 1.84541 
1.01761 0.172236 0.00736801 1.84614 
1.01666 0.175685 0.0080078 1.8444 
1.01632 0.176493 0.00867044 1.84439 
1.01609 0.178899 0.00701612 1.84394 
1.01601 0.178182 0.00988361 1.84354 
1.01578 0.181501 0.00788455 1.84345 
1.01709 0.174532 0.00579812 1.845 
1.01567 0.181946 0.00554416 1.84311 
1.0154 0.183499 0.00776409 1.84275 
1.01743 0.181117 -0.00129963 1.8462 
1.0156 0.184063 0.00535159 1.84321 
1.01577 0.18895 0.000808039 1.84394 
1.01629 0.186634 -0.0016461 1.84395 
1.01486 0.193118 0.000410583 1.8424 
1.015 0.191949 -0.00647407 1.84333 
1.01364 0.202283 -0.0045517 1.84142 
1.01558 0.186079 -0.0183859 1.84358 
1.0134 0.202577 -0.00843719 1.8406 
1.0154 0.189531 -0.0403031 1.84353 
1.01735 0.175102 -0.0502887 1.84772 
1.0175 0.173759 -0.0441116 1.84768 
1.02002 0.159553 -0.0410428 1.85231 
1.01891 0.171747 -0.0311486 1.84973 
1.01652 0.183385 -0.0409744 1.84508 
1.01665 0.179505 -0.0250618 1.84487 
1.01813 0.174985 -0.0354279 1.8481 
1.01829 0.173353 -0.0262821 1.84798 
1.01845 0.166005 -0.0326862 1.84818 
1.01949 0.166025 -0.0382071 1.85104 
1.02205 0.145299 -0.0333964 1.85566 
1.0188 0.169702 -0.0213309 1.84838 
1.02055 0.164992 -0.0117413 1.85163 
1.02052 0.158481 -0.00807034 1.85103 
1.01816 0.171393 -6.60957e-05 1.8468 
1.01403 0.197349 -0.011456 1.84167 
1.01839 0.174862 -0.0129675 1.84701 
1.01603 0.186377 -0.00505978 1.84322 
1.01122 0.210808 -0.0314229 1.83725 
1.01736 0.180203 -0.0346118 1.84654 
1.0145 0.20291 -0.0253081 1.84298 
1.01537 0.194988 -0.0238112 1.84293 
1.0162 0.189313 -0.0277793 1.84422 
1.01718 0.179986 -0.0206172 1.84639 
1.01595 0.182278 -0.0282491 1.84322 
1.01668 0.180214 -0.00480493 1.84397 
1.01688 0.180644 -0.0112533 1.84456 
1.01546 0.185805 -0.0139565 1.84333 
1.0181 0.174182 -0.0174546 1.84671 
1.01879 0.170876 -0.0102516 1.84768 
1.01383 0.204255 -0.015322 1.84137 
1.01859 0.164345 -0.0221391 1.8477 
1.01703 0.17238 0.0119311 1.84511 
1.01818 0.169022 0.00993884 1.84694 
1.0188 0.16445 0.0180218 1.84712 
1.01722 0.178882 0.022913 1.84541 
1.01749 0.170736 0.0279128 1.84484 
1.01634 0.180071 0.0270659 1.84355 
1.01455 0.190423 0.0294262 1.84103 
1.0135 0.196779 0.0262567 1.83937 
1.01439 0.195701 0.0195479 1.84144 
1.01099 0.210522 0.0240072 1.83594 
1.01458 0.19679 0.0082777 1.84194 
1.01613 0.18217 0.0109917 1.84406 
1.01584 0.175768 0.00896505 1.84319 
1.01591 0.182886 0.0122964 1.84318 
1.01651 0.180781 0.0142513 1.84393 
1.01683 0.181667 0.0185746 1.84457 
1.01635 0.184785 0.0182014 1.84388 
1.01666 0.182171 0.0211693 1.8443 
1.0175 0.174156 0.0208931 1.84517 
1.01779 0.173825 0.0174854 1.84612 
1.01854 0.163678 0.0153543 1.84744 
1.01698 0.184867 0.0274742 1.84526 
1.01566 0.192374 0.0231491 1.84384 
1.01636 0.184486 0.0161565 1.84385 
1.01429 0.187276 0.0108329 1.84078 
1.01431 0.188772 0.0106202 1.8409 
1.01428 0.190343 0.0105391 1.84089 
1.01463 0.187714 0.0102546 1.84153 
1.01441 0.186889 0.0106613 1.84097 
1.01411 0.193994 0.0501162 1.84007 
1.01253 0.200217 0.0514044 1.83735 
1.01294 0.196888 0.0432869 1.83802 
1.01209 0.205744 0.0296754 1.83725 
1.01185 0.204144 0.0407867 1.83668 
1.01108 0.208812 0.0343103 1.83585 
1.01598 0.18384 0.0353208 1.84308 
1.01587 0.18697 0.0156258 1.84318 
1.01576 0.187897 0.0199556 1.84347 
1.01541 0.19035 0.0188061 1.84309 
1.01624 0.186229 0.0137853 1.84406 
1.01477 0.193404 0.01521 1.84204 
1.01534 0.187299 0.0130828 1.84232 
1.01516 0.188945 0.0121756 1.84265 
1.01452 0.182932 0.00927152 1.841 
1.01688 0.173261 0.0102537 1.84461 
1.01521 0.179081 0.00952788 1.84194 
1.0153 0.183312 0.0105998 1.84226 
1.01513 0.177686 0.00800795 1.84208 
1.0145 0.170172 0.0027714 1.8402 
1.01509 0.174824 0.00680043 1.84178 
1.01509 0.17661 0.00840319 1.84172 
1.01523 0.179021 0.00898808 1.84211 
1.01479 0.175678 0.00602467 1.8413 
1.0183 0.157227 0.0064701 1.84713 
1.01694 0.164435 0.00875924 1.84491 
1.01659 0.172893 0.0120005 1.84377 
1.01772 0.169106 0.0147343 1.84596 
1.017 0.177721 0.0167661 1.84457 
1.01588 0.157389 -0.00173752 1.8428 
1.01576 0.168403 0.00623516 1.84281 
1.01558 0.168207 0.00451279 1.8425 
1.01588 0.166176 0.00545043 1.84286 
1.01451 0.179841 0.00754306 1.84086 
1.00951 0.215923 0.03663 1.83303 
1.01179 0.205801 0.0147784 1.83718 
1.01434 0.1924 0.0362085 1.84061 
1.01398 0.19708 0.0298212 1.84033 
1.01233 0.206418 0.0243729 1.83777 
1.01288 0.201721 0.0218491 1.83867 
1.01446 0.192988 0.0256671 1.84104 
1.01285 0.200715 0.0472736 1.83821 
1.01386 0.197068 0.0523442 1.8398 
1.01436 0.190917 0.0526464 1.84034 
1.0146 0.191282 0.056447 1.84108 
1.01155 0.202871 0.0543443 1.83634 
1.00598 0.221426 0.0724258 1.82626 
1.01155 0.199643 0.0640431 1.83599 
1.01253 0.198439 0.0578219 1.83821 
1.01418 0.193565 0.0575126 1.84031 
1.01316 0.187865 0.0632209 1.83856 
1.01454 0.170489 0.0626008 1.83966 
1.01264 0.171429 0.071775 1.83607 
1.0272 0.0996216 0.0262101 1.88455 
1.01336 0.188538 0.0692538 1.83814 
1.0162 0.180059 0.060251 1.84501 
1.01437 0.185651 0.0736352 1.84067 
1.01705 0.14428 0.0271308 1.85398 
1.01289 0.18541 0.0645348 1.83823 
1.01418 0.178343 0.0701082 1.84007 
1.01376 0.188408 0.0629023 1.83997 
1.0142 0.185553 0.0604515 1.8406 
1.01424 0.187788 0.0642064 1.84052 
1.00594 0.171231 0.0628528 1.82563 
0.997389 0.255284 0.0700247 1.81399 
0.99807 0.248233 0.0725053 1.8161 
0.995198 0.260911 0.0576003 1.80901 
1.00287 0.231304 0.0676313 1.82341 
1.00058 0.239137 0.0731249 1.81829 
1.00242 0.235294 0.0658253 1.82239 
1.00001 0.242848 0.0618052 1.81781 
1.00108 0.240302 0.0588673 1.8195 
1.00161 0.233394 0.0721058 1.82064 
1.00037 0.247159 0.0337939 1.81768 
1.00012 0.247639 0.0342551 1.81735 
1.00012 0.247548 0.0339589 1.81735 
1.00012 0.247736 0.034673 1.81731 
1.01319 0.187383 -0.074159 1.84234 
1.00924 0.199971 -0.0684288 1.83681 
1.01826 0.150263 -0.0545932 1.84903 
1.00989 0.211113 -0.0484673 1.83565 
1.00871 0.216351 -0.054853 1.83397 
1.00604 0.220033 -0.0513805 1.82812 
1.0085 0.209807 -0.0626608 1.8343 
1.01036 0.205325 -0.0588618 1.83691 
1.0118 0.194946 -0.0615742 1.8382 
1.01481 0.19354 -0.0570934 1.84467 
1.01109 0.21256 -0.00395456 1.83635 
1.01248 0.211274 -0.00924373 1.83885 
1.0124 0.203597 0.00180106 1.83862 
1.01435 0.201186 0.0151126 1.84174 
1.01335 0.20164 0.0122382 1.83928 
1.01348 0.20158 0.00358702 1.83978 
1.01437 0.193329 0.00862195 1.8412 
1.01422 0.195299 0.00968828 1.84097 
1.01451 0.195939 0.00689884 1.8417 
1.01453 0.192737 0.0106734 1.84166 
1.0117 0.213592 -0.0191494 1.83755 
1.01109 0.21561 -0.0134019 1.83659 
1.01335 0.207068 -0.0206483 1.84078 
1.01318 0.205952 -0.0108003 1.83962 
1.00601 0.238044 0.00888843 1.82973 
1.00512 0.236818 -0.00411183 1.8277 
1.00405 0.240299 -0.00562404 1.82625 
1.00855 0.225537 -0.0139941 1.83294 
1.00572 0.235705 -0.0134156 1.82871 
1.00645 0.235083 -0.018584 1.83054 
1.00646 0.22974 0.00316092 1.82829 
1.01009 0.218773 -0.0017348 1.83532 
1.00924 0.219978 0.00340884 1.8334 
1.01477 0.188863 0.0226304 1.84134 
1.01437 0.193052 0.0203926 1.84096 
1.01552 0.190144 0.0171007 1.84332 
1.01354 0.198364 0.0143753 1.83958 
1.015 0.189451 0.0137194 1.84217 
1.00637 0.231755 0.014986 1.82826 
1.00288 0.243977 0.0149887 1.82356 
1.00091 0.244685 0.0104269 1.82021 
1.00497 0.236661 0.0128637 1.82665 
0.995986 0.229622 0.00372143 1.80814 
0.994316 0.235685 -0.0149304 1.80527 
0.990981 0.256422 -0.0115408 1.79944 
0.991319 0.253253 -0.0167617 1.79931 
0.994218 0.24903 -0.00772218 1.80569 
0.994673 0.249827 0.00100477 1.80604 
0.99427 0.255643 0.00345648 1.80617 
0.986854 0.271183 -0.0132079 1.7932 
0.988683 0.265108 -0.00506846 1.79641 
0.98769 0.271419 -0.00284651 1.79486 
0.991838 0.191905 -0.0310245 1.79845 
0.991875 0.205757 -0.0267623 1.79866 
0.992157 0.211281 -0.0185417 1.79911 
0.996087 0.2235 -0.000981658 1.80848 
0.992128 0.224894 -0.0189054 1.79939 
0.992552 0.224938 -0.0262945 1.80043 
0.991506 0.21844 -0.0345339 1.79809 
0.977088 0.184412 -0.0871665 1.76994 
0.986353 0.219627 -0.05269 1.78874 
0.985631 0.191134 -0.0570107 1.78608 
0.987844 0.211393 -0.0501696 1.79082 
0.974004 0.211454 -0.0829424 1.76587 
0.976354 0.210549 -0.0775989 1.76929 
0.98507 0.216667 -0.0647433 1.78747 
0.98217 0.229651 -0.0630753 1.78223 
0.978763 0.227872 -0.0707272 1.77581 
0.985104 0.19959 -0.0604783 1.78628 
0.969222 0.276357 -0.0481012 1.76265 
0.984091 0.270681 -0.0264244 1.78932 
0.981488 0.264853 -0.0388094 1.78302 
0.983288 0.260083 -0.0406746 1.78629 
0.978354 0.253097 -0.0604221 1.77694 
0.983685 0.256902 -0.0370773 1.78676 
0.981808 0.255107 -0.0461386 1.78287 
0.979679 0.255788 -0.0503549 1.77933 
0.986231 0.240558 -0.0493186 1.79087 
0.987047 0.246316 -0.0364377 1.79225 
0.983225 0.274597 -0.0252071 1.78876 
0.981462 0.273762 -0.0259026 1.7844 
0.983996 0.266275 -0.0310983 1.78912 
1.01056 0.19986 -0.0630541 1.837 
1.01363 0.196102 -0.052871 1.84159 
1.01186 0.202264 -0.050115 1.83838 
1.01374 0.187407 -0.0581987 1.84136 
1.01479 0.192139 -0.0499545 1.84371 
1.01555 0.192366 -0.0336686 1.84334 
1.00836 0.225913 -0.0341172 1.83307 
1.00855 0.21947 -0.0429223 1.83326 
1.00847 0.215342 -0.0500965 1.83298 
1.01007 0.213426 -0.0426967 1.83553 
1.00969 0.220219 -0.0341902 1.83475 
1.00209 0.235333 -0.0172135 1.82183 
1.00424 0.213489 -0.0537533 1.82553 
1.00211 0.214664 -0.0432129 1.82143 
0.99929 0.212111 -0.0334995 1.81568 
0.996777 0.195959 -0.0315142 1.80896 
0.994043 0.169787 -0.0404257 1.80283 
0.9993 0.192348 -0.051196 1.81498 
0.994452 0.191073 -0.035222 1.80346 
0.994864 0.185477 -0.0290181 1.8047 
0.988683 0.154771 -0.0408553 1.79 
0.99022 0.155321 -0.0477308 1.79374 
0.983261 0.140604 -0.0711146 1.77911 
0.999583 0.204376 -0.0503724 1.81542 
0.99941 0.206231 -0.0423869 1.81543 
0.987654 0.140285 -0.0518575 1.78778 
1.01064 0.217264 -0.02149 1.83552 
1.00772 0.229422 -0.0221661 1.83101 
1.00832 0.203249 -0.0682889 1.83352 
1.01027 0.205715 -0.0521706 1.83588 
1.00879 0.210701 -0.0598267 1.834 
1.00079 0.245849 0.0199462 1.81938 
0.997235 0.241043 0.022826 1.81067 
1.00132 0.245355 0.0131391 1.82092 
0.999424 0.242431 0.0164557 1.81679 
0.999723 0.242285 0.0111493 1.81755 
1.00006 0.23337 -0.00241568 1.81836 
0.993853 0.23834 -0.00520897 1.80419 
0.993128 0.219762 -0.01264 1.80139 
0.994532 0.235497 0.00119148 1.80478 
0.997883 0.238407 0.0173252 1.81292 
0.998285 0.241653 0.0238619 1.81342 
0.996853 0.24016 0.0170953 1.80983 
0.995428 0.238569 0.00608038 1.80663 
0.990711 0.215636 -0.0293034 1.79586 
0.996052 0.224227 -0.00271147 1.80822 
0.99446 0.214259 -0.0110472 1.80445 
0.996369 0.219854 -0.00429116 1.80914 
0.992326 0.253648 -0.00658667 1.80192 
0.992585 0.232595 -0.00986993 1.80106 
0.993579 0.246288 -0.00461773 1.80363 
0.997313 0.237079 0.0151539 1.81171 
0.997048 0.238188 0.0129514 1.8105 
0.997595 0.243002 0.0256199 1.81138 
0.997392 0.245086 0.0227827 1.81096 
0.995073 0.255597 0.0158383 1.80637 
0.996654 0.244022 0.016597 1.8092 
0.996659 0.248894 0.0232752 1.80918 
0.992161 0.256759 -0.00144407 1.80223 
1.00442 0.239106 -0.0102357 1.82711 
1.00277 0.239014 -0.00965295 1.82424 
1.00218 0.242787 0.00027673 1.82317 
0.999295 0.238184 0.00082895 1.81671 
0.994348 0.22366 -0.00812653 1.80444 
0.996919 0.230422 0.00507774 1.81075 
0.996881 0.231513 0.00892834 1.81058 
0.999183 0.227492 -0.00527173 1.81556 
1.00444 0.237874 -0.018725 1.82738 
1.00171 0.237379 -0.0113426 1.82131 
1.00059 0.23458 -0.00558924 1.81854 
0.99841 0.223019 -0.0101357 1.81363 
1.00242 0.225328 -0.0306532 1.82158 
1.0002 0.226153 -0.0227454 1.81758 
1.00491 0.230955 -0.0314866 1.82695 
0.999836 0.228953 -0.0167005 1.81666 
0.996729 0.213347 -0.0117602 1.81022 
0.994314 0.204876 -0.0127236 1.80446 
0.99424 0.194067 -0.0176849 1.804 
0.994458 0.18731 -0.0247943 1.80427 
1.0054 0.234346 0.00419155 1.82784 
1.00412 0.242647 0.00880101 1.82619 
1.0048 0.237822 0.000471789 1.82747 
0.996797 0.209014 -0.0170896 1.8103 
1.00385 0.240077 0.0158823 1.8251 
1.0076 0.228408 -0.00332166 1.83114 
1.0063 0.232191 -0.00620575 1.8291 
1.00986 0.221571 -0.0114113 1.83538 
1.00853 0.222928 -0.00549706 1.83245 
1.00458 0.230041 0.0286597 1.82438 
1.00322 0.238673 0.0205593 1.82321 
0.999843 0.24738 0.0346215 1.81656 
0.999726 0.247627 0.0343518 1.81629 
0.999754 0.247357 0.0341155 1.81639 
1.00166 0.247411 0.0255475 1.82111 
1.00087 0.246052 0.032279 1.81854 
1.00123 0.247804 0.030202 1.8199 
1.00064 0.247752 0.0325255 1.81831 
0.999715 0.24722 0.0338773 1.81636 
0.999424 0.247009 0.0327888 1.81574 
0.999026 0.246045 0.0301522 1.815 
0.999645 0.248225 0.0337138 1.81613 
0.999002 0.245285 0.0300537 1.81491 
0.999971 0.247519 0.034725 1.81691 
1.0002 0.245241 0.0241132 1.81808 
1.00282 0.245799 0.0184673 1.82371 
1.00035 0.246685 0.0270091 1.81827 
1.00067 0.24716 0.0327813 1.81825 
0.999125 0.246646 0.0321704 1.81509 
1.00055 0.247022 0.0303115 1.81864 
0.999267 0.24998 0.041312 1.8154 
0.990824 0.271947 0.0484395 1.80298 
0.992864 0.264699 0.0603283 1.80415 
0.987712 0.279231 0.0396991 1.79678 
0.99802 0.255477 0.0379129 1.81421 
0.995089 0.254606 0.0212571 1.80588 
0.999608 0.248412 0.035045 1.81614 
0.998199 0.253059 0.0360718 1.8141 
0.997393 0.249116 0.0259648 1.81104 
0.999844 0.24749 0.0345374 1.81656 
0.9998 0.247729 0.0345294 1.81652 
0.999888 0.247839 0.0347 1.81675 
0.999912 0.247654 0.0347527 1.81676 
1.00001 0.247551 0.0349185 1.81699 
0.99411 0.261804 0.0149495 1.80577 
0.997564 0.257621 0.0263261 1.81221 
0.998794 0.250239 0.0326712 1.8149 
0.99822 0.247393 0.0283887 1.81314 
0.998942 0.248732 0.0311383 1.81512 
0.999577 0.248738 0.0345232 1.81604 
0.997592 0.252271 0.0322075 1.81231 
0.99922 0.247918 0.0323389 1.81532 
0.992186 0.26602 0.0358774 1.80254 
0.988574 0.278511 0.0465182 1.7998 
0.989795 0.271315 0.0352582 1.79885 
0.986295 0.285147 0.0352683 1.79411 
0.983913 0.290731 0.0189201 1.78955 
0.977869 0.241917 -0.0679658 1.77506 
0.982771 0.241192 -0.0565161 1.7838 
0.980759 0.250437 -0.0559099 1.78125 
0.983801 0.247952 -0.0442249 1.78622 
0.979021 0.26797 -0.0235768 1.77863 
0.98003 0.269848 -0.0309432 1.78101 
0.98065 0.270871 -0.0261811 1.78237 
0.980548 0.259585 -0.0287081 1.78055 
0.980728 0.261132 -0.0237382 1.78133 
0.979776 0.263403 -0.0280202 1.77963 
0.980661 0.273942 -0.0255525 1.78234 
0.98131 0.258421 -0.0258509 1.78194 
0.977384 0.270235 0.00979784 1.7811 
0.999845 0.247335 0.0345102 1.81658 
0.999722 0.247719 0.0340359 1.81628 
0.997152 0.252883 0.0282779 1.81072 
0.994549 0.206819 -0.0114089 1.80503 
0.996444 0.222548 -0.00318759 1.80932 
0.993178 0.222103 -0.0230192 1.80197 
0.990747 0.200456 -0.0317758 1.79577 
0.99357 0.200945 -0.0159033 1.80283 
0.991697 0.204964 -0.019746 1.79822 
0.987991 0.250895 -0.0313067 1.79422 
0.992905 0.245973 -0.017876 1.80207 
0.984429 0.260467 -0.0331619 1.78913 
0.985725 0.250305 -0.0388633 1.79118 
0.986485 0.258405 -0.0296118 1.79278 
0.99082 0.255136 -0.0209286 1.79896 
0.993437 0.244129 -0.0137735 1.80333 
0.989281 0.262228 -0.0103615 1.79685 
0.986859 0.263608 -0.024384 1.79312 
0.990528 0.248745 -0.0266863 1.79799 
0.989053 0.237786 -0.0406036 1.79591 
0.986879 0.232412 -0.0481399 1.79085 
0.988649 0.216762 -0.0455912 1.79301 
0.992525 0.240514 -0.0280391 1.80116 
0.98977 0.207141 -0.0389435 1.79375 
0.992353 0.237542 -0.0238951 1.80035 
0.979902 0.26712 -0.0416515 1.78118 
0.983678 0.212733 -0.0592324 1.7832 
0.990496 0.230601 -0.0345045 1.79603 
1.00327 0.24263 0.0229758 1.82376 
1.00144 0.247266 0.0280776 1.82039 
1.00256 0.246075 0.021971 1.82265 
0.986262 0.154178 -0.0537876 1.78512 
0.985799 0.175836 -0.0600562 1.78661 
0.990168 0.188448 -0.049771 1.79346 
0.979042 0.186722 -0.0825825 1.7737 
0.983039 0.191237 -0.0729796 1.78128 
0.98166 0.201656 -0.07272 1.77895 
0.984148 0.148897 -0.0641908 1.78141 
0.985342 0.141212 -0.0522401 1.78311 
0.98561 0.135087 -0.0566161 1.78379 
0.984246 0.147283 -0.0566383 1.78085 
0.983728 0.130824 -0.0686105 1.7799 
0.980401 0.14499 -0.0801884 1.77323 
0.981465 0.128478 -0.0893182 1.77548 
0.978518 0.157725 -0.0880475 1.77108 
0.979881 0.122642 -0.0963807 1.77172 
0.983016 0.117226 -0.0775822 1.77737 
0.983251 0.123327 -0.0802071 1.77896 
0.977061 0.114646 -0.0932685 1.76383 
0.989945 0.205449 -0.0437918 1.79465 
0.989824 0.230688 -0.0403918 1.79608 
0.988504 0.196526 -0.0516248 1.79131 
0.982552 0.174848 -0.0655356 1.77879 
0.992801 0.176542 -0.0308542 1.80023 
0.991004 0.170366 -0.0452385 1.79387 
0.988225 0.168567 -0.056449 1.79065 
0.989457 0.161859 -0.0434276 1.79064 
0.991355 0.165265 -0.0366833 1.79569 
0.988944 0.148669 -0.0433707 1.79063 
0.994929 0.217834 -0.00593521 1.80554 
0.979164 0.200076 -0.0774237 1.77467 
0.973903 0.206406 -0.0822718 1.76459 
0.98332 0.161207 -0.0752041 1.78083 
0.991288 0.176558 -0.0377747 1.79592 
0.990312 0.192062 -0.0448124 1.7945 
0.989609 0.17481 -0.0512787 1.79112 
0.986789 0.145817 -0.0450993 1.78587 
0.97978 0.140064 -0.0876307 1.77269 
1.00104 0.192905 -0.0599433 1.81843 
1.00159 0.178066 -0.0542777 1.81989 
1.0113 0.19121 -0.0676404 1.84101 
0.991795 0.191089 -0.0232229 1.79824 
0.991322 0.185872 -0.0383261 1.79662 
0.992084 0.184768 -0.0230125 1.79865 
0.991488 0.173827 -0.0308955 1.79652 
0.99144 0.166163 -0.0348228 1.79624 
0.989914 0.156003 -0.0419463 1.79276 
0.992561 0.171404 -0.0376296 1.79939 
0.994586 0.194007 -0.0262789 1.80439 
1.00536 0.22641 -0.0369641 1.82782 
1.00496 0.235791 -0.0242821 1.82791 
0.996693 0.209722 -0.0247546 1.81022 
1.00277 0.228691 -0.0283498 1.82249 
0.996984 0.215365 -0.0214181 1.81068 
0.994065 0.196246 -0.0191055 1.80343 
0.999669 0.216599 -0.0294269 1.81696 
0.985609 0.269762 -0.0228804 1.79175 
0.980496 0.286864 -0.0182014 1.78433 
0.983023 0.292427 -0.00303785 1.78976 
0.976392 0.309024 0.000639043 1.77925 
0.977297 0.300213 -0.0052553 1.77895 
0.977616 0.305374 0.00289481 1.781 
0.974344 0.193175 -0.0874789 1.76526 
0.969033 0.191801 -0.094201 1.75637 
0.968518 0.173538 -0.10363 1.754 
0.970915 0.174527 -0.0942378 1.75697 
0.976191 0.172386 -0.0908816 1.76776 
0.976809 0.159377 -0.0920705 1.76787 
0.97697 0.137447 -0.0988398 1.76737 
0.978193 0.134127 -0.0963878 1.76951 
0.979695 0.172858 -0.0827806 1.77388 
0.981295 0.161164 -0.067052 1.77511 
0.982589 0.19004 -0.0675437 1.77993 
0.98215 0.175036 -0.0770946 1.7789 
0.989174 0.14119 -0.056701 1.79104 
0.982043 0.267006 -0.0339499 1.78482 
0.960656 0.196884 -0.107517 1.74079 
0.966687 0.210409 -0.0901265 1.75489 
0.958544 0.211894 -0.100369 1.73836 
0.979837 0.144077 -0.0901022 1.77341 
0.979091 0.12493 -0.0977002 1.77066 
0.96461 0.207131 -0.0933709 1.74817 
0.96563 0.194579 -0.101445 1.74989 
0.969447 0.20355 -0.0899589 1.75831 
0.972894 0.153516 -0.101206 1.75949 
0.976167 0.148449 -0.0978449 1.76554 
0.971458 0.18677 -0.0930272 1.76036 
0.952356 0.285103 -0.0313955 1.73286 
0.976383 0.26216 -0.055794 1.77406 
0.972999 0.255356 -0.0678681 1.76647 
0.966334 0.259558 -0.0676569 1.75646 
0.970619 0.225799 -0.0820602 1.76399 
0.974998 0.241596 -0.0720421 1.7686 
0.978034 0.271638 -0.0270627 1.7774 
0.979991 0.264447 -0.0187538 1.78077 
0.976097 0.275944 -0.0261059 1.77419 
0.972761 0.284399 -0.0147839 1.7721 
0.958693 0.283087 -0.0409257 1.74434 
0.958552 0.2733 -0.054105 1.74283 
0.977109 0.262783 -0.048301 1.77506 
0.975513 0.273357 -0.0409116 1.77233 
0.973601 0.277289 -0.0344904 1.7691 
0.974144 0.272811 -0.0481162 1.77065 
0.974616 0.265967 -0.057144 1.7711 
0.970366 0.166307 -0.0997651 1.75629 
0.968012 0.185964 -0.10027 1.75375 
0.95564 0.220287 -0.0994916 1.73341 
0.956353 0.236989 -0.086402 1.73677 
0.952362 0.246094 -0.0796548 1.72923 
0.978604 0.270264 -0.0389595 1.77853 
0.978678 0.270417 -0.0322509 1.77852 
0.97126 0.281901 -0.0381403 1.76817 
0.964635 0.270794 -0.0559436 1.75362 
0.951842 0.261644 -0.0641971 1.72912 
0.962498 0.233858 -0.0851544 1.74622 
0.97293 0.226194 -0.0780136 1.76387 
0.967601 0.23803 -0.0790339 1.75744 
0.96931 0.25263 -0.0712249 1.76017 
0.960306 0.243477 -0.0819523 1.74351 
0.960464 0.218435 -0.0923928 1.74012 
0.979524 0.25944 -0.00232248 1.77993 
0.972289 0.28307 -0.00140331 1.77237 
0.973845 0.275817 -0.0166382 1.76961 
0.99989 0.235973 0.0930835 1.81871 
0.996457 0.240695 0.109627 1.81289 
0.989284 0.257355 0.125163 1.80232 
0.983951 0.272944 0.118587 1.79327 
0.995725 0.248587 0.0783103 1.81266 
0.993435 0.250464 0.0995375 1.80888 
0.993661 0.257028 0.0803724 1.8093 
0.985104 0.226093 -0.0385475 1.78834 
0.980441 0.247493 -0.0351271 1.77887 
0.982509 0.239338 -0.0418273 1.78297 
0.981783 0.234269 -0.0370973 1.78052 
0.981374 0.242124 -0.0226548 1.78056 
0.97954 0.259499 -0.0197437 1.77888 
0.978088 0.266828 -0.0124278 1.77721 
0.979864 0.266062 -0.0268202 1.78014 
0.980614 0.251236 -0.027864 1.77944 
0.980341 0.267566 -0.0257483 1.78143 
0.98031 0.257885 -0.0316854 1.77973 
0.981743 0.242868 -0.0327617 1.78128 
0.981684 0.246199 -0.027795 1.7817 
0.980629 0.253302 -0.0319142 1.77986 
0.951835 0.315374 -0.00380538 1.7333 
0.979542 0.248629 -0.0382217 1.77752 
0.979253 0.273209 -0.0267807 1.77866 
0.977218 0.273175 -0.0302133 1.77555 
0.978523 0.266282 -0.0323756 1.77733 
0.978125 0.286695 -0.0222494 1.77785 
0.976234 0.280797 -0.0279864 1.77442 
0.979549 0.282746 -0.0235787 1.78055 
0.979431 0.276795 -0.0263152 1.77912 
0.981413 0.285544 -0.0175275 1.78481 
0.97963 0.278308 -0.0240074 1.78072 
0.980512 0.276943 -0.0243087 1.78284 
0.980845 0.27744 -0.0239219 1.78306 
0.978202 0.278608 -0.0265252 1.77682 
0.979514 0.282595 -0.0218052 1.78134 
0.976108 0.289608 -0.0237219 1.77557 
0.97863 0.29123 -0.0182582 1.78017 
0.977855 0.294574 -0.0165623 1.77913 
0.975187 0.280854 -0.0296011 1.77287 
0.980017 0.244358 -0.0413037 1.77818 
0.979101 0.259225 -0.0328589 1.77764 
0.979005 0.263316 -0.0313108 1.77799 
0.979193 0.26486 -0.0287523 1.77865 
0.978669 0.270109 -0.0300859 1.77817 
0.977592 0.261963 -0.0362088 1.7756 
0.977112 0.251513 -0.0435531 1.77394 
0.977032 0.254493 -0.0397294 1.77396 
0.97797 0.258614 -0.0353542 1.77579 
0.975861 0.25901 -0.0396869 1.77183 
0.976471 0.26107 -0.0378353 1.77347 
0.975729 0.263643 -0.0373612 1.77238 
0.975359 0.261747 -0.0386943 1.77128 
0.975673 0.258091 -0.0408741 1.77136 
0.977646 0.265725 -0.0345027 1.77584 
0.978621 0.269169 -0.0281152 1.77757 
0.975301 0.274922 -0.0316172 1.77231 
0.973721 0.273878 -0.03343 1.76925 
0.974593 0.268808 -0.0360698 1.77065 
0.976193 0.271813 -0.0321594 1.77355 
0.975538 0.269325 -0.0353589 1.77243 
0.975731 0.267142 -0.0356681 1.77265 
0.978452 0.254151 -0.0376211 1.77678 
0.977625 0.25028 -0.0422342 1.77494 
0.978736 0.245809 -0.0433982 1.77664 
0.974758 0.262864 -0.0389478 1.77043 
0.976672 0.254993 -0.0423198 1.77326 
0.977051 0.258548 -0.0391775 1.77436 
0.973104 0.265099 -0.0400543 1.76788 
0.972879 0.266313 -0.0405233 1.7676 
0.973781 0.263302 -0.0409708 1.76915 
0.97164 0.270764 -0.0381652 1.76536 
0.973018 0.268265 -0.0379719 1.76784 
0.973019 0.270559 -0.0364796 1.76792 
0.972577 0.267918 -0.0393799 1.76706 
0.971477 0.273815 -0.0363002 1.76527 
0.972342 0.269256 -0.0393036 1.76677 
0.972612 0.272233 -0.0361875 1.7674 
0.970837 0.280097 -0.0322768 1.76454 
0.971122 0.277638 -0.0339229 1.76493 
0.973042 0.27861 -0.0319775 1.76906 
0.973579 0.27799 -0.0319558 1.76946 
0.97408 0.271303 -0.0352592 1.77004 
0.975171 0.279153 -0.0295609 1.77236 
0.971338 0.29091 -0.0255928 1.76651 
0.970033 0.285415 -0.0288718 1.76355 
0.972225 0.285916 -0.0282483 1.76808 
0.974302 0.284256 -0.0276117 1.77176 
0.977129 0.286329 -0.0247344 1.77627 
0.970408 0.281753 -0.031912 1.76396 
0.972542 0.276408 -0.0341137 1.76767 
0.972031 0.288957 -0.0262328 1.76795 
0.971216 0.280993 -0.0310543 1.76535 
0.973104 0.283735 -0.0289652 1.76952 
0.977205 0.277765 -0.0282612 1.77606 
0.973583 0.297059 -0.0194574 1.77197 
0.969333 0.292598 -0.0249684 1.76269 
0.967475 0.293739 -0.0253127 1.75951 
0.965934 0.289657 -0.0278002 1.7569 
0.971117 0.283695 -0.0297396 1.76554 
0.972067 0.301167 -0.0159354 1.76881 
0.971319 0.271795 -0.0384596 1.76491 
0.972693 0.274563 -0.0346694 1.76763 
0.97351 0.275288 -0.0333866 1.76931 
0.97255 0.280877 -0.0305961 1.7682 
0.97024 0.274749 -0.0370466 1.76317 
0.971873 0.275998 -0.034722 1.7663 
0.970325 0.277178 -0.0349788 1.76341 
0.971078 0.273349 -0.0373273 1.76453 
0.969099 0.276702 -0.0363189 1.76144 
0.969331 0.274894 -0.0375914 1.7616 
0.968946 0.282044 -0.0323427 1.76151 
0.969708 0.281015 -0.0326896 1.7625 
0.976473 0.272762 -0.0326293 1.77461 
0.971854 0.272001 -0.0369659 1.76591 
0.976806 0.26842 -0.0339851 1.77495 
0.974265 0.265652 -0.037812 1.76984 
0.974458 0.261948 -0.040534 1.76974 
0.973367 0.266028 -0.0387025 1.76824 
0.975421 0.260014 -0.0415584 1.77126 
0.966655 0.284879 -0.0309378 1.7579 
0.968336 0.27977 -0.0344765 1.76047 
0.96881 0.284215 -0.0306495 1.76126 
0.969972 0.27921 -0.0340416 1.7631 
0.967945 0.281188 -0.0333196 1.75989 
0.968938 0.278483 -0.0349303 1.76126 
0.968166 0.285507 -0.0304417 1.76048 
0.96314 0.308182 -0.014973 1.7533 
0.963477 0.303937 -0.0177003 1.75361 
0.964581 0.308574 -0.0140779 1.75569 
0.963442 0.301006 -0.0196149 1.75349 
0.968292 0.307975 -0.0131586 1.76277 
0.968317 0.288148 -0.0285663 1.76075 
0.965846 0.286098 -0.0306864 1.75654 
0.963782 0.288959 -0.0290992 1.75307 
0.964174 0.287235 -0.0306358 1.75372 
0.964618 0.295347 -0.0241674 1.75521 
0.965027 0.290947 -0.0276528 1.75566 
0.974958 0.311688 0.00307494 1.77614 
0.974337 0.307591 -0.00410418 1.77467 
0.972322 0.314878 -0.000371284 1.77073 
0.973242 0.307754 -0.00804622 1.77196 
0.971987 0.310329 -0.00837543 1.77002 
0.968982 0.303956 -0.0170742 1.76318 
0.970068 0.300582 -0.0180309 1.76443 
0.974045 0.287864 -0.0255098 1.77163 
0.976231 0.296413 -0.0168679 1.77605 
0.973175 0.290239 -0.0243569 1.77067 
0.972173 0.294087 -0.0218128 1.76867 
0.971004 0.303158 -0.0157343 1.76702 
0.971234 0.296361 -0.0209425 1.76675 
0.970192 0.288775 -0.026926 1.76401 
0.972322 0.294469 -0.0223903 1.76912 
0.969816 0.295901 -0.0227393 1.76375 
0.970112 0.301867 -0.0186423 1.76514 
0.967046 0.301596 -0.019388 1.75926 
0.966081 0.292082 -0.0262329 1.75696 
0.967131 0.298198 -0.0220953 1.75945 
0.965407 0.295071 -0.0242358 1.75616 
0.9709 0.284032 -0.0298818 1.76538 
0.97845 0.301113 -0.000618952 1.7819 
0.974836 0.301084 -0.0119713 1.77419 
0.973419 0.303625 -0.0122917 1.77163 
0.974736 0.294403 -0.0201236 1.77291 
0.978848 0.295664 -0.0108083 1.78152 
0.981115 0.290377 -0.0100804 1.78504 
0.9794 0.290198 -0.0160416 1.78206 
0.983534 0.28704 -0.013159 1.78966 
0.982332 0.281876 -0.0207383 1.78667 
0.98153 0.272697 -0.0269672 1.78463 
0.980328 0.271404 -0.0266422 1.78153 
0.981848 0.270119 -0.0302923 1.78498 
0.982292 0.27874 -0.0214548 1.78681 
0.985083 0.273639 -0.0177551 1.79082 
0.987572 0.27678 0.00767072 1.79438 
0.979739 0.292292 -0.0122422 1.78298 
0.984058 0.278874 -0.0170307 1.79071 
0.980528 0.269949 -0.0275963 1.78206 
0.986364 0.27483 -0.00719239 1.79296 
0.983339 0.282523 -0.0123496 1.78893 
0.98855 0.265219 -0.0147019 1.79558 
0.966198 0.302391 -0.0189513 1.75823 
0.964892 0.305766 -0.0161891 1.75636 
0.963884 0.298806 -0.0213106 1.75441 
0.963093 0.293606 -0.0250464 1.75246 
0.96178 0.296141 -0.0228799 1.74993 
0.962051 0.293818 -0.0255347 1.75017 
0.963884 0.290848 -0.027321 1.7535 
0.962655 0.295709 -0.023341 1.75177 
0.963286 0.291352 -0.0274481 1.75224 
0.964726 0.29884 -0.0216219 1.75544 
0.961887 0.298441 -0.0212309 1.75024 
0.960992 0.299108 -0.0205621 1.74881 
0.960917 0.296422 -0.02342 1.74865 
0.962774 0.292781 -0.0260804 1.75146 
0.959723 0.298928 -0.0214615 1.74686 
0.959162 0.300756 -0.0197735 1.74581 
0.962058 0.309469 -0.0137362 1.75174 
0.962571 0.312693 -0.0112381 1.75298 
0.959284 0.309397 -0.0127797 1.74677 
0.958871 0.313858 -0.00969082 1.74645 
0.957477 0.303455 -0.0175127 1.7423 
0.9561 0.312384 -0.0100795 1.7407 
0.956389 0.306059 -0.0149243 1.74017 
0.958219 0.303049 -0.0180677 1.74391 
0.958799 0.301498 -0.0195297 1.74503 
0.960269 0.305774 -0.0156671 1.74817 
0.957058 0.305444 -0.0153079 1.74144 
0.959529 0.306193 -0.0152785 1.74714 
0.957439 0.308415 -0.0133624 1.74248 
0.942549 0.331021 0.0371614 1.71754 
0.964608 0.330701 0.0178712 1.75847 
0.944685 0.329591 0.028829 1.72204 
0.949161 0.328342 0.0178863 1.73011 
0.94648 0.332775 0.0313209 1.72621 
0.94843 0.333172 0.0288228 1.73009 
0.950019 0.330561 0.0217446 1.73199 
0.955717 0.338041 0.0280765 1.74306 
0.948786 0.338769 0.0395014 1.73177 
0.958088 0.340939 0.0436491 1.74804 
0.945967 0.33869 0.0483845 1.72594 
0.949162 0.342707 0.0545444 1.73425 
0.949003 0.340695 0.0451018 1.73263 
0.951422 0.342421 0.0531198 1.7375 
0.955475 0.340852 0.0432032 1.74403 
0.957507 0.341293 0.06894 1.74833 
0.945619 0.340398 0.0605994 1.72651 
0.960499 0.340446 0.0630059 1.75371 
0.952022 0.34346 0.0673663 1.74054 
0.959095 0.341765 0.0571448 1.75112 
0.936544 0.33267 0.0885014 1.71077 
0.944799 0.338495 0.0805283 1.72474 
0.945802 0.338626 0.0877055 1.72633 
0.946071 0.328228 0.0218235 1.72478 
0.973883 0.314719 0.0148609 1.77464 
0.968461 0.319439 -0.000286055 1.76373 
0.964049 0.321405 -0.000256857 1.75655 
0.963738 0.318408 -0.00463091 1.756 
0.967633 0.311033 -0.0100135 1.76138 
0.966121 0.305465 -0.0163983 1.75813 
0.962555 0.305218 -0.017053 1.7519 
0.9603 0.297991 -0.0217866 1.74755 
0.96119 0.302006 -0.0186068 1.74937 
0.95957 0.312499 -0.010965 1.74767 
0.960166 0.302672 -0.0179789 1.74793 
0.961524 0.29541 -0.0238367 1.74943 
0.960254 0.334908 0.0863861 1.75472 
0.954989 0.33013 0.105424 1.7428 
0.954035 0.338961 0.0878259 1.74242 
0.951149 0.338463 0.0360295 1.73559 
0.944898 0.32839 0.024342 1.72225 
0.948087 0.342971 0.0602084 1.73241 
0.948232 0.341404 0.0491702 1.73122 
0.954459 0.342898 0.0648931 1.74315 
0.959834 0.337796 0.078117 1.7534 
0.954915 0.342041 0.0812676 1.74503 
0.958199 0.339208 0.0324273 1.74741 
0.953854 0.331561 0.0168452 1.73903 
0.95836 0.331447 0.0139945 1.74653 
0.971006 0.313163 -0.00481109 1.76804 
0.972225 0.314619 0.00914358 1.77001 
0.966876 0.322541 0.00265295 1.76163 
0.972013 0.320251 0.00780402 1.7706 
0.969866 0.32442 0.0116172 1.7668 
0.972126 0.32103 0.0200693 1.77186 
0.967348 0.325756 0.00844198 1.76266 
0.961047 0.319135 -0.00510782 1.7514 
0.958293 0.321258 -0.00156201 1.74582 
0.957864 0.321964 -0.000255756 1.74539 
0.955494 0.316726 -0.00516278 1.74021 
0.956334 0.315978 -0.00697807 1.74164 
0.977286 0.307541 0.022015 1.78125 
0.979136 0.299973 0.033397 1.78278 
0.976274 0.313761 0.0263525 1.77901 
0.978405 0.312296 0.0441318 1.78339 
0.981343 0.304614 0.0516029 1.78682 
0.975294 0.309522 0.0827315 1.7786 
0.967044 0.334089 0.041356 1.76607 
0.964397 0.337115 0.0649273 1.76164 
0.970953 0.326366 0.0644539 1.77264 
0.972863 0.324681 0.0714851 1.7763 
0.974109 0.319013 0.0619438 1.7784 
0.972042 0.315439 0.0965645 1.77458 
0.962358 0.338028 0.035245 1.75631 
0.959484 0.337783 0.0270147 1.75026 
0.950537 0.336187 0.0312319 1.73406 
0.956936 0.337364 0.0250554 1.74511 
0.96776 0.329853 0.0218305 1.76437 
0.961608 0.336019 0.0250943 1.75433 
0.9731 0.320492 0.0265066 1.77415 
0.972865 0.320971 0.0416837 1.77447 
0.970284 0.326114 0.0175641 1.76853 
0.961627 0.326526 0.00698978 1.75252 
0.96282 0.332546 0.0181708 1.75708 
0.960069 0.331033 0.0138013 1.75103 
0.970832 0.318447 0.00194102 1.76782 
0.970187 0.307278 -0.0128487 1.766 
0.969032 0.313679 -0.00664195 1.76441 
0.969222 0.306758 -0.0142348 1.76427 
0.965605 0.311283 -0.0113979 1.75782 
0.965989 0.284864 -0.0320625 1.75674 
0.966138 0.283872 -0.0322683 1.75686 
0.966318 0.282352 -0.0335997 1.7572 
0.967074 0.284018 -0.0315174 1.75844 
0.965138 0.289212 -0.0286184 1.7556 
0.966439 0.286644 -0.0296773 1.7575 
0.966786 0.288513 -0.0285325 1.75815 
0.967289 0.282175 -0.033011 1.75922 
0.967957 0.289415 -0.0279752 1.76019 
0.965057 0.287182 -0.0302765 1.75535 
0.969639 0.289868 -0.0267327 1.76342 
0.967734 0.296844 -0.0231059 1.75996 
0.968383 0.291905 -0.0262208 1.76103 
0.969237 0.298519 -0.0218433 1.76287 
0.96348 0.292847 -0.0256182 1.75294 
0.963687 0.290486 -0.0277601 1.75303 
0.965788 0.292993 -0.0257162 1.75699 
0.990743 0.27138 0.0302072 1.80157 
0.983418 0.295945 0.0473635 1.7905 
0.985095 0.280893 -0.00625902 1.79224 
0.989192 0.273053 0.00435529 1.79838 
0.983443 0.285409 -0.000829085 1.78838 
0.985451 0.284162 0.00515306 1.79146 
0.988159 0.276488 0.014804 1.79551 
0.988041 0.27078 0.0156444 1.79674 
0.98742 0.279896 0.0286067 1.79498 
0.98608 0.281495 0.0210023 1.79117 
0.981114 0.299046 0.00774988 1.78708 
0.976014 0.303715 -0.00684755 1.77773 
0.991242 0.270036 0.0230337 1.80357 
0.983111 0.29165 0.0108975 1.78819 
0.988326 0.267234 0.00527913 1.79647 
0.992876 0.265302 0.0735912 1.80617 
0.996672 0.241864 0.0888043 1.8139 
0.988561 0.277647 0.0850072 1.79988 
0.959934 0.341204 0.0505161 1.75273 
0.965463 0.336723 0.0588139 1.76385 
0.975318 0.318564 0.0554588 1.78044 
0.95103 0.34278 0.0749082 1.73799 
0.957254 0.340888 0.0763148 1.74839 
0.963789 0.318864 0.109516 1.76104 
0.958556 0.331146 0.099816 1.75125 
0.964951 0.329353 0.0883699 1.76305 
0.946724 0.340653 0.073976 1.72926 
0.93727 0.334806 0.070909 1.70886 
0.954587 0.342972 0.0575176 1.74265 
0.941269 0.334949 0.0529482 1.71609 
0.944136 0.339366 0.066237 1.7233 
0.938789 0.334866 0.0583756 1.71093 
0.952292 0.341039 0.047028 1.73931 
0.976577 0.307361 0.0170431 1.77989 
0.980856 0.297685 0.00168623 1.78652 
0.981454 0.299671 0.0255345 1.78879 
0.989595 0.275091 0.0588113 1.801 
0.979432 0.309591 0.0357796 1.78534 
0.983144 0.29456 0.0370409 1.78973 
0.979667 0.304826 0.0623513 1.78399 
0.959737 0.339908 0.0363923 1.75104 
0.964181 0.335354 0.0286335 1.75946 
0.963526 0.338993 0.0509129 1.76026 
0.979198 0.304316 0.010402 1.78485 
0.955875 0.325226 0.00752899 1.74137 
0.953392 0.320049 0.000353786 1.73643 
0.957314 0.324507 0.00396793 1.74423 
0.955101 0.320704 0.000223251 1.73959 
0.955899 0.319693 -0.00202962 1.74106 
0.953564 0.31152 -0.00887691 1.73606 
0.959141 0.316862 -0.00706117 1.74722 
0.955328 0.30874 -0.012394 1.73856 
0.96528 0.316241 -0.0067139 1.75795 
0.961834 0.317258 -0.00674036 1.75256 
0.964475 0.313554 -0.0098478 1.75617 
0.988452 0.261398 -0.0200369 1.79499 
0.98988 0.266722 0.0101314 1.80051 
0.990609 0.262429 -0.000146141 1.8011 
0.991684 0.261183 0.00915912 1.80171 
0.994169 0.246126 0.00560162 1.80415 
0.995273 0.248152 0.0121541 1.80637 
0.990948 0.269645 0.0748688 1.80277 
0.990511 0.270072 0.083576 1.80325 
0.990036 0.275857 0.0674374 1.80249 
0.99547 0.260927 0.0344906 1.80841 
0.992401 0.266378 0.0433905 1.80378 
0.993443 0.265546 0.0215396 1.80474 
1.00027 0.243201 0.0428392 1.81651 
1.00139 0.241583 0.048668 1.81868 
1.00086 0.246774 0.0441183 1.81829 
0.998902 0.248911 0.0491773 1.81526 
0.995003 0.261254 0.0461415 1.80842 
0.996349 0.25892 0.0435602 1.811 
0.998299 0.253249 0.0414014 1.81424 
0.997668 0.253831 0.0453319 1.81325 
0.996182 0.25901 0.037971 1.81037 
0.957508 0.311681 -0.0114561 1.74356 
0.961351 0.313976 -0.0099775 1.75133 
0.967733 0.316556 -0.0047428 1.76213 
0.962907 0.323241 0.00175161 1.75536 
0.956486 0.323688 0.00450784 1.74274 
0.960305 0.324354 0.00100113 1.75055 
0.961262 0.327519 0.00645487 1.75298 
0.961297 0.322447 -0.000938759 1.7523 
0.965182 0.328686 0.0118494 1.75982 
0.953481 0.314134 -0.00607048 1.73626 
0.954385 0.309316 -0.011981 1.7373 
0.958078 0.317877 -0.00547225 1.74528 
0.951814 0.317666 -0.00111453 1.73382 
0.950182 0.320362 0.00329745 1.73146 
0.956636 0.33498 0.0201509 1.74453 
0.956202 0.3285 0.011497 1.74253 
0.958862 0.333853 0.0178126 1.74816 
0.960216 0.328464 0.00875726 1.75123 
0.961651 0.334097 0.020871 1.75422 
0.947318 0.326304 0.0156713 1.7265 
0.950682 0.327196 0.0134209 1.73273 
0.947981 0.33037 0.0242696 1.72885 
0.950581 0.32874 0.0162324 1.73262 
0.952717 0.3313 0.0182672 1.73708 
0.951113 0.32415 0.00869367 1.7337 
0.949233 0.322864 0.00814835 1.72936 
0.951888 0.322494 0.00533852 1.73537 
0.950204 0.318416 0.000534812 1.73097 
0.953327 0.322499 0.00417254 1.73636 
0.948227 0.325906 0.0131497 1.72753 
0.949053 0.321274 0.00537548 1.72876 
0.951942 0.333117 0.0226411 1.73542 
0.951678 0.326566 0.0114808 1.73505 
0.953934 0.32859 0.0128056 1.73952 
0.945793 0.326761 0.0172885 1.72366 
0.948081 0.324272 0.0105207 1.72701 
0.956582 0.339336 0.0334237 1.74507 
0.954448 0.339871 0.0381218 1.74164 
0.952842 0.336062 0.0270268 1.73765 
0.943353 0.32942 0.031059 1.71917 
0.94545 0.33634 0.0420468 1.7245 
0.969135 0.298696 0.118835 1.76773 
0.956818 0.323287 0.114652 1.74753 
0.96776 0.312769 0.110839 1.76776 
0.963629 0.334661 0.0721279 1.75955 
0.969697 0.312832 0.107859 1.77049 
0.972099 0.317335 0.0888351 1.7738 
0.965417 0.324698 0.0973942 1.76376 
0.969244 0.325723 0.0840619 1.76978 
0.981171 0.296437 0.0819403 1.78941 
0.939732 0.335901 0.0649798 1.71372 
0.962917 0.325238 0.102903 1.75988 
0.93945 0.319192 0.122318 1.71561 
0.941518 0.333475 0.0990811 1.72179 
0.945612 0.324981 0.118089 1.72861 
0.970994 0.279647 0.102391 1.76608 
0.979904 0.233491 0.0884917 1.77739 
0.971111 0.290787 0.112183 1.76979 
0.946685 0.336253 0.0374251 1.72716 
0.940802 0.333614 0.0475559 1.7144 
0.942878 0.333382 0.0414368 1.71867 
0.944311 0.337963 0.0538958 1.72296 
0.976719 0.245145 0.0656868 1.77006 
0.970255 0.287888 0.124121 1.76979 
0.950938 0.338174 0.0915165 1.73519 
0.947185 0.331776 0.107416 1.73243 
0.941486 0.336118 0.0905198 1.72202 
0.934205 0.328851 0.0954478 1.70393 
0.936079 0.333154 0.0819213 1.70845 
0.9382 0.335152 0.0773356 1.71153 
0.9374 0.327707 0.102746 1.71115 
0.971242 0.296188 0.11807 1.77097 
0.993778 0.249317 0.0922188 1.8095 
0.975313 0.186628 0.213106 1.77879 
0.998763 0.236083 0.0994964 1.8164 
0.987499 0.266105 0.116798 1.79972 
0.992914 0.257107 0.0873648 1.80832 
0.990173 0.255273 0.101376 1.80247 
0.990956 0.25481 0.107974 1.80412 
0.991556 0.263027 0.0998156 1.80672 
0.991145 0.267056 0.0946186 1.8064 
1.00807 0.203136 0.102819 1.82991 
1.00411 0.218303 0.103133 1.82516 
0.995615 0.229605 0.134913 1.81266 
1.00155 0.200564 0.147732 1.82062 
1.00723 0.182536 0.146599 1.82997 
0.996298 0.184512 0.184709 1.81792 
0.995523 0.235835 0.14731 1.81403 
0.992802 0.24656 0.112973 1.80667 
1.00392 0.206004 0.13333 1.82583 
0.992549 0.248364 0.14734 1.80851 
1.0076 0.215538 0.0966584 1.83099 
1.00876 0.208821 0.09535 1.83189 
1.01092 0.193672 0.0908399 1.83478 
1.01242 0.18342 0.104361 1.83848 
1.00239 0.215419 0.111492 1.82172 
1.00353 0.22428 0.0949234 1.82328 
1.0002 0.228947 0.103407 1.81832 
1.00056 0.221172 0.120089 1.82064 
0.997145 0.242868 0.10342 1.81464 
1.00171 0.230539 0.0903998 1.81968 
1.00476 0.225558 0.0642734 1.82539 
1.01026 0.211566 0.0598695 1.83381 
1.00787 0.212364 0.0703605 1.82875 
1.00979 0.210581 0.0645254 1.8327 
1.00794 0.218105 0.0642116 1.82967 
1.00832 0.218337 0.0595471 1.83021 
1.01229 0.203196 0.0616437 1.83815 
1.01113 0.209248 0.0589239 1.83577 
1.00989 0.206838 0.0545239 1.83271 
1.01031 0.208076 0.0727688 1.83419 
1.00468 0.22719 0.07688 1.82476 
1.00565 0.227058 0.0825921 1.8273 
1.00249 0.222938 0.10115 1.82187 
1.00266 0.231296 0.0850561 1.82156 
1.00185 0.239464 0.0691084 1.82125 
1.00236 0.233293 0.0807862 1.82138 
0.998707 0.238198 0.0785738 1.8139 
0.987806 0.212326 0.0557128 1.79022 
0.964149 0.28932 0.106098 1.75349 
0.969209 0.260291 0.0821381 1.75525 
0.96911 0.290873 0.108685 1.76584 
0.970834 0.287919 0.10764 1.76824 
0.974585 0.280945 0.111412 1.77673 
0.971751 0.289612 0.114502 1.77084 
0.972514 0.295691 0.115055 1.77363 
0.969872 0.269823 0.0830692 1.75852 
0.97716 0.11713 0.21641 1.77892 
0.958024 0.186191 0.21196 1.74624 
1.00092 0.149631 0.121356 1.81446 
0.998887 0.140122 0.144174 1.814 
0.983596 0.185073 0.144936 1.79047 
0.940179 0.30548 0.1411 1.71662 
0.935366 0.3217 0.112985 1.70583 
0.950654 0.320648 0.124527 1.73793 
0.940152 0.263253 0.176987 1.71094 
0.974427 0.234445 0.147103 1.77254 
0.966953 0.225774 0.177836 1.7647 
0.964534 0.272338 0.152379 1.76171 
0.965169 0.286416 0.132339 1.75866 
0.96909 0.273327 0.135271 1.76608 
0.96027 0.306874 0.126314 1.75303 
0.955882 0.318727 0.121463 1.74555 
0.960934 0.31806 0.114373 1.75572 
0.966154 0.306283 0.116545 1.76327 
0.970454 0.275455 0.120251 1.76854 
0.971135 0.252115 0.125624 1.76682 
0.963321 0.25642 0.164652 1.75924 
0.960779 0.233388 0.187999 1.75534 
0.959087 0.261845 0.175823 1.75364 
0.970336 0.238267 0.162606 1.7701 
0.981526 0.21919 0.139259 1.78694 
0.956163 0.250611 0.184323 1.74683 
0.97253 0.204966 0.178736 1.77357 
0.98024 0.183977 0.192248 1.79003 
0.944922 0.231593 0.199749 1.71974 
0.939059 0.294106 0.150892 1.71298 
0.976266 0.305437 0.107078 1.78225 
0.968939 0.318449 0.100516 1.7695 
0.974507 0.309068 0.0990495 1.77792 
0.973205 0.307256 0.11004 1.77664 
0.976667 0.303385 0.0850117 1.78133 
0.977303 0.295061 0.101104 1.7829 
0.977823 0.303089 0.0949322 1.78469 
0.985302 0.274057 0.102383 1.79276 
0.982879 0.28798 0.0910064 1.79195 
0.986566 0.280305 0.0912805 1.79731 
0.973409 0.300469 0.114113 1.77581 
0.974575 0.299074 0.118879 1.77833 
0.973753 0.297546 0.122903 1.77625 
0.97398 0.295125 0.128596 1.77608 
0.980861 0.279125 0.130226 1.78875 
0.972682 0.294653 0.13029 1.77546 
0.975636 0.286552 0.148288 1.7805 
0.980429 0.280946 0.144374 1.78869 
0.982452 0.229163 0.187902 1.79267 
0.951118 0.273166 0.162564 1.73148 
0.974321 0.28154 0.157552 1.77805 
0.982987 0.251383 0.178079 1.79305 
0.969105 0.283095 0.161854 1.76891 
0.977682 0.272554 0.161461 1.78408 
0.974495 0.302332 0.115147 1.7789 
0.969694 0.295019 0.115955 1.76844 
0.970893 0.298529 0.115359 1.7696 
0.97666 0.223145 0.113229 1.77339 
0.972785 0.251177 0.140475 1.77126 
0.948021 0.284392 0.16277 1.73208 
0.957071 0.296843 0.143992 1.7497 
0.960841 0.294625 0.134928 1.75288 
0.969668 0.268926 0.141975 1.76778 
0.956577 0.279551 0.156354 1.74793 
0.974143 0.274436 0.112913 1.77511 
0.978013 0.215821 0.0954684 1.77261 
0.976108 0.257451 0.106845 1.77607 
0.975191 0.250802 0.0957897 1.77122 
0.982943 0.229465 0.0684025 1.78132 
0.975915 0.244359 0.114108 1.77566 
0.98953 0.196117 0.0838759 1.79773 
0.989469 0.132424 0.194982 1.80032 
0.981059 0.146731 0.212121 1.7911 
0.986195 0.167526 0.170684 1.79495 
0.957339 0.15491 0.215013 1.74207 
0.980301 0.203581 0.153032 1.78609 
0.936828 0.309692 0.13393 1.70877 
0.94917 0.30917 0.136332 1.73597 
0.963079 0.310772 0.119031 1.75924 
0.951173 0.333634 0.101836 1.73588 
0.958174 0.335532 0.0921789 1.75121 
0.970981 0.26551 0.126027 1.76884 
0.93747 0.284205 0.15547 1.70731 
0.948116 0.294131 0.154247 1.73299 
0.955575 0.289152 0.15224 1.74658 
0.954576 0.275882 0.168362 1.74573 
0.943915 0.278332 0.164529 1.72138 
0.946203 0.250637 0.18894 1.72468 
0.995869 0.179108 0.115029 1.81307 
0.955438 0.219752 0.203048 1.74331 
1.01121 0.131925 0.0971334 1.83125 
1.0108 0.101347 0.128495 1.82909 
1.00347 0.0925943 0.164866 1.82272 
0.972938 0.181385 0.209883 1.77797 
0.990349 0.146551 0.170049 1.79894 
1.00607 0.112331 0.14649 1.82655 
1.01412 0.0675731 0.106438 1.8361 
0.998957 0.0997319 0.187707 1.8175 
1.01189 0.0511699 0.123929 1.83049 
0.990645 0.0281312 0.174108 1.79471 
0.964822 0.129617 0.221677 1.75286 
1.00687 0.131334 0.111475 1.82086 
1.01285 0.116321 0.0850888 1.8356 
1.01349 0.109502 0.116124 1.83512 
1.01586 0.0819313 0.0996795 1.84127 
1.01432 0.0777668 0.0891561 1.83683 
1.02035 0.0571966 0.0681135 1.85027 
0.981062 0.0772768 0.211013 1.78037 
1.01362 0.0995535 0.104174 1.83642 
0.992314 0.0663678 0.193034 1.80209 
1.01254 0.107545 0.0827918 1.83468 
1.0085 0.0559526 0.147672 1.83061 
1.01513 0.103866 0.0961833 1.84081 
1.01122 0.117273 0.0934231 1.83142 
1.01317 0.0991094 0.0882846 1.83562 
1.01323 0.105088 0.0777368 1.83586 
1.01459 0.0984171 0.0768181 1.83855 
1.01928 0.0495093 0.0928808 1.84851 
1.02243 0.0231889 0.100026 1.85591 
1.01601 0.0753393 0.121438 1.84038 
1.01645 0.086272 0.0733405 1.84168 
1.01532 0.0933061 0.0702783 1.83949 
1.00542 0.0210108 0.147269 1.82716 
1.02405 0.0186531 0.0564522 1.85964 
1.00836 -0.0142357 0.100367 1.82749 
1.02067 0.0294495 0.0710711 1.85119 
1.01828 0.0310942 0.087428 1.8455 
1.01698 -0.000361113 0.0901655 1.84413 
1.00223 -0.00974367 0.115963 1.81624 
1.01694 0.0579395 0.0801238 1.84225 
1.01623 0.0922252 0.0694611 1.84179 
1.01564 0.0888467 0.0693375 1.83969 
1.01514 0.0933676 0.0723937 1.83922 
1.01506 0.0925918 0.0791299 1.83926 
1.01498 0.0928654 0.0707941 1.83866 
1.0172 0.0828985 0.0763648 1.84317 
1.01668 0.0843446 0.083954 1.84262 
1.0153 0.0970127 0.072745 1.83999 
1.01125 0.101341 0.0740874 1.83001 
1.01501 0.0956964 0.0704549 1.839 
1.01886 0.101228 0.0587849 1.84551 
1.01994 0.113863 0.0446228 1.84791 
1.02007 0.0820042 0.0486675 1.84802 
1.01451 0.0953112 0.0686726 1.83793 
1.01786 0.0896566 0.065279 1.84434 
1.01532 0.0903302 0.0750446 1.83951 
1.02041 0.0690571 0.0611302 1.84982 
1.01519 0.0910011 0.0854347 1.83965 
1.01629 0.0769398 0.0745939 1.84055 
1.01728 0.0700364 0.0820036 1.84346 
1.01722 0.0962864 0.0638783 1.84238 
1.01432 0.107595 0.0673604 1.83819 
1.01549 0.107557 0.0708341 1.84035 
1.01618 0.13002 0.0632774 1.84221 
1.01944 0.129337 0.0539089 1.8475 
1.01636 0.118138 0.0635559 1.84273 
1.0146 0.14904 0.0632339 1.83933 
1.02079 0.086853 0.0335229 1.84975 
1.01965 0.128663 0.0475415 1.84745 
1.02093 0.100024 0.0318423 1.85016 
1.0244 0.0327889 0.0262432 1.86014 
1.02352 -0.00154718 0.022976 1.85863 
1.01349 -0.009021 0.0636992 1.83411 
1.0139 0.0931404 0.0716811 1.83607 
1.01578 0.17695 0.0530206 1.84248 
1.01765 0.114305 0.0586666 1.84362 
1.01461 0.165361 0.0716484 1.84006 
1.01312 0.162911 0.0668444 1.83596 
1.01532 0.15217 0.0690298 1.84085 
1.01442 0.134279 0.0691713 1.83782 
1.013 0.133568 0.0779095 1.83375 
1.01396 0.127273 0.0733998 1.83575 
1.01463 0.114407 0.0716974 1.83736 
1.01607 0.0990173 0.0666109 1.84189 
1.01386 0.0991489 0.0720334 1.83616 
1.0146 0.0932427 0.0706254 1.83775 
1.0132 0.0956685 0.0726767 1.83454 
1.0123 0.0965222 0.0738019 1.8327 
1.01091 0.101897 0.0789794 1.83006 
1.00174 0.114569 0.0904536 1.81661 
1.01083 0.11014 0.0738515 1.82814 
1.0045 0.107162 0.0882668 1.82223 
1.02428 0.0649945 0.0501556 1.85922 
1.02082 0.0883373 0.0417185 1.84981 
1.01895 0.0894098 0.0562985 1.84586 
1.01801 0.0990965 0.0466969 1.84298 
1.0192 0.0615902 -0.00357542 1.8474 
1.02019 0.0395319 0.000474669 1.84943 
1.02367 0.0626463 0.00869683 1.85854 
1.02014 0.0602292 0.0304228 1.84841 
1.02176 0.073291 0.0162098 1.85318 
1.02297 0.0875324 0.0141599 1.8564 
1.02347 0.113276 0.0237905 1.8571 
1.01894 0.099219 -0.000189946 1.84687 
1.02156 0.0716149 0.0506778 1.85189 
1.01842 0.0862908 0.0629122 1.84518 
1.01948 0.0981949 0.0540458 1.84687 
1.02118 0.0727446 0.0274713 1.85095 
1.01977 0.0782881 0.0661694 1.84855 
1.02294 0.050713 0.0448328 1.85608 
1.02021 0.0473136 0.0642004 1.84967 
1.01924 0.0534681 0.0538303 1.84675 
1.0199 -0.000738578 0.0517869 1.84983 
1.0071 0.136498 0.084851 1.82384 
1.00851 0.120661 0.0820015 1.82604 
1.00397 0.151818 0.0847478 1.81945 
1.00824 0.171162 0.0786736 1.82707 
1.02252 0.0340215 0.0416805 1.85532 
1.01954 0.0618092 0.0414597 1.84732 
1.02016 0.0176685 0.0147461 1.84962 
1.02255 0.0472406 0.0216108 1.85492 
1.02247 0.0492223 0.0121023 1.8551 
1.01966 0.0240703 -0.000137842 1.84808 
1.01439 0.184797 0.0551337 1.84027 
1.01933 0.112765 -0.00599949 1.8487 
1.01794 0.128092 -0.00491257 1.84598 
1.01751 0.118425 -0.0103769 1.84476 
1.02261 0.121637 0.00321053 1.85661 
1.02049 0.102521 -0.0102481 1.8512 
1.02007 0.13936 0.0139753 1.85011 
1.02055 0.119985 0.0322402 1.84957 
1.02057 0.112428 0.0376167 1.8494 
1.0203 0.13846 0.041464 1.84909 
1.02003 0.151325 0.0407796 1.8491 
1.01749 0.169057 0.0407006 1.84511 
1.01835 0.166114 0.0329047 1.84684 
1.01964 0.14306 0.00178708 1.85012 
0.998585 0.154847 0.0848981 1.80841 
1.02222 0.114388 0.0133754 1.85482 
1.02311 0.100842 0.0233845 1.85604 
1.01847 0.0707658 -0.0092808 1.84562 
1.01931 0.0476503 -0.00873009 1.84753 
1.0157 0.178615 0.0357802 1.84217 
1.01834 0.169576 0.022374 1.84668 
1.01907 0.156021 0.0478349 1.84708 
1.01725 0.165251 0.0478262 1.84379 
1.01957 0.146716 0.0242354 1.84856 
1.01829 0.154214 0.0104572 1.84659 
1.01764 0.160518 0.00951062 1.84583 
1.01869 0.153309 0.00678626 1.84769 
1.02095 0.132877 0.0341923 1.85088 
1.01771 0.0850424 -0.000189066 1.84361 
1.01948 0.151786 0.0112333 1.84931 
1.02146 0.155972 0.0263112 1.85339 
1.01764 0.15326 0.0547783 1.84413 
1.0188 0.141783 0.0546747 1.84667 
1.01564 0.13892 0.0592065 1.84065 
1.01483 0.178386 0.0609798 1.8411 
1.0165 0.158518 0.0599187 1.84366 
1.01595 0.147189 0.0677945 1.84264 
1.01585 0.179558 0.0477748 1.84289 
1.01527 0.180315 0.0563659 1.84198 
1.0167 0.170421 0.0541806 1.84403 
1.01549 0.166858 0.0595371 1.84155 
1.01445 0.184853 0.0475442 1.84001 
1.01747 0.134821 -0.00501566 1.84488 
1.0047 0.160299 0.0350385 1.82194 
1.01882 0.177881 0.052785 1.85231 
1.00993 0.121131 0.0782954 1.82675 
1.0076 0.107247 0.083092 1.82489 
1.01398 0.155136 0.0781454 1.83769 
1.01049 0.153868 0.0831042 1.82979 
1.00452 0.132753 0.0876139 1.82146 
1.01095 0.166689 0.0791262 1.83235 
1.01108 0.183709 0.0701714 1.83408 
1.0132 0.184851 0.0665655 1.8389 
1.01441 0.147948 0.0761922 1.83844 
1.01367 0.187734 0.0577843 1.83915 
1.01327 0.193794 0.0603276 1.83877 
1.01478 0.18713 0.0519576 1.84107 
1.01553 0.169756 0.00461329 1.84251 
1.01497 0.171904 0.00434633 1.84145 
1.01512 0.169086 0.00278935 1.84161 
1.01631 0.141613 -0.00803422 1.8427 
1.01529 0.185773 0.0237822 1.84152 
1.01676 0.176712 0.0299523 1.84438 
1.01965 0.157247 0.0323679 1.84895 
1.01618 0.17643 0.0418311 1.84313 
1.01546 0.186077 0.0302199 1.84207 
1.01526 0.18753 0.0386149 1.8418 
1.01452 0.188225 0.0439426 1.84043 
1.01254 0.200781 0.0360878 1.83759 
1.01276 0.201408 0.0305945 1.83794 
1.01396 0.192886 0.0323561 1.83986 
1.01328 0.196679 0.0381057 1.83878 
1.01403 0.193147 0.0455048 1.84008 
1.01096 0.207999 0.0397261 1.83537 
1.01584 0.172139 0.00632387 1.84339 
1.02011 0.139813 0.00787013 1.8508 
1.02083 0.122364 0.0112426 1.85162 
1.02122 0.132471 0.0156504 1.85247 
1.01698 0.168904 0.0116286 1.84483 
1.01708 0.177307 0.0144954 1.84501 
1.01622 0.176312 0.0103268 1.84342 
1.02019 0.132012 0.00240281 1.85128 
1.01985 0.146249 0.0185482 1.84943 
1.01979 0.136281 0.0249411 1.8485 
1.01863 0.158982 0.0121216 1.84777 
1.01801 0.157908 0.0202841 1.84526 
1.01825 0.163579 0.01965 1.84624 
1.01962 0.145369 0.00680809 1.84971 
1.01912 0.152052 0.0160975 1.84795 
1.0179 0.136951 -0.00942024 1.84628 
1.01842 0.148341 0.00215346 1.84741 
1.01724 0.14773 -0.00294776 1.84534 
1.01757 0.15717 0.00335361 1.84643 
1.01715 0.16036 0.00129415 1.84584 
1.01707 0.164451 0.00603659 1.84553 
1.0164 0.165269 0.00347226 1.84428 
1.01623 0.15409 -0.00392296 1.84348 
1.01587 0.152506 -0.0016625 1.84247 
1.01509 0.159142 -0.00240876 1.8411 
1.01672 0.160747 0.00351479 1.84464 
1.0156 0.161855 -0.000375162 1.84249 
1.01616 0.162825 0.00171444 1.84362 
1.01593 0.166617 0.00314624 1.84334 
1.01536 0.165782 0.00142273 1.84209 
1.01475 0.163498 -0.000450086 1.84051 
1.01524 0.173023 0.00609405 1.84202 
1.0146 0.16724 0.00126316 1.84028 
1.01426 0.175361 0.00455802 1.83997 
1.01479 0.180636 0.00910161 1.8413 
1.01474 0.17579 0.00675508 1.84112 
1.01518 0.181097 0.00946814 1.84207 
1.01422 0.183204 0.00859754 1.8404 
1.01402 0.181335 0.00712662 1.83979 
1.01432 0.181257 0.00786729 1.84054 
1.01404 0.179989 0.00672202 1.83972 
1.01498 0.183731 0.0103781 1.84194 
1.01455 0.184237 0.0102072 1.84098 
1.01457 0.181526 0.00868536 1.84105 
1.01505 0.186387 0.0114633 1.84205 
1.01486 0.17893 0.00815012 1.84153 
1.01541 0.185802 0.0116901 1.84268 
1.0142 0.186156 0.0101342 1.84051 
1.02258 0.147344 0.150956 1.86275 
1.0152 0.181996 0.0113929 1.84217 
1.01498 0.182789 0.0115084 1.84186 
1.01509 0.183055 0.010965 1.84201 
1.01429 0.177765 0.00614975 1.84022 
1.01446 0.17635 0.00544162 1.84058 
1.01462 0.17673 0.00637033 1.84094 
1.01467 0.190814 0.0119844 1.84166 
1.01418 0.185257 0.00947647 1.84039 
1.01425 0.186149 0.010149 1.84067 
1.01403 0.184201 0.0089688 1.84003 
1.01424 0.18086 0.00729098 1.84028 
1.01483 0.188619 0.00483555 1.84209 
1.01541 0.183384 0.00860401 1.84274 
1.01503 0.18763 0.007444 1.8424 
1.0147 0.185133 0.0105646 1.84137 
1.01481 0.183468 0.0113942 1.84162 
1.01457 0.185046 0.0111446 1.84114 
1.01448 0.191772 0.00880627 1.84139 
1.01465 0.189371 0.00936409 1.84169 
1.0144 0.189786 0.0096601 1.84108 
1.01451 0.192244 0.0116683 1.84154 
1.01461 0.193888 0.0095344 1.84188 
1.01484 0.192087 0.00674404 1.84231 
1.01468 0.19019 0.00774729 1.84183 
1.01468 0.192678 0.0128785 1.84185 
1.01433 0.196131 0.0167531 1.8413 
1.01445 0.192515 0.0113152 1.84141 
1.01448 0.194542 0.0126738 1.84165 
1.0136 0.196469 0.0147452 1.83966 
1.01393 0.197491 0.0119328 1.84046 
1.01449 0.195336 0.0107421 1.84168 
1.01388 0.18492 0.00968308 1.83967 
1.01397 0.185308 0.0100802 1.83995 
1.01391 0.185298 0.00989228 1.83983 
1.01405 0.186134 0.0103547 1.84026 
1.01405 0.184343 0.00918877 1.8401 
1.01437 0.187383 0.0105055 1.84103 
1.01414 0.187329 0.0107819 1.84049 
1.0139 0.183634 0.00841607 1.83969 
1.0142 0.18813 0.0108455 1.84068 
1.01385 0.184348 0.00913572 1.83956 
1.01476 0.19057 0.00868785 1.84205 
1.00839 0.226102 0.00647485 1.83198 
1.01245 0.205891 0.010851 1.83876 
1.00838 0.220135 0.0184866 1.83179 
1.01 0.214907 0.0060511 1.8348 
1.00833 0.215953 0.0219787 1.83077 
1.02031 0.159369 -0.00142221 1.85045 
1.01805 0.164911 0.00480359 1.84597 
1.01781 0.171677 0.00298662 1.84612 
1.01866 0.17215 -0.00570853 1.84775 
1.00276 0.239348 -0.0130228 1.82422 
1.00519 0.232884 -0.029219 1.82739 
1.00513 0.223173 -0.0425054 1.82719 
1.0088 0.219678 -0.0471099 1.83398 
1.00703 0.222662 -0.0472845 1.83037 
1.00285 0.217355 -0.0396601 1.82348 
1.00499 0.217189 -0.0499712 1.82718 
1.01164 0.2104 -0.0404869 1.83848 
1.00934 0.22854 -0.0269799 1.83438 
1.00808 0.225751 -0.0375955 1.83318 
1.0073 0.230608 -0.0290222 1.83088 
1.00539 0.228452 -0.0355562 1.82768 
1.00966 0.223929 -0.0190083 1.83494 
1.0094 0.222687 -0.0287189 1.83368 
1.01209 0.217324 -0.0264076 1.8393 
1.01353 0.19748 -0.00328646 1.84072 
1.01531 0.185174 0.00627759 1.84289 
1.01655 0.183271 -0.000184156 1.84443 
1.01719 0.176288 0.00660343 1.84545 
1.01663 0.178637 0.00433418 1.84476 
1.01765 0.174895 0.0039058 1.84635 
1.0168 0.177304 0.00304476 1.84466 
1.01871 0.168679 -0.0024502 1.8475 
1.01767 0.174754 -0.00105486 1.84613 
1.01845 0.176152 -0.00448563 1.84794 
1.01389 0.197168 0.00035504 1.84056 
1.0146 0.193147 0.00311054 1.84176 
1.01441 0.196008 0.00456665 1.84139 
1.01476 0.180889 0.00874869 1.84142 
1.01448 0.180896 0.00800797 1.84087 
1.01437 0.179634 0.00783249 1.84044 
1.01415 0.178312 0.00610086 1.83989 
1.01416 0.176867 0.00544148 1.83986 
1.01469 0.186345 0.0108635 1.84146 
1.01431 0.184611 0.00958022 1.84064 
1.01473 0.18128 0.00936437 1.84125 
1.01426 0.183175 0.00900089 1.84043 
1.0144 0.179308 0.00685025 1.84058 
1.01428 0.189269 0.0100345 1.8408 
1.01456 0.19147 0.0102838 1.84165 
1.01431 0.19103 0.00963114 1.84095 
1.01442 0.189589 0.0104093 1.84122 
1.01415 0.188282 0.0108694 1.84053 
1.01434 0.190076 0.0107032 1.84107 
1.01434 0.189146 0.0108036 1.84103 
1.01435 0.188627 0.0107874 1.84101 
1.01425 0.187735 0.0108484 1.84073 
1.01416 0.187532 0.0108332 1.84053 
1.01418 0.186629 0.0109314 1.84049 
1.01404 0.186137 0.0106648 1.84017 
1.01414 0.186762 0.0107591 1.84046 
1.01402 0.186025 0.0107714 1.84012 
1.01402 0.185896 0.010618 1.84011 
1.01433 0.189545 0.0110402 1.84102 
1.01457 0.189549 0.0110775 1.84157 
1.01421 0.188187 0.0108705 1.84072 
1.01423 0.182097 0.00821682 1.84036 
1.01426 0.184395 0.00923614 1.84053 
1.01428 0.182311 0.00812747 1.8405 
1.01493 0.190159 0.0131827 1.84215 
1.01477 0.191077 0.0156705 1.84192 
1.01495 0.19229 0.0137478 1.84242 
1.01437 0.193048 0.0124507 1.84125 
1.01448 0.194168 0.0108261 1.84157 
1.01447 0.19388 0.0112974 1.84154 
1.0144 0.195729 0.0113513 1.8415 
1.01428 0.194635 0.0118721 1.84114 
1.01387 0.199242 0.0107801 1.84041 
1.01403 0.199044 0.00860112 1.84071 
1.01447 0.19272 0.0102702 1.84148 
1.01431 0.191232 0.0108379 1.84107 
1.01451 0.190878 0.0113465 1.84143 
1.0144 0.188461 0.0110713 1.84104 
1.01475 0.188971 0.0117638 1.84171 
1.01476 0.190441 0.0115791 1.84196 
1.01449 0.190986 0.0110495 1.84151 
1.01438 0.190206 0.0107719 1.84121 
1.01424 0.189197 0.0108726 1.84084 
1.01438 0.189269 0.0110145 1.84111 
1.01443 0.188346 0.0110701 1.84114 
1.01434 0.188089 0.0107876 1.84096 
1.01425 0.186703 0.0102869 1.84062 
1.01435 0.187477 0.0108231 1.84094 
1.01456 0.186213 0.0104156 1.84131 
1.01424 0.185462 0.00950212 1.84054 
1.01388 0.183241 0.00798791 1.83964 
1.01414 0.182009 0.00763506 1.84014 
1.01412 0.183433 0.00849934 1.84022 
1.01392 0.182402 0.00749788 1.83967 
1.01409 0.185153 0.00972308 1.84028 
1.01399 0.184135 0.00896839 1.83995 
1.014 0.183021 0.00799356 1.83992 
1.01391 0.184772 0.00950241 1.83974 
1.01412 0.186452 0.0108611 1.84038 
1.014 0.18549 0.0101522 1.84002 
1.01413 0.186851 0.0107967 1.84041 
1.01405 0.186035 0.0105372 1.84021 
1.0141 0.186801 0.0106987 1.84038 
1.01403 0.186024 0.0104136 1.84019 
1.01429 0.188394 0.0108438 1.84094 
1.01424 0.187872 0.0108636 1.84078 
1.01409 0.186926 0.0107306 1.84038 
1.01421 0.187397 0.0105947 1.84068 
1.01441 0.189142 0.0109773 1.84125 
1.01396 0.185466 0.0102259 1.83992 
1.01398 0.185627 0.0103888 1.83998 
1.0142 0.186347 0.0109469 1.84051 
1.01429 0.18684 0.0107601 1.84074 
1.01416 0.185823 0.0110799 1.84041 
1.01405 0.185971 0.0108514 1.84015 
1.01416 0.185895 0.0110777 1.84041 
1.00996 0.199486 -0.0687563 1.83592 
1.01335 0.18838 -0.0739981 1.84405 
1.01269 0.192522 -0.0717708 1.84101 
1.01405 0.184008 -0.0730273 1.84361 
1.0144 0.180294 -0.0672746 1.8436 
1.01433 0.18804 0.0104887 1.84085 
1.01424 0.185461 0.0112325 1.84053 
1.0142 0.185585 0.0112236 1.8405 
1.01412 0.185985 0.0109891 1.8403 
1.0143 0.186203 0.010846 1.84072 
1.01424 0.187346 0.0106647 1.84063 
1.0145 0.188286 0.0100977 1.84128 
1.01516 0.181466 -0.0638257 1.8452 
1.01439 0.184825 0.0115012 1.84078 
1.01431 0.185124 0.0114255 1.84065 
1.01446 0.18655 0.0106243 1.84105 
1.01434 0.185791 0.0110235 1.84077 
1.01419 0.186421 0.0109107 1.84047 
1.01427 0.186669 0.0107397 1.84067 
1.0142 0.186116 0.0109437 1.84049 
1.0155 0.172522 -0.0667864 1.84528 
1.01531 0.171615 -0.0635261 1.84453 
1.01624 0.177373 -0.0618431 1.84718 
1.0149 0.188367 0.00802166 1.84222 
1.015 0.185987 0.00795028 1.84214 
1.01524 0.18483 0.00737075 1.84263 
1.01502 0.183534 0.00972905 1.84186 
1.01456 0.18557 0.0109111 1.8411 
1.01499 0.185805 0.00931755 1.84208 
1.01468 0.184372 0.0108563 1.84131 
1.01477 0.185333 0.0100977 1.84154 
1.01491 0.183672 0.0107085 1.84167 
1.01498 0.185081 0.00991364 1.84198 
1.01489 0.185325 0.00871902 1.84175 
1.01515 0.183957 0.00903784 1.84221 
1.01536 0.182319 0.00878311 1.84252 
1.01554 0.181902 0.0102951 1.84302 
1.0148 0.183826 0.0109344 1.84163 
1.01502 0.182468 0.0108549 1.84175 
1.01464 0.188233 0.00958543 1.84157 
1.01469 0.185688 0.0107165 1.84139 
1.01445 0.185981 0.0108474 1.84099 
1.01464 0.186837 0.0102655 1.84145 
1.01455 0.187627 0.0100693 1.8413 
1.01506 0.184175 0.0101539 1.84204 
1.01465 0.186121 0.00983429 1.84131 
1.01481 0.186594 0.00926769 1.84177 
1.01437 0.185656 0.0110392 1.8408 
1.01476 0.186374 0.0102659 1.84163 
1.01463 0.187705 0.0089892 1.84149 
1.01463 0.184241 0.0112157 1.8411 
1.0144 0.185152 0.0112469 1.84079 
1.01452 0.184468 0.0116857 1.84105 
1.01439 0.184945 0.0115665 1.84079 
1.01747 0.165065 -0.0523808 1.84794 
1.01589 0.167589 -0.0630369 1.84513 
1.01655 0.160262 -0.0601035 1.84561 
1.01993 0.141835 -0.0500022 1.85201 
1.02097 0.154879 -0.0182044 1.85204 
1.01988 0.150686 -0.0453171 1.85177 
1.01998 0.153625 -0.0399012 1.85171 
1.01778 0.159742 -0.0457193 1.84761 
1.01592 0.179128 -0.0589846 1.84578 
1.01211 0.200476 -0.0412603 1.83842 
1.01368 0.189034 -0.0681709 1.84258 
1.01702 0.165868 -0.0598143 1.84723 
1.01758 0.170587 -0.056819 1.84872 
1.01678 0.169525 -0.0530057 1.84637 
1.01794 0.182058 -0.045948 1.8489 
1.01649 0.178348 -0.0530459 1.84618 
1.01679 0.176788 -0.0461744 1.84604 
1.0188 0.173004 -0.0395127 1.85016 
1.01501 0.182902 -0.050612 1.84265 
1.01561 0.193178 -0.0191376 1.84369 
1.0144 0.191826 -0.0107363 1.84205 
1.01496 0.198434 -0.0153776 1.84341 
1.01898 0.162458 -0.0170701 1.84775 
1.01919 0.162096 -0.0293877 1.84949 
1.02072 0.156332 -0.0306168 1.85269 
1.02394 0.133381 -0.0127075 1.85788 
1.01284 0.204839 -0.0309221 1.84034 
1.01406 0.199351 -0.0355014 1.84189 
1.01231 0.213393 -0.0365547 1.84047 
1.01101 0.204067 -0.0436039 1.83641 
1.01434 0.193944 -0.0445792 1.84268 
1.01452 0.175434 -0.0684971 1.84339 
1.01472 0.184743 -0.0567099 1.8431 
1.01623 0.176559 -0.0566186 1.8458 
1.01466 0.186444 -0.0520846 1.84274 
1.01343 0.183754 -0.0696121 1.84171 
1.01436 0.18606 -0.0622715 1.84325 
1.01374 0.189797 -0.0644205 1.84243 
1.0148 0.183792 0.0115275 1.84145 
1.01455 0.18429 0.0116326 1.84105 
1.0146 0.184528 0.0113241 1.84116 
1.01905 0.153958 -0.0520111 1.8512 
1.01701 0.182048 -0.00702593 1.8447 
1.01743 0.158348 -0.0573396 1.84771 
1.01731 0.153082 -0.0581865 1.84701 
1.01808 0.159282 -0.054074 1.8494 
1.01913 0.154052 -0.048395 1.85088 
1.01753 0.166372 -0.0476998 1.84769 
1.01467 0.183902 0.0118217 1.8412 
1.01836 0.14473 -0.0548855 1.84867 
1.01487 0.183068 0.0116585 1.84182 
1.01875 0.134077 -0.0504864 1.84876 
1.01585 0.185031 0.00356348 1.8438 
1.01453 0.187252 0.00621327 1.8412 
1.0151 0.187398 0.0032824 1.84241 
1.01552 0.179976 0.00956366 1.84271 
1.01597 0.1825 0.00806382 1.84401 
1.01587 0.179905 0.00891264 1.84348 
1.0162 0.176172 0.0104847 1.84387 
1.01567 0.179965 0.0113739 1.84297 
1.01535 0.18112 0.0114301 1.84243 
1.01561 0.180526 0.0117226 1.84295 
1.01536 0.181516 0.0116775 1.84251 
1.01954 0.117411 -0.046895 1.84963 
1.01562 0.180205 0.0106663 1.84288 
1.02684 0.0928788 -0.0388467 1.86601 
1.02427 0.117933 -0.0298227 1.85982 
1.02124 0.144438 -0.02678 1.853 
1.022 0.152875 -0.0247907 1.85517 
1.02063 0.152234 -0.034783 1.85247 
1.02222 0.140388 -0.0392691 1.85689 
1.02098 0.128707 -0.0449792 1.85389 
1.02235 0.132491 -0.0390868 1.85676 
1.02059 0.144773 -0.0452817 1.85337 
1.01548 0.180894 0.0104722 1.84274 
1.01614 0.177675 0.0116584 1.84389 
1.02698 0.119844 -0.00306545 1.86434 
1.02167 0.135084 -0.0243508 1.85348 
1.029 0.111222 -0.0137575 1.8708 
1.0233 0.109899 -0.040861 1.85809 
1.0231 0.089862 -0.0191923 1.8559 
1.01624 0.175688 0.00976999 1.84401 
1.01766 0.171687 0.0105557 1.84637 
1.01706 0.17304 0.0120718 1.84532 
1.01624 0.176983 0.0114114 1.84402 
1.01442 0.191217 0.00489068 1.84123 
1.01531 0.181354 0.0100426 1.84242 
1.01541 0.181134 0.00947746 1.84262 
1.01599 0.17857 0.00909303 1.8436 
1.01585 0.178803 0.010374 1.84329 
1.01592 0.179267 0.0116641 1.8435 
1.01566 0.179657 0.0101286 1.84297 
1.01588 0.17854 0.011249 1.84336 
1.01513 0.182339 0.011712 1.84208 
1.01519 0.18245 0.0101716 1.84217 
1.01524 0.181315 0.0108384 1.84223 
1.01707 0.172522 0.00901845 1.84498 
1.01787 0.170542 0.0112876 1.84634 
1.01672 0.174632 0.0102087 1.84495 
1.01681 0.173919 0.00996923 1.84478 
1.01692 0.173496 0.01146 1.84513 
1.01603 0.177962 0.00829924 1.8438 
1.0173 0.174171 0.00889884 1.84566 
1.01711 0.173118 0.0107075 1.84544 
1.0167 0.174817 0.011766 1.84488 
1.01631 0.177223 0.0104275 1.84419 
1.01642 0.175615 0.011378 1.8443 
1.01636 0.176179 0.0118107 1.84423 
1.01996 0.0840417 0.0252819 1.84848 
1.02013 0.146139 0.0032081 1.84861 
1.02299 0.141188 0.0156768 1.85499 
1.0198 0.158902 0.0104843 1.84879 
1.02303 0.128012 -0.0323281 1.85716 
1.02401 0.0746234 -0.0112428 1.85793 
1.01315 0.0646447 0.060007 1.8448 
1.02048 0.16378 0.0422401 1.84884 
1.01677 0.174282 0.0112931 1.84499 
1.01853 0.185821 0.0217157 1.84671 
1.02009 0.167954 0.023412 1.8499 
1.01741 0.175297 0.0160563 1.8444 
1.01702 0.172748 0.0152819 1.84382 
1.02107 0.151732 -0.0120373 1.85191 
1.02352 0.14315 -0.00847562 1.85721 
1.02184 0.126814 0.0159978 1.85067 
1.01984 0.151385 0.025012 1.8478 
1.0203 0.164394 5.54659e-05 1.85099 
1.02097 0.154709 0.0045601 1.85145 
1.01748 0.169674 0.0077689 1.8454 
1.01921 0.163504 0.00830181 1.84851 
1.01844 0.166546 0.0108661 1.84708 
1.00194 0.131954 0.102602 1.83146 
0.969835 0.186394 0.125397 1.76467 
1.01938 0.145811 0.0548656 1.84543 
1.01832 0.16701 0.0145628 1.84677 
1.02514 0.119871 0.0354455 1.8573 
1.01789 0.159984 0.030345 1.84306 
1.0194 0.158531 0.017899 1.84777 
1.01749 0.171846 0.0131564 1.84553 
1.01743 0.177074 0.0209333 1.84385 
1.01147 0.185074 0.0387308 1.83125 
0.956851 0.26837 0.0744105 1.74231 
0.973124 0.249547 0.0997709 1.77757 
0.997041 0.241632 0.0599029 1.81915 
0.986141 0.226988 0.014099 1.79188 
0.995791 0.207455 0.00427768 1.8101 
1.00451 0.199202 0.0487409 1.82727 
1.01299 0.156349 0.0810652 1.84641 
0.99137 0.240586 0.0780249 1.81181 
0.961053 0.287178 -0.00177981 1.75132 
0.980324 0.246816 0.0428662 1.7826 
0.945008 0.272143 -0.0544759 1.71472 
0.94296 0.284991 -0.00542922 1.71253 
0.945863 0.282682 -0.0308686 1.71848 
0.971616 0.266997 0.0296023 1.77074 
0.965772 0.28331 0.0251148 1.76403 
0.966646 0.285357 -0.0326059 1.75989 
0.981084 0.254036 -0.0244174 1.78097 
0.981632 0.253901 -0.0178883 1.78303 
0.980448 0.264709 -0.0251247 1.78135 
0.960733 0.284191 0.0351179 1.75425 
0.980163 0.24495 -0.00517663 1.77888 
0.983186 0.247397 -0.0158468 1.78627 
0.984117 0.207574 -0.0304178 1.78132 
0.983713 0.235237 -0.0247793 1.78546 
0.981042 0.236767 -0.0320533 1.77881 
1.00071 0.197439 0.0766366 1.82482 
1.00509 0.215702 0.0365363 1.83286 
0.988584 0.232381 -0.00400112 1.7982 
0.983007 0.226154 -0.0224479 1.78299 
0.98446 0.218623 -0.0317294 1.78557 
1.0145 0.173237 0.00464966 1.84041 
1.01451 0.174761 0.00478191 1.84057 
1.01466 0.173731 0.00393999 1.84084 
1.01474 0.174737 0.00632092 1.84103 
1.01639 0.18009 0.0122113 1.84395 
1.0158 0.173294 0.00791045 1.84312 
1.01658 0.171478 0.00826468 1.84455 
1.01447 0.178625 0.00722793 1.84069 
1.01488 0.178206 0.00733159 1.84165 
0.999955 0.24764 0.0348109 1.81687 
0.966776 0.264707 0.0674747 1.74934 
0.973366 0.254306 0.0567414 1.76296 
0.970531 0.264506 0.0921202 1.76058 
0.968777 0.295951 0.119593 1.76719 
0.963361 0.284042 0.100782 1.7481 
0.964196 0.277932 0.0902522 1.74759 
0.965782 0.293683 0.116403 1.75963 
0.963704 0.29223 0.122743 1.75518 
0.95917 0.286207 0.106857 1.7409 
0.992392 0.249939 0.137833 1.80837 
0.999825 0.24807 0.034885 1.81663 
0.999901 0.247816 0.0350958 1.8168 
1.00099 0.244473 0.0361031 1.81869 
1.00015 0.246896 0.0371535 1.81706 
1.00019 0.24599 0.0363456 1.81696 
0.99991 0.248294 0.0357289 1.81688 
1.00036 0.246828 0.0343339 1.81765 
1.00016 0.24719 0.0354263 1.81732 
1.0001 0.24724 0.0350411 1.81717 
0.999103 0.249671 0.0345867 1.81518 
0.999913 0.24766 0.0349257 1.81678 
1.00017 0.247328 0.0346132 1.81733 
1.00011 0.247438 0.0349029 1.81721 
1.00006 0.247476 0.0347907 1.81708 
0.98789 0.27464 0.0963725 1.79938 
0.980686 0.28815 0.0990823 1.78912 
0.991377 0.264521 0.0889295 1.80599 
0.983359 0.28051 0.113514 1.79298 
0.989034 0.268059 0.104838 1.80106 
0.98889 0.26381 0.109261 1.80104 
0.978737 0.292856 0.115037 1.78589 
0.990857 0.269643 0.0567868 1.80256 
0.995847 0.263253 0.0686605 1.81099 
0.986072 0.282331 0.0688939 1.79469 
0.985655 0.289951 0.0637972 1.79534 
0.987887 0.28152 0.0516311 1.79877 
0.984302 0.289016 0.053502 1.79184 
0.982869 0.297465 0.0681116 1.79002 
0.964545 0.338083 0.0419718 1.76184 
0.966245 0.33132 0.0278462 1.76181 
0.972182 0.325459 0.0487093 1.77578 
0.967901 0.330296 0.0325405 1.76635 
0.971231 0.323534 0.0338384 1.77162 
0.977529 0.310671 0.0506049 1.78034 
0.96742 0.332116 0.0584828 1.76625 
0.968583 0.331427 0.0497732 1.76901 
0.977793 0.314774 0.0747658 1.78565 
0.969087 0.329033 0.0755403 1.76966 
0.977015 0.313047 0.0659966 1.78287 
0.996808 0.261483 0.028239 1.811 
0.980255 0.286274 0.116442 1.78723 
0.985331 0.294062 0.0767811 1.7961 
0.988261 0.284084 0.0783357 1.80025 
1.00673 0.225348 0.0210016 1.82864 
1.00956 0.216835 0.0270283 1.83353 
1.00652 0.223161 0.0298842 1.82801 
1.00216 0.245042 0.0304345 1.82148 
1.00269 0.239891 0.0348349 1.82137 
1.00383 0.234293 0.0355533 1.82285 
1.00278 0.238775 0.0413092 1.8223 
1.00128 0.24051 0.0454204 1.8188 
1.00111 0.242971 0.0404016 1.81866 
1.00079 0.244035 0.0385545 1.81811 
1.00024 0.24664 0.0383132 1.81721 
0.999833 0.248478 0.0364448 1.81668 
0.999191 0.24992 0.0361321 1.81543 
0.999937 0.24776 0.0354801 1.81692 
0.998916 0.250751 0.0367856 1.81499 
1.00021 0.247467 0.0345222 1.81746 
1.00028 0.247574 0.034392 1.81766 
1.00049 0.246243 0.0345695 1.81786 
1.00117 0.244337 0.0341223 1.81912 
1.00024 0.247102 0.034698 1.81747 
0.999694 0.249405 0.0387223 1.81642 
1.00093 0.24318 0.0370534 1.8184 
1.00313 0.240043 0.0286599 1.82276 
1.00371 0.237236 0.0333895 1.82311 
1.00272 0.240771 0.0316716 1.82165 
0.983976 0.264833 0.136771 1.79358 
0.982777 0.266348 0.155067 1.79219 
0.981283 0.285288 0.1242 1.79017 
0.981365 0.284568 0.137816 1.79111 
0.978189 0.293018 0.13125 1.78456 
0.983499 0.271772 0.128448 1.79367 
0.977005 0.295972 0.11881 1.78292 
0.979252 0.297308 0.10975 1.78798 
0.983091 0.280398 0.105572 1.79212 
1.00658 0.230928 0.019471 1.82887 
1.00784 0.225687 0.0111984 1.83075 
1.00826 0.219863 0.0135681 1.83152 
1.01259 0.197435 0.0224885 1.83749 
1.01251 0.202239 0.0178483 1.83779 
1.0109 0.212137 0.0203597 1.83645 
1.01102 0.209703 0.00389153 1.83642 
1.01086 0.211053 0.0159102 1.83607 
1.01017 0.215207 0.0112387 1.83543 
1.0134 0.20346 0.0103461 1.8396 
1.01081 0.206432 0.00590871 1.83551 
1.01123 0.208888 -0.000962345 1.83668 
1.01314 0.204755 -0.0024283 1.84073 
1.01449 0.193921 0.00733961 1.84149 
1.01404 0.201797 0.00754812 1.84088 
1.0147 0.198872 0.0028265 1.84225 
1.00918 0.216501 0.041818 1.83221 
1.0034 0.231695 0.0759803 1.82409 
1.00734 0.222163 0.0665323 1.82986 
1.00486 0.23068 0.0566673 1.82655 
1.00792 0.22184 0.0568368 1.82951 
1.00662 0.22162 0.0849832 1.82851 
1.01097 0.204041 0.0713132 1.8349 
1.01198 0.199002 0.0665756 1.83682 
1.01328 0.196348 0.0558922 1.83877 
1.01194 0.182914 0.0616911 1.83635 
1.0134 0.191782 0.0634844 1.83922 
1.01392 0.18194 0.0623525 1.84032 
1.01546 0.168802 0.0752619 1.84367 
0.996887 0.242155 0.0813715 1.81348 
1.01244 0.197027 0.0613284 1.83778 
1.01054 0.203227 0.0677685 1.83367 
1.01063 0.206766 0.0651183 1.83411 
1.00815 0.216123 0.0734998 1.83013 
1.00987 0.208683 0.0787994 1.8329 
1.00793 0.214879 0.0794642 1.82938 
1.00993 0.20408 0.0829049 1.83305 
1.01244 0.195996 0.0744929 1.83648 
1.00684 0.198838 0.121738 1.82865 
1.00643 0.205688 0.112444 1.82834 
1.0118 0.19368 0.0993605 1.83729 
1.01198 0.186937 0.0866566 1.83612 
1.01146 0.185729 0.117575 1.83703 
1.01395 0.171746 0.0973986 1.84056 
1.02062 0.132017 0.0838969 1.85679 
1.0113 0.175484 0.0864475 1.8341 
1.01339 0.195024 0.0787953 1.83862 
1.01171 0.198789 0.0792621 1.83545 
1.01145 0.199806 0.0740629 1.83488 
1.01305 0.191481 0.0613139 1.83822 
1.01375 0.188719 0.0615507 1.83997 
1.0133 0.186538 0.0604207 1.83885 
1.0126 0.180158 0.0667103 1.83728 
1.01283 0.186701 0.0621637 1.83772 
1.01364 0.189461 0.0630956 1.83941 
1.01236 0.193365 0.0706791 1.8363 
1.01206 0.189334 0.0802003 1.83539 
1.0119 0.194402 0.0670748 1.83592 
1.00601 0.0648664 0.102888 1.82749 
1.01658 0.151539 0.0690851 1.84561 
1.02127 0.158618 0.0478559 1.85933 
1.0052 0.220112 0.0916663 1.82585 
1.0118 0.204181 0.0462336 1.83647 
1.01105 0.201625 0.0579176 1.83507 
1.01065 0.207717 0.0498488 1.83461 
1.00863 0.213384 0.0665024 1.83048 
1.00949 0.216006 0.053219 1.83258 
1.00974 0.21498 0.0579755 1.83313 
1.00724 0.220035 0.0526195 1.82756 
0.986547 0.25725 0.135169 1.79639 
0.986713 0.255992 0.157065 1.79708 
0.984573 0.270514 0.146537 1.79658 
0.979412 0.292724 0.124839 1.78703 
0.988018 0.248916 0.166486 1.80009 
0.972155 0.222618 0.202316 1.77515 
0.962493 0.264833 0.178005 1.75742 
0.976443 0.266644 0.172849 1.78164 
0.95844 0.287853 0.118796 1.74325 
0.970911 0.292009 0.139477 1.7716 
0.963331 0.28823 0.148465 1.75733 
0.988006 0.171737 0.203305 1.80222 
0.958213 0.239982 0.194875 1.74604 
0.990518 0.206591 0.182737 1.8065 
0.99452 0.231751 0.161761 1.81258 
0.971191 0.272321 0.172321 1.77406 
0.953363 0.285273 0.130962 1.73459 
0.96605 0.292351 0.136606 1.76236 
0.956171 0.283321 0.146612 1.74227 
1.00075 0.23106 0.117341 1.82266 
1.00087 0.218456 0.132079 1.8223 
0.996145 0.236233 0.126747 1.81356 
1.00018 0.247677 0.0345639 1.81741 
1.00008 0.247696 0.0346015 1.81723 
1.00004 0.247571 0.0331453 1.81719 
1.00284 0.232141 0.0535184 1.82194 
1.00118 0.23839 0.0536776 1.81842 
1.00265 0.235225 0.0482018 1.82154 
1.007 0.225458 0.0498325 1.82825 
1.00045 0.241916 0.0553982 1.81797 
1.00951 0.212325 0.049007 1.83242 
1.01117 0.206239 0.0619469 1.83544 
1.00028 0.247518 0.0341374 1.81763 
1.00094 0.245667 0.0337042 1.8188 
1.00029 0.24652 0.035586 1.81738 
1.00197 0.129939 0.197405 1.8274 
0.999947 0.231993 0.109579 1.81949 
0.993511 0.244182 0.128247 1.8095 
0.992696 0.248305 0.120855 1.80814 
1.0126 0.118715 0.159391 1.84318 
1.01076 0.154479 0.124876 1.83247 
1.0197 0.099036 0.078035 1.86278 
1.00595 0.0724707 0.134198 1.827 
0.996141 0.212828 0.164908 1.81482 
1.00747 0.202629 0.0883282 1.82771 
